MergeSort QuickSort TimSort BlockMergeSort OESM Cook_Kim Both DirtyClean2 
4932 4932 4932 4932 4932 4932 4932 4932 4932 4932 4932 
10560 11448 10966 11180 11006 10411 10500 11117 10508 10747 11502 
17844 17844 17844 17844 17844 17844 17844 17844 17844 17844 17844 
10404 10404 10404 10404 10404 10404 10404 10404 10404 10404 10404 
7187 7187 7187 7187 7187 7187 7187 7187 7187 7187 7187 
13156 13156 13156 13156 13156 13156 13156 13156 13156 13156 13156 
17954 17954 17954 17954 17954 17954 17954 17954 17954 17954 17954 
1924 1939 1930 1954 1958 1947 1940 1938 1939 1950 1957 

