MergeSort QuickSort TimSort BlockMergeSort OESM Cook_Kim Both DirtyClean2 LIS 
148016 148016 148016 163961 154916 167020 196499 201195 202436 216409 222968 237166 244504 252046 257375 260850 
346069 331816 364397 335841 372758 340169 341139 340816 329984 342815 323973 333055 338235 322679 346929 340655 
122799 122799 122799 138770 129711 144571 165874 172651 179388 190807 198555 217546 234159 265466 308729 360224 
129040 129040 129040 145000 135945 151057 170811 181495 185603 197583 204168 220472 228633 242957 258023 273664 
19999 19999 19999 88748 103457 122482 165410 175934 191373 209975 224983 243272 255915 263709 268348 271622 
19999 19999 19999 55240 53637 48558 60350 60799 61435 66001 71879 93562 121859 203126 349301 441284 
19999 19999 19999 70767 47176 90442 225003 245334 269506 348816 404332 468205 520144 581068 617355 650842 
39975 39981 39979 40128 40120 40242 41116 41760 42816 47975 54313 77922 111794 191968 358343 526032 
19999 19999 19999 51971 33875 42537 41787 42642 43227 48379 55886 79002 114779 194301 321010 468881 

