MergeSort QuickSort TimSort BlockMergeSort OESM Cook_Kim Both DirtyClean2 LIS 
69008 69050 69085 69129 69322 69582 70162 71113 72652 75228 78280 81254 83789 86770 89423 
152297 153088 149888 151189 156792 156381 149263 166620 153166 153929 158486 167668 154854 159133 154734 
56406 56491 56558 56630 56998 57555 58603 60506 63981 70319 79393 90606 101904 113515 122923 
59520 59590 59647 59707 59987 60449 61334 62817 65502 70174 75889 81592 86136 90455 94127 
9998 56095 61035 64503 71291 71722 71300 72330 72942 76646 83113 86196 88294 92928 96403 
9998 23783 26726 25961 26968 27420 31457 37825 53151 80165 114710 160680 182344 190622 186280 
9998 19393 19794 19579 20291 20651 21351 22725 25123 30406 38064 47140 56867 67816 79708 
19979 20152 20290 20429 21009 22464 24239 27708 34850 46207 62839 78388 90834 101254 110625 
9998 10164 10297 10443 11124 12200 14210 17619 23653 33806 46189 59075 70134 80137 89324 

