MergeSort QuickSort TimSort BlockMergeSort OESM Cook_Kim Both DirtyClean2 LIS 
69008 69650 71089 70037 73524 76014 81266 87634 93488 96470 100228 105496 110488 116183 119611 119696 
157281 165765 156978 151895 152168 154444 155580 159523 153255 154597 160187 156065 154215 157129 158790 155029 
56404 57054 58509 57420 61341 64015 69075 76446 81909 86641 92746 103451 118827 142849 164914 165959 
59520 60161 61608 60564 64092 66779 72791 78257 83519 87655 91533 98586 106192 116173 124681 125048 
9996 19703 40832 52312 54780 62892 76983 88977 96908 103085 107525 115338 121307 124677 125620 125598 
9996 15173 23655 28962 27731 28220 28430 31375 36617 51756 54849 99322 128796 206451 211106 217677 
9996 12674 21213 18837 25153 35631 54478 90287 119213 146150 184877 200300 235554 270073 276342 279616 
19980 19995 20028 20070 20184 20399 20720 21766 23335 26795 33762 47446 75760 138635 218636 220367 
9996 11199 14041 11721 15721 18751 19917 22154 23666 29259 35064 52478 78768 144880 197666 202171 

