MergeSort QuickSort TimSort BlockMergeSort OESM Cook_Kim Both DirtyClean2 LIS 
69008 69275 73836 76388 78510 82547 88865 91655 97788 101782 107399 112205 116123 119098 120357 
156681 158191 159612 154433 156300 155158 152567 158728 151165 153095 157501 153205 156056 151904 157636 
56404 56677 61249 63153 66095 69438 75810 79490 84891 90347 97710 107383 122742 144489 169718 
59520 59787 64356 67038 69133 72307 79390 82561 88713 92620 98901 104835 111569 119253 126809 
9996 19048 36168 54880 56830 67014 79899 86422 96165 104155 111215 117717 122209 124891 125911 
9996 15922 20243 29434 27756 28887 29935 30349 32393 36065 43209 58057 93452 158262 220999 
9996 11233 26554 39772 53777 62806 95612 117510 147672 180586 203927 229996 257555 282004 295499 
19978 19996 20029 20127 20243 20317 20964 21715 23563 27499 34675 50151 87918 166168 245179 
9996 10538 19693 18741 19938 19884 20852 21916 23728 28167 36359 53419 88312 147216 215029 

