MergeSort QuickSort TimSort BlockMergeSort OESM Cook_Kim Both DirtyClean2 LIS 
69008 69014 69016 76691 74981 85823 88929 94701 97578 101399 107617 112722 116202 118972 120518 
156269 150078 157346 148712 151828 145526 160265 154346 156173 150613 153629 160711 161349 161827 150898 
56406 56431 56426 65555 62173 72548 76311 80874 84124 89416 97852 108276 121980 144306 168771 
59520 59528 59531 67282 65554 76145 79007 85332 88355 92189 98644 105605 111275 119195 126435 
9998 27362 38766 46473 55966 72772 81622 85943 96463 102906 111190 118218 122333 124854 125977 
9998 18898 24291 23564 32886 29604 30089 30845 32638 35522 42698 62644 92532 157576 208273 
9998 14405 17900 27140 33242 66308 100640 113928 143646 169345 199999 234121 256134 279041 294478 
19981 20006 20023 20054 20193 20477 21158 21589 23718 26513 34429 53354 87372 174970 241656 
9998 10036 10049 20320 15423 20978 20424 21496 23977 27717 36191 57683 91964 153356 216725 

