MergeSort QuickSort TimSort BlockMergeSort OESM Cook_Kim Both DirtyClean2 LIS 
69005 69005 69005 69005 69005 69013 69043 69051 69689 70336 71930 73627 73515 74572 74667 64605 
158733 154313 152776 152667 151686 153804 154066 154550 154453 157371 156819 155042 156548 153197 154762 156279 
56405 56405 56405 56405 56405 56416 56453 56463 57475 58418 63090 74648 88394 121187 180734 194485 
59520 59520 59520 59520 59520 59528 59561 59574 60327 61048 63166 67688 71951 81398 97916 94320 
9995 9995 9995 9995 9995 19815 34422 44997 52591 70768 74365 75290 87495 89772 108108 100695 
9995 9995 9995 9995 9995 12643 25579 28037 24326 27348 34342 45431 68374 120800 137065 135260 
9995 9995 9995 9995 9995 13170 13432 16301 20344 21500 27033 42797 62864 128158 281849 247230 
19977 19975 19979 19980 19981 19981 20008 20086 20108 20413 21333 24382 32014 54101 140714 279975 
9995 9995 9995 9995 9995 10017 10062 10113 11013 11968 14584 18712 21487 24764 25594 19995 

