MergeSort QuickSort TimSort BlockMergeSort OESM Cook_Kim Both DirtyClean2 LIS 
1078 1102 1122 1134 1148 1165 1178 1194 1221 1231 1233 1262 1266 1283 1307 1309 1342 1349 1349 1359 1364 1365 1376 1381 1383 1375 1389 1379 1389 1397 1403 1410 1416 1427 1437 1435 1430 1429 1439 1442 1439 1443 1436 1435 1472 1469 1474 1488 1482 1483 1482 1485 1499 1523 1522 1518 1520 1515 1507 1517 1522 
2448 2004 2243 2226 2249 2258 2158 2267 2095 2051 2001 2565 2147 2383 2246 2077 2094 2105 2040 2200 2244 2043 2216 2301 2012 2510 2136 2087 1996 2218 2503 2009 2084 2377 2280 1996 1915 2224 1972 2115 2246 2584 2509 2209 2109 2135 2123 2438 2176 2266 2273 2339 2060 2388 2109 2049 2106 2264 2077 2084 2017 
894 933 964 1000 1044 1076 1116 1148 1189 1229 1284 1324 1349 1378 1415 1454 1507 1532 1538 1561 1608 1642 1680 1712 1704 1733 1748 1784 1803 1817 1861 1869 1898 1934 1979 1971 2013 2027 2026 2023 2036 2069 2060 2055 2091 2105 2121 2151 2114 2131 2126 2168 2116 2153 2179 2213 2215 2198 2222 2216 2241 
926 959 990 1018 1053 1084 1117 1144 1165 1182 1214 1242 1270 1277 1286 1332 1337 1356 1363 1374 1370 1378 1400 1401 1433 1461 1461 1474 1487 1494 1499 1521 1502 1499 1504 1527 1526 1507 1513 1533 1547 1558 1551 1573 1592 1584 1594 1580 1601 1608 1612 1599 1632 1668 1660 1642 1661 1671 1667 1675 1666 
262 1040 1076 1206 1302 1262 1305 1337 1362 1375 1354 1458 1451 1456 1476 1470 1474 1507 1495 1527 1520 1544 1496 1525 1544 1544 1541 1532 1567 1554 1548 1585 1551 1581 1600 1584 1564 1565 1555 1574 1594 1597 1576 1591 1594 1614 1609 1606 1629 1644 1640 1604 1629 1642 1649 1646 1640 1651 1643 1621 1627 
262 978 1214 1494 1762 1860 2004 2019 1996 2266 2187 2209 2129 2361 2351 2451 2322 2318 2470 2347 2534 2474 2343 2496 2377 2493 2554 2397 2644 2555 2569 2725 2565 2730 2596 2587 2728 2914 2884 2866 2856 2897 2857 2697 2569 2727 2737 2759 2739 2895 2864 2864 2873 2790 2736 2907 2777 2789 2907 2909 3046 
262 548 576 604 635 663 684 702 748 771 816 838 877 882 897 940 970 994 995 1014 1040 1060 1074 1077 1110 1129 1167 1181 1197 1219 1247 1250 1258 1263 1298 1301 1310 1334 1340 1357 1355 1353 1357 1377 1394 1404 1399 1410 1416 1420 1423 1448 1456 1478 1476 1487 1504 1508 1514 1530 1538 
511 661 762 870 960 1047 1190 1251 1252 1339 1356 1426 1507 1496 1599 1646 1656 1627 1689 1678 1771 1852 1772 1750 1810 1951 1886 1838 1898 1930 1949 1933 1979 1979 2085 1943 2072 2092 2184 2188 2201 2092 2144 2208 2147 2213 2343 2102 2279 2275 2282 2220 2412 2250 2287 2355 2315 2236 2247 2312 2320 
262 374 468 551 619 692 734 780 810 886 942 986 1030 1063 1092 1117 1193 1197 1198 1287 1264 1286 1321 1374 1356 1340 1395 1401 1435 1458 1507 1528 1517 1534 1619 1600 1620 1626 1651 1665 1650 1674 1645 1664 1687 1696 1702 1742 1804 1831 1830 1831 1848 1808 1874 1880 1861 1874 1890 1933 1911 

