DirtyClean LIS naiveDirtyClean DirtyClean2 naiveDirtyClean2 Both MergeSort QuickSort HeapSort TimSort BlockMergeSort 
16367 16400 16418 16441 16538 21391 17244 18725 47141 26632 41177 71558 106875 137276 151983 
8190 11175 8459 10216 11594 15283 18406 18033 21202 22835 33871 42367 76731 133343 161368 
16359 16399 16385 16451 16609 18819 17643 20710 21296 34920 48322 80626 132867 156033 171077 
16366 16391 16384 16458 16534 16829 17244 18005 19712 22518 30613 44004 76735 152839 202162 
16366 16399 16392 16461 16573 16778 17199 17762 19524 22578 29295 43810 77630 156288 210779 
8190 15316 9528 16968 17974 36253 38885 81723 76676 119902 144070 168728 190157 212450 220550 
53248 54726 53376 54229 54870 61319 62275 66943 69746 73377 80752 81856 89117 93335 95368 
121547 123020 122536 121911 118098 130206 119292 121495 119087 119325 120154 123936 130966 129326 126618 
194316 194188 194324 194365 194152 193953 194435 193166 195216 184025 189031 183147 187052 186903 188081 
40704 42201 40838 41724 42521 48932 50111 55158 59151 64099 74318 80861 98982 119167 131127 
48128 49613 48258 49121 49771 56235 57227 61927 64908 68725 76547 78413 87348 94020 98133 

