Both LIS MergeSort QuickSort HeapSort TimSort BlockMergeSort AdaptiveMergeSort 
16380 24511 29827 42803 68042 104499 139033 191027 240407 286139 330713 379684 426875 469131 503029 521900 
16380 20374 20437 25757 37680 32312 33196 34856 36997 41473 51040 69778 110157 186549 305159 386888 
114685 116701 116689 122824 132301 136027 147395 152101 161349 170904 178747 186117 194482 201198 206693 208565 
267956 268475 265924 271181 280297 269992 265528 277311 263136 270768 265787 267854 267404 272256 274674 266071 
421565 421562 421567 421525 421419 421458 421188 421689 419962 414607 418315 412462 410281 409346 407967 408131 
89600 91622 91620 97774 107299 111097 122485 127527 137262 147792 157896 169604 187884 215399 255493 286495 
104445 106462 106450 112592 122081 125816 137202 141966 151299 161056 169280 177366 187352 197193 208325 214972 
16380 18485 18417 33875 43949 83575 110805 143613 182875 217666 245587 282636 318447 352329 384362 411807 

