DirtyClean Both LIS MergeSort QuickSort HeapSort TimSort BlockMergeSort AdaptiveMergeSort InsertionSort 
32750 32749 32746 32747 32744 32746 32776 32756 32826 33046 33610 39034 56921 92744 182328 413145 
16383 16383 16383 16383 16383 16383 16383 25273 31220 33236 35734 39321 62103 189454 295620 522418 
16383 16383 16383 16383 16383 16383 16383 16680 16921 18205 20393 23565 39873 84815 161184 387791 
114687 114687 114687 114687 114687 114687 114687 114866 115124 115799 117344 119104 126477 143640 161025 208601 
267795 262262 260361 277413 271405 277752 268540 269122 271600 288298 266339 263952 266330 276930 265630 273632 
421566 421566 421566 421566 421566 421566 421566 421563 421530 420878 418333 417005 408885 405891 410241 408154 
89598 89598 89598 89598 89598 89598 89598 89787 90099 90980 92882 96155 109032 139811 183712 287863 
104448 104448 104448 104448 104448 104448 104448 104629 104892 105609 107236 109281 117628 137028 159000 215781 
16383 16383 16383 16383 16383 16383 16383 16735 18398 23038 39556 46510 125054 222086 260093 412104 
16383 16383 16383 16383 16383 16383 16383 16675 17900 43091 120600 97146 1993317 8239126 18779692 67169437 

