DirtyClean Both LIS MergeSort QuickSort HeapSort TimSort BlockMergeSort AdaptiveMergeSort InsertionSort 
32745 32744 32746 32744 32748 32743 32746 32875 32803 32973 33998 40304 56771 104873 172435 414030 
16383 16383 16383 16383 16383 16383 18955 21190 33437 32571 34126 59407 65382 118455 269928 521727 
16383 16383 16383 16383 16383 16383 16406 16403 17440 16939 18981 31496 38593 74280 157090 388196 
114687 114687 114687 114687 114687 114687 114698 114694 115518 114942 116081 124003 124165 138179 159971 208689 
267795 262262 260361 277413 271405 277752 271513 265181 262522 260584 269755 261109 276898 271046 268617 272044 
421566 421566 421566 421566 421566 421566 421569 421571 421366 421548 421243 408800 416642 406410 404830 408241 
89598 89598 89598 89598 89598 89598 89610 89611 90519 89985 91757 102470 106885 134061 182861 287714 
104448 104448 104448 104448 104448 104448 104459 104457 105291 104733 105969 114371 115282 131574 157935 215975 
16383 16383 16383 16383 16383 16383 16394 16393 20496 17121 22570 113089 83777 175766 287629 411648 
16383 16383 16383 16383 16383 16383 16394 16395 20703 17299 29805 1232620 1441319 4021318 13773808 67115058 

