Both LIS MergeSort QuickSort HeapSort TimSort BlockMergeSort InsertionSort 
262 548 576 604 635 663 684 702 748 771 816 838 877 882 897 940 970 994 995 1014 1040 1060 1074 1077 1110 1129 1167 1181 1197 1219 1247 1250 1258 1263 1298 1301 1310 1334 1340 1357 1355 1353 1357 1377 1394 1404 1399 1410 1416 1420 1423 1448 1456 1478 1476 1487 1504 1508 1514 1530 1538 
262 374 468 551 619 692 734 780 810 886 942 986 1030 1063 1092 1117 1193 1197 1198 1287 1264 1286 1321 1374 1356 1340 1395 1401 1435 1458 1507 1528 1517 1534 1619 1600 1620 1626 1651 1665 1650 1674 1645 1664 1687 1696 1702 1742 1804 1831 1830 1831 1848 1808 1874 1880 1861 1874 1890 1933 1911 
1078 1102 1122 1134 1148 1165 1178 1194 1221 1231 1233 1262 1266 1283 1307 1309 1342 1349 1349 1359 1364 1365 1376 1381 1383 1375 1389 1379 1389 1397 1403 1410 1416 1427 1437 1435 1430 1429 1439 1442 1439 1443 1436 1435 1472 1469 1474 1488 1482 1483 1482 1485 1499 1523 1522 1518 1520 1515 1507 1517 1522 
2448 1996 2288 2272 2295 2151 2185 2198 2312 2316 2083 2037 2116 2368 2088 2322 2270 2222 2120 2269 2022 2340 2500 1960 2063 2138 2246 2112 2210 2194 2272 2066 2095 2102 2315 2545 2163 2104 1991 2176 1933 2530 2108 2169 2349 1992 1938 2140 2073 2140 1985 2177 2123 2270 2088 2007 1966 2525 2219 2128 2375 
3582 3573 3566 3569 3557 3574 3568 3553 3560 3547 3546 3545 3551 3534 3524 3513 3514 3518 3514 3497 3500 3498 3511 3504 3483 3491 3499 3504 3485 3490 3484 3482 3500 3484 3481 3479 3487 3483 3485 3479 3482 3479 3485 3464 3470 3478 3472 3479 3478 3487 3473 3481 3479 3474 3478 3477 3467 3474 3478 3476 3469 
894 933 964 1000 1044 1076 1116 1148 1189 1229 1284 1324 1349 1378 1415 1454 1507 1532 1538 1561 1608 1642 1680 1712 1704 1733 1748 1784 1803 1817 1861 1869 1898 1934 1979 1971 2013 2027 2026 2023 2036 2069 2060 2055 2091 2105 2121 2151 2114 2131 2126 2168 2116 2153 2179 2213 2215 2198 2222 2216 2241 
926 959 990 1018 1053 1084 1117 1144 1165 1182 1214 1242 1270 1277 1286 1332 1337 1356 1363 1374 1370 1378 1400 1401 1433 1461 1461 1474 1487 1494 1499 1521 1502 1499 1504 1527 1526 1507 1513 1533 1547 1558 1551 1573 1592 1584 1594 1580 1601 1608 1612 1599 1632 1668 1660 1642 1661 1671 1667 1675 1666 
262 307 355 400 463 521 571 625 679 729 785 842 877 899 935 981 1036 1071 1090 1118 1162 1179 1195 1213 1240 1262 1289 1307 1325 1352 1370 1385 1395 1410 1428 1435 1447 1471 1495 1514 1530 1534 1551 1573 1579 1598 1601 1622 1630 1636 1648 1669 1689 1711 1717 1732 1743 1746 1752 1762 1774 

