Both LIS MergeSort QuickSort HeapSort TimSort BlockMergeSort InsertionSort 
16383 28184 31953 32869 32942 33474 34222 35418 38608 43850 54059 67674 83282 99593 118340 139109 
16383 16504 16662 16949 17284 18879 21152 24294 32492 44506 62721 84222 104002 121591 137400 153781 
114688 114724 114763 114867 114962 115406 116036 116947 119418 122876 128051 133614 138825 143481 148699 153722 
287380 283284 283638 258212 269159 270910 264192 275159 285971 266735 308970 267865 284286 280668 293247 267680 
421566 421573 421562 421560 421571 421561 421501 421479 421461 421261 420765 419926 418471 416379 414099 412329 
89600 89656 89752 89898 90079 90842 92109 93742 98356 105395 117237 133477 152067 170945 188882 204234 
104448 104491 104556 104690 104806 105409 106303 107493 110944 115961 123531 131765 140013 145952 152647 158293 
16383 16444 16531 16671 16848 17705 18958 20789 26146 34770 50330 71199 91912 109815 127303 144983 

