Both LIS MergeSort QuickSort HeapSort TimSort BlockMergeSort InsertionSort 
16380 16893 30133 39543 65780 92528 146879 188464 249162 293673 334302 382753 426910 470017 503143 
16380 16499 23558 26993 31993 31547 33979 34086 37017 41049 50226 69233 106480 179104 292865 
114680 114738 118254 120995 127074 132573 145936 153272 162077 170658 178412 186585 193603 201017 206312 
265732 273457 268267 268702 269532 270225 273142 269897 275920 273251 270916 273323 272139 269222 280523 
421560 421560 421563 421561 421557 421547 421535 421517 421447 421310 421111 420625 419591 417457 413828 
89600 89659 93182 95930 102044 107586 121076 128633 137988 147567 157382 170422 187191 215757 255657 
104440 104498 108017 110760 116846 122355 135743 143121 152035 160804 168940 177893 186546 197233 208271 
16380 16440 19972 23902 38210 62146 106615 140436 184781 217576 246728 282017 316115 351775 384095 

