DirtyClean LIS naiveDirtyClean DirtyClean2 naiveDirtyClean2 Both MergeSort QuickSort HeapSort TimSort BlockMergeSort 
16171 16188 16221 16254 16382 16489 16877 17639 19175 22263 27406 35257 56300 81492 102384 
8095 8181 8244 9071 15373 14760 15111 16748 18364 20945 25162 31816 46255 67786 94203 
16168 16199 16198 16269 16356 16473 17084 17710 19203 22000 26257 37356 55327 77214 114778 
16172 16192 16209 16270 16348 16485 16985 17849 19213 21812 27398 35009 50533 67328 95778 
16168 16199 16219 16255 16451 16486 16929 17724 19335 21767 26824 35350 46928 66546 97282 
8095 10042 13296 16067 20788 22312 27815 43831 56623 79696 105997 123715 148259 173106 187692 
52845 52883 52909 53327 57613 58685 60207 63919 65825 69427 72956 77713 81674 86004 88628 
122859 122758 121713 121956 120821 120609 121271 120468 120453 120996 128222 127625 122198 119504 126146 
191860 191859 191871 191853 191776 191780 191399 191178 189338 188136 186035 183862 184373 183662 183965 
40480 40519 40558 40984 45311 46522 48170 52168 54859 60818 67239 75072 83917 95971 107028 
44275 44314 44345 44764 49083 50250 51802 55621 57892 62959 67737 73311 78885 86781 93174 

