DirtyClean LIS naiveDirtyClean DirtyClean2 naiveDirtyClean2 Both MergeSort QuickSort HeapSort TimSort BlockMergeSort 
16169 16179 16204 16263 16355 16552 16906 17673 19154 21757 27177 37016 52852 78729 
8090 8512 9255 11286 12589 14888 15903 17272 18647 21110 24986 32540 46454 64131 
16169 16188 16200 16257 16378 16531 16891 17732 19298 21407 26892 36174 54642 78140 
16166 16181 16210 16258 16349 16525 16926 17745 19417 22222 27422 35611 49731 69519 
16168 16185 16211 16250 16331 16574 16883 17711 19147 22246 26731 36022 48063 66499 
8090 13128 14865 17024 19106 25342 36951 49205 64114 81717 101933 129882 156269 166932 
52840 53048 53405 54586 55467 58487 60661 63265 66116 68393 72960 78157 81636 85235 
121902 120680 122878 122223 122141 123658 123708 121650 122166 125520 122760 126704 122003 125863 
191860 191839 191843 191801 191815 191674 191606 190936 189021 188797 184931 183927 185089 184815 
40480 40692 41070 42261 43183 46342 48776 51891 55485 58841 66263 75119 84173 94719 
44270 44481 44847 46039 46948 50036 52374 55217 58430 61006 66880 73629 79402 85738 

