DirtyClean LIS naiveDirtyClean DirtyClean2 naiveDirtyClean2 Both MergeSort QuickSort HeapSort TimSort BlockMergeSort 
31980 31978 31978 31975 31979 31986 32002 32021 32039 32253 34336 40269 48452 87000 175944 
15996 15996 15996 15996 16007 15997 16032 16031 16821 18074 20083 30287 42208 75130 170319 
31974 31977 31977 31977 31975 31980 31975 31991 32030 32286 34273 36741 52573 100116 198144 
31976 31977 31977 31977 31984 31976 31977 31987 32064 32300 32690 34103 39049 52070 89401 
31979 31976 31980 31979 31974 31977 31978 32000 32034 32144 32637 34083 37661 48652 83802 
15996 15996 15996 15996 18329 17838 17081 21309 25778 33121 34688 50527 74398 131154 298784 
112704 112704 112704 112704 112705 112704 112718 112716 113209 114282 115349 122332 125653 136173 159732 
263090 265304 260486 270923 261025 263054 273559 264031 267757 272720 261026 263642 263739 260003 272873 
410916 410916 410916 410916 410910 410919 410919 410915 410932 409815 407912 397234 399964 395519 395047 
88332 88332 88332 88332 88333 88332 88350 88352 88926 90183 91756 101067 110041 132711 183984 
95832 95832 95832 95832 95833 95832 95848 95847 96356 97514 98867 106748 112615 128618 164003 

