DirtyClean LIS naiveDirtyClean DirtyClean2 naiveDirtyClean2 Both MergeSort QuickSort HeapSort TimSort BlockMergeSort 
16172 16172 16172 16171 16175 16171 16184 16282 16371 17716 20710 25764 49448 85224 170344 
8094 8094 8094 8094 8094 8102 8189 8755 8928 9859 11285 15090 17846 21287 16188 
16171 16173 16174 16173 16173 16173 16186 16272 16599 16852 21073 28274 58692 101821 173178 
16173 16170 16169 16171 16180 16183 16189 16260 16297 16607 17544 21530 28903 59625 255902 
16172 16175 16176 16172 16168 16182 16175 16206 16294 16676 17522 20303 28514 59574 352144 
8094 8094 8094 8094 8094 8471 10805 12917 16405 17847 19983 30056 71432 126835 194112 
52848 52848 52848 52848 52848 52851 52889 53358 53261 53797 54639 56701 58829 59808 52302 
123688 123807 118913 132350 121465 117555 127972 116109 118201 118571 118579 122545 125035 122262 120163 
191862 191862 191862 191862 191862 191854 191851 191603 191848 191420 190517 186360 184938 183081 178392 
40482 40482 40482 40482 40482 40486 40530 41088 41451 42656 44978 54206 75698 105859 157551 
44277 44277 44277 44277 44277 44281 44325 44848 44946 45774 47420 52878 63419 77730 96831 

