MergeSort QuickSort TimSort BlockMergeSort OESM Cook_Kim LIS LIS_small LIS_treap BothAlgo BothAlgo_small 
19 19 19 20 19 23 22 19 19 22 20 24 22 20 24 22 23 24 22 21 22 
31 22 20 27 24 33 21 22 24 20 30 31 19 25 31 24 28 21 25 22 27 
9 9 9 17 10 20 16 15 9 15 22 23 18 10 25 24 30 26 28 22 31 
9 9 9 17 10 20 16 15 9 15 22 23 18 10 25 24 30 26 28 22 31 
9 9 9 25 23 24 30 29 9 22 25 25 23 26 22 26 25 29 28 29 31 
9 9 9 26 22 37 30 26 9 35 29 39 32 34 34 43 39 29 36 26 43 
17 17 17 28 18 33 22 26 17 31 28 39 28 18 35 36 37 38 29 29 36 
9 9 9 25 12 31 22 19 9 28 34 34 29 12 33 39 32 34 28 30 32 
15 14 15 29 21 29 25 18 17 26 29 40 23 16 25 33 36 37 32 30 38 
18 18 18 20 21 30 34 19 18 27 35 32 32 25 31 38 46 37 41 36 41 
9 9 9 18 16 25 21 18 9 20 26 27 21 12 27 25 35 29 32 30 31 

