MergeSort QuickSort TimSort BlockMergeSort OESM Cook_Kim LIS LIS_small LIS_treap             
356 460 459 496 505 517 494 511 541 520 525 536 535 551 546 545 540 543 536 543 541 
740 597 664 637 672 638 676 578 587 653 714 791 613 638 656 628 718 610 612 739 557 
224 328 383 472 546 576 730 543 769 772 703 812 869 894 886 967 996 927 923 1065 916 
248 356 375 450 500 466 468 498 578 517 560 597 588 648 664 625 624 631 632 663 680 
99 420 517 530 576 579 586 589 596 576 594 595 582 596 590 590 572 587 593 596 605 
99 312 320 420 508 537 554 539 740 796 780 964 995 941 992 975 1004 1000 995 994 989 
197 298 361 497 574 527 638 614 782 762 763 1103 916 980 1086 1122 1117 1084 1205 1117 1035 
99 259 308 412 451 479 532 513 677 652 669 796 800 786 839 833 841 891 964 900 876 

