MergeSort QuickSort TimSort BlockMergeSort OESM Cook_Kim LIS LIS_small LIS_treap             
69008 107717 111996 114360 116107 117299 117885 118657 119225 119403 119923 120026 120042 120167 120355 120395 120495 120477 120461 120602 120516 
152039 150157 158422 151689 146250 151885 152665 156115 160747 158147 152907 148773 158375 151755 168014 157567 165080 163170 153872 155289 146864 
56407 97392 107088 114835 121108 127432 134333 138224 143446 147814 151071 156848 159397 162579 164346 166264 168879 169092 169375 171273 170598 
59520 99366 105103 107983 111218 114134 115506 117435 118676 120186 121534 123076 123472 124402 125280 125679 126173 126340 126594 127009 126971 
9999 110631 116944 120227 121926 123478 123980 124421 124876 125272 125060 125546 125394 125592 125762 125884 125849 125852 126044 126208 126113 
9999 41448 58008 75923 91888 109234 131099 146116 165820 183311 198282 226596 233440 243548 243337 251158 249655 252153 249472 250256 245646 
19991 62305 89726 121240 152781 177981 210727 225516 250435 277102 284590 303178 316479 330477 357911 356383 350072 372201 369404 375813 357437 
9999 36055 54809 73589 90335 106960 123731 135449 153183 163399 173991 185303 193407 200658 207143 211355 215783 218048 219716 221240 222091 

