MergeSort QuickSort TimSort BlockMergeSort OESM Cook_Kim LIS LIS_small LIS_treap             
69006 107555 112324 114919 116049 117218 118033 118570 119204 119484 119730 119872 120110 120253 120350 120408 120428 120430 120534 120504 120456 
162962 151881 154550 151359 151684 152248 158433 155821 156325 153558 160867 156835 150410 159994 158759 153867 158622 155352 155665 159059 152159 
56406 97942 107247 114706 121736 127069 134059 138663 143499 148389 152117 156039 158988 162012 164699 166640 168310 169449 170883 170854 170947 
59520 99079 104833 108884 111205 113439 115527 117445 118876 120313 121467 122609 123502 124464 124893 125780 126218 126403 126740 126983 126916 
9999 112093 118017 120273 122015 123075 123650 124446 124748 124986 125212 125384 125462 125582 125734 125862 125865 125816 126026 126067 126021 
9999 41788 57615 74777 91621 108726 129227 148309 166116 183969 199446 219728 232191 240626 247753 247304 253068 252461 248407 252340 248800 
19995 58526 80514 101498 123038 142383 163721 182498 207052 216549 234531 243988 261290 269677 277824 285061 290125 306140 294524 299092 294864 
9999 36675 55254 72776 90371 106028 122930 137707 151838 164241 174416 185043 192671 200391 206462 212049 215659 218327 220346 221332 221836 
19990 63221 94411 122974 149109 178728 202235 228876 255110 269828 288004 307191 324248 333058 343443 354670 363489 360697 365052 367333 372785 

