MergeSort QuickSort TimSort BlockMergeSort OESM Cook_Kim LIS LIS_small              
69008 107302 111704 114636 116290 117196 118148 118576 119200 119498 119778 119976 120165 120376 120333 120387 120477 120496 120463 120507 120546 
156269 150861 155638 161576 151082 152297 151499 164467 156568 156786 152661 160554 150543 152704 153730 149322 157471 161638 156296 162729 149400 
56406 96999 106600 114821 121684 127731 134749 138576 143541 148088 151857 156256 159461 162513 164346 166430 167910 169537 169888 171057 171078 
59520 98046 104678 108405 111470 113583 115818 117441 118969 120149 121691 122528 123640 124415 125099 125702 126283 126781 126731 127097 126986 
9998 110882 116881 120319 122407 123280 123968 124195 124820 125055 125257 125310 125524 125620 125680 125741 125990 125975 125947 126107 126055 
9998 41772 57216 76303 91594 110157 132305 148171 165604 182132 200076 223091 231242 240759 248738 250742 250546 250505 249456 252916 250268 
19989 63295 91863 121382 145962 176823 206307 227530 250884 265545 287796 302043 316115 331609 337432 354906 357120 364436 366734 362638 368435 
9998 36721 54085 73957 90085 107252 126067 137436 151819 163283 174420 184566 193096 200760 206630 210206 215603 217925 219835 221283 222027 

