MergeSort QuickSort TimSort BlockMergeSort OESM Cook_Kim LIS LIS_small              
853904 1410550 1451592 1474216 1490042 1500946 1511129 1517503 1522574 1525089 1528935 1530797 1532833 1533847 1535834 1536137 1536632 1536966 1537114 1537563 1537149 
1961078 1942198 2172202 1983659 1991591 2041792 2075997 2068732 1980436 2079123 1964597 2057000 2047335 1995505 2210331 2021287 1976226 1972388 2093220 2044914 2027839 
724843 1311258 1404022 1474543 1548298 1600304 1664457 1715541 1765995 1809162 1853069 1889226 1920927 1948637 1979787 1995161 2013456 2027259 2034198 2039473 2042744 
754943 1323657 1381605 1415618 1452322 1477417 1504717 1529222 1547326 1564070 1582744 1595991 1609190 1618951 1629685 1637355 1644613 1647157 1649701 1653857 1654533 
99999 1454216 1509359 1536004 1552140 1561703 1569794 1576695 1581145 1583803 1586501 1587556 1588382 1589441 1590370 1590360 1590859 1590934 1591004 1591280 1590847 
99999 482425 689850 912516 1163602 1389064 1639527 1865370 2096522 2369000 2648424 2864780 3037008 3146443 3188868 3234612 3231180 3218751 3252581 3256025 3195447 
199988 763545 1198994 1646683 2027817 2356558 2758623 3090382 3443311 3687145 3993885 4210980 4339573 4560663 4625646 4825274 4751903 5015358 5038232 5027844 5053843 
99999 439060 674116 912974 1159611 1362252 1582449 1773362 1950671 2120447 2280050 2406350 2514454 2598518 2685535 2749296 2798049 2837254 2861227 2877908 2886002 

