MergeSort QuickSort TimSort BlockMergeSort OESM Cook_Kim LIS LIS_small LIS_treap             
69008 106855 111847 114562 116133 117145 117801 118559 119076 119477 119741 119911 120116 120291 120321 120362 120463 120433 120511 120442 120544 
160458 160397 160956 156365 152017 163322 157852 149278 152501 157159 158122 156669 161498 152549 153746 153685 155541 161516 149860 151880 151480 
56404 97401 107602 114855 121459 128008 132790 138268 143469 148370 152109 155500 158983 162057 164188 166650 168099 169714 170641 170732 170904 
59520 98465 104736 108222 111204 113576 115327 117213 118768 120461 121439 122702 123435 124385 125294 125681 126259 126670 126721 126946 127160 
9996 111917 117845 120281 122279 123367 123899 124537 124595 124932 125288 125246 125480 125737 125714 125756 125932 125936 126038 126048 126058 
9996 41629 58456 73556 92353 110030 127846 147362 164419 183920 200784 218898 231693 244000 245089 251085 250471 250912 248449 250732 250084 
19996 58087 80958 100232 123645 143457 166195 182452 199018 225712 237682 269843 254095 273014 297174 301964 301269 302781 327076 316469 323885 
9996 36471 56071 71722 90812 107147 122129 137658 150667 164336 174959 184253 192675 200775 206681 211206 215452 218651 220228 221070 221929 
19989 64180 95277 118783 151732 177515 201608 227134 249641 274482 290353 311286 318855 335853 336540 349158 352082 366273 362647 368762 365399 

