MergeSort QuickSort TimSort OESM Cook_Kim LIS LIS_treap BothAlgo 
1078 1102 1122 1134 1148 1165 1178 1194 1221 1231 1233 1262 1266 1283 1307 1309 1342 1349 1349 1359 1364 1365 1376 1381 1383 1375 1389 1379 1389 1397 1403 1410 1416 1427 1437 1435 1430 1429 1439 1442 1439 1443 1436 1435 1472 1469 1474 1488 1482 1483 1482 1485 1499 1523 1522 1518 1520 1515 1507 1517 1522 
2448 2105 2147 2461 2085 2142 2297 2015 2075 2163 1965 2294 2016 2142 2236 2408 2078 1996 2292 2097 2086 2460 1992 2013 2178 2004 2303 2194 2084 2265 2003 2080 2057 2114 2288 2337 2361 1967 2005 2227 1923 2044 2078 2344 2145 2039 2059 2140 2068 2381 2404 1865 2076 2487 2317 2358 2136 2023 2202 1942 2041 
894 933 964 1000 1044 1076 1116 1148 1189 1229 1284 1324 1349 1378 1415 1454 1507 1532 1538 1561 1608 1642 1680 1712 1704 1733 1748 1784 1803 1817 1861 1869 1898 1934 1979 1971 2013 2027 2026 2023 2036 2069 2060 2055 2091 2105 2121 2151 2114 2131 2126 2168 2116 2153 2179 2213 2215 2198 2222 2216 2241 
262 1040 1076 1206 1302 1262 1305 1337 1362 1375 1354 1458 1451 1456 1476 1470 1474 1507 1495 1527 1520 1544 1496 1525 1544 1544 1541 1532 1567 1554 1548 1585 1551 1581 1600 1584 1564 1565 1555 1574 1594 1597 1576 1591 1594 1614 1609 1606 1629 1644 1640 1604 1629 1642 1649 1646 1640 1651 1643 1621 1627 
262 744 862 940 1030 1159 1231 1238 1307 1438 1523 1596 1613 1549 1643 1752 1779 1826 1883 1952 2004 1977 1932 1957 2054 2014 2181 2182 2201 2282 2309 2278 2342 2336 2441 2358 2331 2361 2541 2595 2514 2484 2545 2508 2603 2531 2600 2633 2592 2661 2609 2676 2679 2761 2682 2759 2780 2729 2776 2778 2790 
523 568 626 687 739 799 835 881 921 996 1065 1097 1123 1161 1210 1213 1297 1303 1300 1367 1355 1363 1398 1467 1453 1457 1451 1464 1507 1526 1603 1601 1603 1608 1698 1702 1740 1734 1772 1771 1740 1744 1758 1796 1821 1807 1802 1832 1894 1908 1902 1889 1933 1982 2009 2036 2017 2005 2039 2044 2044 
514 648 715 821 895 1013 1053 1136 1172 1226 1347 1330 1341 1330 1473 1462 1641 1470 1634 1805 1685 1870 1766 1821 1704 1816 1718 1857 1903 1951 1833 2024 2017 2071 2171 2056 2226 2152 2110 2212 2274 2258 2075 2221 2155 2269 2327 2365 2433 2430 2329 2304 2427 2523 2462 2412 2313 2564 2620 2515 2590 
262 556 602 669 725 782 820 852 922 949 1008 1037 1087 1095 1124 1181 1219 1250 1254 1270 1310 1335 1360 1356 1389 1407 1460 1479 1482 1512 1547 1557 1573 1590 1615 1617 1627 1657 1674 1689 1680 1687 1691 1705 1715 1727 1722 1726 1731 1729 1732 1767 1785 1793 1782 1813 1821 1825 1832 1860 1858 

