MergeSort QuickSort TimSort OESM Cook_Kim LIS LIS_treap BothAlgo 
1050 1080 1110 1110 1140 1140 1170 1170 1200 1230 1230 1260 1260 1260 1290 1290 1320 1320 1320 1350 1350 1350 1350 1380 1380 1350 1380 1350 1380 1380 1380 1410 1410 1410 1410 1410 1410 1410 1410 1440 1410 1440 1410 1410 1470 1440 1470 1470 1470 1470 1470 1470 1470 1500 1500 1500 1500 1500 1500 1500 1500 
2140 2201 2147 2143 2196 2203 2161 2198 2227 2146 2187 2156 2161 2178 2175 2183 2223 2225 2174 2192 2214 2245 2189 2212 2131 2199 2176 2180 2241 2144 2151 2206 2206 2193 2250 2270 2171 2180 2209 2174 2175 2225 2144 2134 2209 2149 2239 2217 2156 2179 2136 2195 2198 2149 2177 2206 2230 2167 2180 2139 2237 
870 930 960 990 1020 1050 1110 1140 1170 1200 1260 1320 1320 1350 1410 1440 1500 1530 1530 1560 1590 1620 1680 1710 1680 1710 1740 1770 1800 1800 1860 1860 1890 1920 1950 1950 2010 2010 2010 2010 2010 2040 2040 2040 2070 2100 2100 2130 2100 2130 2100 2160 2100 2130 2160 2190 2190 2190 2220 2190 2220 
240 1020 1050 1200 1290 1260 1290 1320 1350 1350 1350 1440 1440 1440 1470 1470 1470 1500 1470 1500 1500 1530 1470 1500 1530 1530 1530 1530 1560 1530 1530 1560 1530 1560 1590 1560 1560 1560 1530 1560 1590 1590 1560 1590 1590 1590 1590 1590 1620 1620 1620 1590 1620 1620 1620 1620 1620 1650 1620 1620 1620 
240 720 840 930 1020 1140 1230 1230 1290 1410 1500 1590 1590 1530 1620 1740 1770 1800 1860 1950 1980 1950 1920 1950 2040 2010 2160 2160 2190 2280 2280 2250 2340 2310 2430 2340 2310 2340 2520 2580 2490 2460 2520 2490 2580 2520 2580 2610 2580 2640 2580 2670 2670 2760 2670 2730 2760 2700 2760 2760 2790 
510 540 600 660 720 780 810 870 900 990 1050 1080 1110 1140 1200 1200 1290 1290 1290 1350 1350 1350 1380 1440 1440 1440 1440 1440 1500 1500 1590 1590 1590 1590 1680 1680 1740 1710 1770 1770 1740 1740 1740 1770 1800 1800 1800 1830 1890 1890 1890 1860 1920 1980 1980 2010 2010 1980 2010 2040 2040 
510 626 714 813 884 965 1019 1065 1112 1180 1241 1299 1369 1403 1430 1471 1547 1576 1600 1664 1639 1692 1758 1785 1790 1771 1836 1849 1863 1911 1961 1983 2002 2010 2109 2101 2117 2112 2168 2180 2172 2173 2174 2176 2222 2247 2265 2293 2339 2382 2372 2353 2412 2376 2425 2490 2445 2456 2478 2534 2486 
240 540 600 660 720 780 810 840 900 930 990 1020 1080 1080 1110 1170 1200 1230 1230 1260 1290 1320 1350 1350 1380 1380 1440 1470 1470 1500 1530 1530 1560 1590 1590 1590 1620 1650 1650 1680 1680 1680 1680 1680 1710 1710 1710 1710 1710 1710 1710 1740 1770 1770 1770 1800 1800 1800 1830 1860 1830 

