MergeSort QuickSort TimSort OESM Cook_Kim InsertionSort LIS LIS_treap BothAlgo2 LIS_small BothAlgo_small BothAlgo_small3 DirtyClean4 
13 61 10
1078 1078 1078 1078 1078 1078 1078 1078 1078 1078 
1102 1102 1102 1102 1102 1102 1102 1102 1102 1102 
1122 1122 1122 1122 1122 1122 1122 1122 1122 1122 
1134 1134 1134 1134 1134 1134 1134 1134 1134 1134 
1148 1148 1148 1148 1148 1148 1148 1148 1148 1148 
1165 1165 1165 1165 1165 1165 1165 1165 1165 1165 
1178 1178 1178 1178 1178 1178 1178 1178 1178 1178 
1194 1194 1194 1194 1194 1194 1194 1194 1194 1194 
1221 1221 1221 1221 1221 1221 1221 1221 1221 1221 
1231 1231 1231 1231 1231 1231 1231 1231 1231 1231 
1233 1233 1233 1233 1233 1233 1233 1233 1233 1233 
1262 1262 1262 1262 1262 1262 1262 1262 1262 1262 
1266 1266 1266 1266 1266 1266 1266 1266 1266 1266 
1283 1283 1283 1283 1283 1283 1283 1283 1283 1283 
1307 1307 1307 1307 1307 1307 1307 1307 1307 1307 
1309 1309 1309 1309 1309 1309 1309 1309 1309 1309 
1342 1342 1342 1342 1342 1342 1342 1342 1342 1342 
1349 1349 1349 1349 1349 1349 1349 1349 1349 1349 
1349 1349 1349 1349 1349 1349 1349 1349 1349 1349 
1359 1359 1359 1359 1359 1359 1359 1359 1359 1359 
1364 1364 1364 1364 1364 1364 1364 1364 1364 1364 
1365 1365 1365 1365 1365 1365 1365 1365 1365 1365 
1376 1376 1376 1376 1376 1376 1376 1376 1376 1376 
1381 1381 1381 1381 1381 1381 1381 1381 1381 1381 
1383 1383 1383 1383 1383 1383 1383 1383 1383 1383 
1375 1375 1375 1375 1375 1375 1375 1375 1375 1375 
1389 1389 1389 1389 1389 1389 1389 1389 1389 1389 
1379 1379 1379 1379 1379 1379 1379 1379 1379 1379 
1389 1389 1389 1389 1389 1389 1389 1389 1389 1389 
1397 1397 1397 1397 1397 1397 1397 1397 1397 1397 
1403 1403 1403 1403 1403 1403 1403 1403 1403 1403 
1410 1410 1410 1410 1410 1410 1410 1410 1410 1410 
1416 1416 1416 1416 1416 1416 1416 1416 1416 1416 
1427 1427 1427 1427 1427 1427 1427 1427 1427 1427 
1437 1437 1437 1437 1437 1437 1437 1437 1437 1437 
1435 1435 1435 1435 1435 1435 1435 1435 1435 1435 
1430 1430 1430 1430 1430 1430 1430 1430 1430 1430 
1429 1429 1429 1429 1429 1429 1429 1429 1429 1429 
1439 1439 1439 1439 1439 1439 1439 1439 1439 1439 
1442 1442 1442 1442 1442 1442 1442 1442 1442 1442 
1439 1439 1439 1439 1439 1439 1439 1439 1439 1439 
1443 1443 1443 1443 1443 1443 1443 1443 1443 1443 
1436 1436 1436 1436 1436 1436 1436 1436 1436 1436 
1435 1435 1435 1435 1435 1435 1435 1435 1435 1435 
1472 1472 1472 1472 1472 1472 1472 1472 1472 1472 
1469 1469 1469 1469 1469 1469 1469 1469 1469 1469 
1474 1474 1474 1474 1474 1474 1474 1474 1474 1474 
1488 1488 1488 1488 1488 1488 1488 1488 1488 1488 
1482 1482 1482 1482 1482 1482 1482 1482 1482 1482 
1483 1483 1483 1483 1483 1483 1483 1483 1483 1483 
1482 1482 1482 1482 1482 1482 1482 1482 1482 1482 
1485 1485 1485 1485 1485 1485 1485 1485 1485 1485 
1499 1499 1499 1499 1499 1499 1499 1499 1499 1499 
1523 1523 1523 1523 1523 1523 1523 1523 1523 1523 
1522 1522 1522 1522 1522 1522 1522 1522 1522 1522 
1518 1518 1518 1518 1518 1518 1518 1518 1518 1518 
1520 1520 1520 1520 1520 1520 1520 1520 1520 1520 
1515 1515 1515 1515 1515 1515 1515 1515 1515 1515 
1507 1507 1507 1507 1507 1507 1507 1507 1507 1507 
1517 1517 1517 1517 1517 1517 1517 1517 1517 1517 
1522 1522 1522 1522 1522 1522 1522 1522 1522 1522 
1962 2188 2274 2069 2279 2107 2030 2088 2187 2041 
2075 2167 2001 2045 2007 1982 2321 2302 2051 2089 
2178 2054 1981 1994 2196 2217 2155 2054 2016 1999 
1970 2449 2413 2089 2246 2204 1980 2474 2150 2454 
2159 2191 2184 2259 2070 2316 2289 2578 2149 2276 
2390 2184 2172 2121 2219 2474 2385 2289 2997 2099 
2036 2014 2141 2025 2097 2257 1952 2383 2266 2369 
2034 2404 2267 2133 1962 2269 2244 2370 2065 2376 
2120 2356 2082 2569 2059 2278 2315 2232 2147 2260 
1927 2322 2341 2053 2490 2155 2226 2063 2097 2059 
2278 2414 2354 2401 2501 2486 2258 2245 2103 1998 
2018 2059 2083 2099 2435 2145 2187 2205 2087 2079 
2384 2066 2171 2081 2257 2251 2055 2059 2302 2007 
2206 2117 2322 2088 2555 2233 2289 2018 2172 2030 
2210 1971 2110 3149 1975 2000 2044 2207 2184 1962 
2157 2074 2153 2306 2086 2123 2254 2090 2520 2299 
2281 2175 2017 2124 2432 2127 2344 2119 1902 2056 
2030 2217 2275 2087 2345 2500 2290 2078 2235 2224 
2208 2238 2548 2253 2178 2165 2058 2072 2183 2037 
2179 2236 2192 1947 2098 2237 2096 2592 1981 2053 
2389 2224 2035 2489 2005 2118 2126 1990 2265 2314 
1951 2067 1952 2154 2039 2108 2171 2223 1959 2402 
1973 2366 2212 2326 2319 2152 2280 2139 2145 2167 
2129 2229 2085 2158 1931 2177 1969 2145 2309 2428 
2017 2442 2161 2061 2282 2091 2006 1991 2323 2155 
2018 2400 2274 2402 2332 2076 2419 2530 2370 2115 
2154 2374 2063 2136 2541 1982 2054 2250 2375 2042 
2135 2416 2011 2134 2263 2006 2139 2228 2354 2710 
2041 2263 2143 1922 2683 2388 2000 2169 2063 2104 
2320 2258 2206 2550 2005 2017 2294 2079 2123 2264 
2011 2336 2081 2262 2175 2166 2642 1995 2169 2243 
2550 2549 2184 2044 2165 2243 2162 2063 2133 2145 
2212 1985 2138 2201 2022 2015 2229 2139 2099 2225 
2237 2117 2145 2240 1978 2497 2171 2236 2043 2356 
2085 2608 2139 2205 2100 2167 2117 2079 1923 2146 
2231 2044 2144 2218 2004 1942 2266 2299 2462 2038 
1873 2226 2090 2265 1944 2135 2440 2096 2041 2298 
2077 2566 2152 2813 2153 2070 2437 2189 2337 1987 
1927 2591 2348 2571 2106 2209 2291 2054 2248 1952 
2235 2057 2088 2276 2237 2179 2043 2150 2460 2473 
2179 2121 2308 2221 2158 2058 2197 2286 2150 2310 
2303 2215 2029 2326 2298 2189 2115 2179 2273 2146 
2246 2213 2192 2185 2122 2341 2518 2310 2143 2272 
2176 2100 2104 2473 1988 2159 2182 2014 2337 2135 
1994 2285 2045 2040 2083 2080 2172 2036 2380 2283 
2017 2245 1984 2260 2165 2065 2248 2069 2174 2374 
2117 2354 2168 1935 2162 2729 2252 2258 2023 2187 
2010 2338 2209 2587 2040 2130 2626 2130 2257 2065 
2166 2128 2507 2317 2148 2021 2288 2037 2097 2305 
2004 2118 2213 2345 2084 2153 2504 1940 2046 2113 
2075 2004 2126 2322 2025 2495 2259 2065 2198 2106 
2055 2677 2318 2186 2021 2198 2065 2198 2356 2102 
2477 2051 2180 2379 2183 2195 2486 2070 2282 2318 
2159 2220 2058 2041 2203 2139 2002 2184 2283 2163 
2481 2537 2538 2247 2095 2133 1947 2113 2152 2380 
2276 2132 2074 2049 2524 2035 2416 2236 2164 2156 
2544 2076 2125 2222 2344 2445 2494 1996 2088 2060 
2085 1965 2188 2337 2145 2403 2367 2245 2013 2266 
2258 2188 2191 1947 1986 2159 2347 1969 2210 1945 
2333 2170 2310 2009 2325 2591 2206 2353 2050 2314 
2249 2076 2028 2134 2151 2169 1946 2212 2007 2369 
894 894 894 894 894 894 894 894 894 894 
933 933 933 933 933 933 933 933 933 933 
964 964 964 964 964 964 964 964 964 964 
1000 1000 1000 1000 1000 1000 1000 1000 1000 1000 
1044 1044 1044 1044 1044 1044 1044 1044 1044 1044 
1076 1076 1076 1076 1076 1076 1076 1076 1076 1076 
1116 1116 1116 1116 1116 1116 1116 1116 1116 1116 
1148 1148 1148 1148 1148 1148 1148 1148 1148 1148 
1189 1189 1189 1189 1189 1189 1189 1189 1189 1189 
1229 1229 1229 1229 1229 1229 1229 1229 1229 1229 
1284 1284 1284 1284 1284 1284 1284 1284 1284 1284 
1324 1324 1324 1324 1324 1324 1324 1324 1324 1324 
1349 1349 1349 1349 1349 1349 1349 1349 1349 1349 
1378 1378 1378 1378 1378 1378 1378 1378 1378 1378 
1415 1415 1415 1415 1415 1415 1415 1415 1415 1415 
1454 1454 1454 1454 1454 1454 1454 1454 1454 1454 
1507 1507 1507 1507 1507 1507 1507 1507 1507 1507 
1532 1532 1532 1532 1532 1532 1532 1532 1532 1532 
1538 1538 1538 1538 1538 1538 1538 1538 1538 1538 
1561 1561 1561 1561 1561 1561 1561 1561 1561 1561 
1608 1608 1608 1608 1608 1608 1608 1608 1608 1608 
1642 1642 1642 1642 1642 1642 1642 1642 1642 1642 
1680 1680 1680 1680 1680 1680 1680 1680 1680 1680 
1712 1712 1712 1712 1712 1712 1712 1712 1712 1712 
1704 1704 1704 1704 1704 1704 1704 1704 1704 1704 
1733 1733 1733 1733 1733 1733 1733 1733 1733 1733 
1748 1748 1748 1748 1748 1748 1748 1748 1748 1748 
1784 1784 1784 1784 1784 1784 1784 1784 1784 1784 
1803 1803 1803 1803 1803 1803 1803 1803 1803 1803 
1817 1817 1817 1817 1817 1817 1817 1817 1817 1817 
1861 1861 1861 1861 1861 1861 1861 1861 1861 1861 
1869 1869 1869 1869 1869 1869 1869 1869 1869 1869 
1898 1898 1898 1898 1898 1898 1898 1898 1898 1898 
1934 1934 1934 1934 1934 1934 1934 1934 1934 1934 
1979 1979 1979 1979 1979 1979 1979 1979 1979 1979 
1971 1971 1971 1971 1971 1971 1971 1971 1971 1971 
2013 2013 2013 2013 2013 2013 2013 2013 2013 2013 
2027 2027 2027 2027 2027 2027 2027 2027 2027 2027 
2026 2026 2026 2026 2026 2026 2026 2026 2026 2026 
2023 2023 2023 2023 2023 2023 2023 2023 2023 2023 
2036 2036 2036 2036 2036 2036 2036 2036 2036 2036 
2069 2069 2069 2069 2069 2069 2069 2069 2069 2069 
2060 2060 2060 2060 2060 2060 2060 2060 2060 2060 
2055 2055 2055 2055 2055 2055 2055 2055 2055 2055 
2091 2091 2091 2091 2091 2091 2091 2091 2091 2091 
2105 2105 2105 2105 2105 2105 2105 2105 2105 2105 
2121 2121 2121 2121 2121 2121 2121 2121 2121 2121 
2151 2151 2151 2151 2151 2151 2151 2151 2151 2151 
2114 2114 2114 2114 2114 2114 2114 2114 2114 2114 
2131 2131 2131 2131 2131 2131 2131 2131 2131 2131 
2126 2126 2126 2126 2126 2126 2126 2126 2126 2126 
2168 2168 2168 2168 2168 2168 2168 2168 2168 2168 
2116 2116 2116 2116 2116 2116 2116 2116 2116 2116 
2153 2153 2153 2153 2153 2153 2153 2153 2153 2153 
2179 2179 2179 2179 2179 2179 2179 2179 2179 2179 
2213 2213 2213 2213 2213 2213 2213 2213 2213 2213 
2215 2215 2215 2215 2215 2215 2215 2215 2215 2215 
2198 2198 2198 2198 2198 2198 2198 2198 2198 2198 
2222 2222 2222 2222 2222 2222 2222 2222 2222 2222 
2216 2216 2216 2216 2216 2216 2216 2216 2216 2216 
2241 2241 2241 2241 2241 2241 2241 2241 2241 2241 
262 262 262 262 262 262 262 262 262 262 
1040 1040 1040 1040 1040 1040 1040 1040 1040 1040 
1076 1076 1076 1076 1076 1076 1076 1076 1076 1076 
1206 1206 1206 1206 1206 1206 1206 1206 1206 1206 
1302 1302 1302 1302 1302 1302 1302 1302 1302 1302 
1262 1262 1262 1262 1262 1262 1262 1262 1262 1262 
1305 1305 1305 1305 1305 1305 1305 1305 1305 1305 
1337 1337 1337 1337 1337 1337 1337 1337 1337 1337 
1362 1362 1362 1362 1362 1362 1362 1362 1362 1362 
1375 1375 1375 1375 1375 1375 1375 1375 1375 1375 
1354 1354 1354 1354 1354 1354 1354 1354 1354 1354 
1458 1458 1458 1458 1458 1458 1458 1458 1458 1458 
1451 1451 1451 1451 1451 1451 1451 1451 1451 1451 
1456 1456 1456 1456 1456 1456 1456 1456 1456 1456 
1476 1476 1476 1476 1476 1476 1476 1476 1476 1476 
1470 1470 1470 1470 1470 1470 1470 1470 1470 1470 
1474 1474 1474 1474 1474 1474 1474 1474 1474 1474 
1507 1507 1507 1507 1507 1507 1507 1507 1507 1507 
1495 1495 1495 1495 1495 1495 1495 1495 1495 1495 
1527 1527 1527 1527 1527 1527 1527 1527 1527 1527 
1520 1520 1520 1520 1520 1520 1520 1520 1520 1520 
1544 1544 1544 1544 1544 1544 1544 1544 1544 1544 
1496 1496 1496 1496 1496 1496 1496 1496 1496 1496 
1525 1525 1525 1525 1525 1525 1525 1525 1525 1525 
1544 1544 1544 1544 1544 1544 1544 1544 1544 1544 
1544 1544 1544 1544 1544 1544 1544 1544 1544 1544 
1541 1541 1541 1541 1541 1541 1541 1541 1541 1541 
1532 1532 1532 1532 1532 1532 1532 1532 1532 1532 
1567 1567 1567 1567 1567 1567 1567 1567 1567 1567 
1554 1554 1554 1554 1554 1554 1554 1554 1554 1554 
1548 1548 1548 1548 1548 1548 1548 1548 1548 1548 
1585 1585 1585 1585 1585 1585 1585 1585 1585 1585 
1551 1551 1551 1551 1551 1551 1551 1551 1551 1551 
1581 1581 1581 1581 1581 1581 1581 1581 1581 1581 
1600 1600 1600 1600 1600 1600 1600 1600 1600 1600 
1584 1584 1584 1584 1584 1584 1584 1584 1584 1584 
1564 1564 1564 1564 1564 1564 1564 1564 1564 1564 
1565 1565 1565 1565 1565 1565 1565 1565 1565 1565 
1555 1555 1555 1555 1555 1555 1555 1555 1555 1555 
1574 1574 1574 1574 1574 1574 1574 1574 1574 1574 
1594 1594 1594 1594 1594 1594 1594 1594 1594 1594 
1597 1597 1597 1597 1597 1597 1597 1597 1597 1597 
1576 1576 1576 1576 1576 1576 1576 1576 1576 1576 
1591 1591 1591 1591 1591 1591 1591 1591 1591 1591 
1594 1594 1594 1594 1594 1594 1594 1594 1594 1594 
1614 1614 1614 1614 1614 1614 1614 1614 1614 1614 
1609 1609 1609 1609 1609 1609 1609 1609 1609 1609 
1606 1606 1606 1606 1606 1606 1606 1606 1606 1606 
1629 1629 1629 1629 1629 1629 1629 1629 1629 1629 
1644 1644 1644 1644 1644 1644 1644 1644 1644 1644 
1640 1640 1640 1640 1640 1640 1640 1640 1640 1640 
1604 1604 1604 1604 1604 1604 1604 1604 1604 1604 
1629 1629 1629 1629 1629 1629 1629 1629 1629 1629 
1642 1642 1642 1642 1642 1642 1642 1642 1642 1642 
1649 1649 1649 1649 1649 1649 1649 1649 1649 1649 
1646 1646 1646 1646 1646 1646 1646 1646 1646 1646 
1640 1640 1640 1640 1640 1640 1640 1640 1640 1640 
1651 1651 1651 1651 1651 1651 1651 1651 1651 1651 
1643 1643 1643 1643 1643 1643 1643 1643 1643 1643 
1621 1621 1621 1621 1621 1621 1621 1621 1621 1621 
1627 1627 1627 1627 1627 1627 1627 1627 1627 1627 
262 262 262 262 262 262 262 262 262 262 
744 744 744 744 744 744 744 744 744 744 
862 862 862 862 862 862 862 862 862 862 
940 940 940 940 940 940 940 940 940 940 
1030 1030 1030 1030 1030 1030 1030 1030 1030 1030 
1159 1159 1159 1159 1159 1159 1159 1159 1159 1159 
1231 1231 1231 1231 1231 1231 1231 1231 1231 1231 
1238 1238 1238 1238 1238 1238 1238 1238 1238 1238 
1307 1307 1307 1307 1307 1307 1307 1307 1307 1307 
1438 1438 1438 1438 1438 1438 1438 1438 1438 1438 
1523 1523 1523 1523 1523 1523 1523 1523 1523 1523 
1596 1596 1596 1596 1596 1596 1596 1596 1596 1596 
1613 1613 1613 1613 1613 1613 1613 1613 1613 1613 
1549 1549 1549 1549 1549 1549 1549 1549 1549 1549 
1643 1643 1643 1643 1643 1643 1643 1643 1643 1643 
1752 1752 1752 1752 1752 1752 1752 1752 1752 1752 
1779 1779 1779 1779 1779 1779 1779 1779 1779 1779 
1826 1826 1826 1826 1826 1826 1826 1826 1826 1826 
1883 1883 1883 1883 1883 1883 1883 1883 1883 1883 
1952 1952 1952 1952 1952 1952 1952 1952 1952 1952 
2004 2004 2004 2004 2004 2004 2004 2004 2004 2004 
1977 1977 1977 1977 1977 1977 1977 1977 1977 1977 
1932 1932 1932 1932 1932 1932 1932 1932 1932 1932 
1957 1957 1957 1957 1957 1957 1957 1957 1957 1957 
2054 2054 2054 2054 2054 2054 2054 2054 2054 2054 
2014 2014 2014 2014 2014 2014 2014 2014 2014 2014 
2181 2181 2181 2181 2181 2181 2181 2181 2181 2181 
2182 2182 2182 2182 2182 2182 2182 2182 2182 2182 
2201 2201 2201 2201 2201 2201 2201 2201 2201 2201 
2282 2282 2282 2282 2282 2282 2282 2282 2282 2282 
2309 2309 2309 2309 2309 2309 2309 2309 2309 2309 
2278 2278 2278 2278 2278 2278 2278 2278 2278 2278 
2342 2342 2342 2342 2342 2342 2342 2342 2342 2342 
2336 2336 2336 2336 2336 2336 2336 2336 2336 2336 
2441 2441 2441 2441 2441 2441 2441 2441 2441 2441 
2358 2358 2358 2358 2358 2358 2358 2358 2358 2358 
2331 2331 2331 2331 2331 2331 2331 2331 2331 2331 
2361 2361 2361 2361 2361 2361 2361 2361 2361 2361 
2541 2541 2541 2541 2541 2541 2541 2541 2541 2541 
2595 2595 2595 2595 2595 2595 2595 2595 2595 2595 
2514 2514 2514 2514 2514 2514 2514 2514 2514 2514 
2484 2484 2484 2484 2484 2484 2484 2484 2484 2484 
2545 2545 2545 2545 2545 2545 2545 2545 2545 2545 
2508 2508 2508 2508 2508 2508 2508 2508 2508 2508 
2603 2603 2603 2603 2603 2603 2603 2603 2603 2603 
2531 2531 2531 2531 2531 2531 2531 2531 2531 2531 
2600 2600 2600 2600 2600 2600 2600 2600 2600 2600 
2633 2633 2633 2633 2633 2633 2633 2633 2633 2633 
2592 2592 2592 2592 2592 2592 2592 2592 2592 2592 
2661 2661 2661 2661 2661 2661 2661 2661 2661 2661 
2609 2609 2609 2609 2609 2609 2609 2609 2609 2609 
2676 2676 2676 2676 2676 2676 2676 2676 2676 2676 
2679 2679 2679 2679 2679 2679 2679 2679 2679 2679 
2761 2761 2761 2761 2761 2761 2761 2761 2761 2761 
2682 2682 2682 2682 2682 2682 2682 2682 2682 2682 
2759 2759 2759 2759 2759 2759 2759 2759 2759 2759 
2780 2780 2780 2780 2780 2780 2780 2780 2780 2780 
2729 2729 2729 2729 2729 2729 2729 2729 2729 2729 
2776 2776 2776 2776 2776 2776 2776 2776 2776 2776 
2778 2778 2778 2778 2778 2778 2778 2778 2778 2778 
2790 2790 2790 2790 2790 2790 2790 2790 2790 2790 
262 262 262 262 262 262 262 262 262 262 
301 301 301 301 301 301 301 301 301 301 
335 335 335 335 335 335 335 335 335 335 
372 372 372 372 372 372 372 372 372 372 
415 415 415 415 415 415 415 415 415 415 
456 456 456 456 456 456 456 456 456 456 
497 497 497 497 497 497 497 497 497 497 
533 533 533 533 533 533 533 533 533 533 
580 580 580 580 580 580 580 580 580 580 
621 621 621 621 621 621 621 621 621 621 
678 678 678 678 678 678 678 678 678 678 
728 728 728 728 728 728 728 728 728 728 
768 768 768 768 768 768 768 768 768 768 
798 798 798 798 798 798 798 798 798 798 
842 842 842 842 842 842 842 842 842 842 
896 896 896 896 896 896 896 896 896 896 
951 951 951 951 951 951 951 951 951 951 
995 995 995 995 995 995 995 995 995 995 
1029 1029 1029 1029 1029 1029 1029 1029 1029 1029 
1074 1074 1074 1074 1074 1074 1074 1074 1074 1074 
1121 1121 1121 1121 1121 1121 1121 1121 1121 1121 
1158 1158 1158 1158 1158 1158 1158 1158 1158 1158 
1198 1198 1198 1198 1198 1198 1198 1198 1198 1198 
1230 1230 1230 1230 1230 1230 1230 1230 1230 1230 
1282 1282 1282 1282 1282 1282 1282 1282 1282 1282 
1324 1324 1324 1324 1324 1324 1324 1324 1324 1324 
1384 1384 1384 1384 1384 1384 1384 1384 1384 1384 
1423 1423 1423 1423 1423 1423 1423 1423 1423 1423 
1447 1447 1447 1447 1447 1447 1447 1447 1447 1447 
1493 1493 1493 1493 1493 1493 1493 1493 1493 1493 
1541 1541 1541 1541 1541 1541 1541 1541 1541 1541 
1573 1573 1573 1573 1573 1573 1573 1573 1573 1573 
1600 1600 1600 1600 1600 1600 1600 1600 1600 1600 
1629 1629 1629 1629 1629 1629 1629 1629 1629 1629 
1675 1675 1675 1675 1675 1675 1675 1675 1675 1675 
1708 1708 1708 1708 1708 1708 1708 1708 1708 1708 
1755 1755 1755 1755 1755 1755 1755 1755 1755 1755 
1795 1795 1795 1795 1795 1795 1795 1795 1795 1795 
1839 1839 1839 1839 1839 1839 1839 1839 1839 1839 
1878 1878 1878 1878 1878 1878 1878 1878 1878 1878 
1913 1913 1913 1913 1913 1913 1913 1913 1913 1913 
1946 1946 1946 1946 1946 1946 1946 1946 1946 1946 
1978 1978 1978 1978 1978 1978 1978 1978 1978 1978 
2016 2016 2016 2016 2016 2016 2016 2016 2016 2016 
2053 2053 2053 2053 2053 2053 2053 2053 2053 2053 
2089 2089 2089 2089 2089 2089 2089 2089 2089 2089 
2115 2115 2115 2115 2115 2115 2115 2115 2115 2115 
2148 2148 2148 2148 2148 2148 2148 2148 2148 2148 
2184 2184 2184 2184 2184 2184 2184 2184 2184 2184 
2204 2204 2204 2204 2204 2204 2204 2204 2204 2204 
2235 2235 2235 2235 2235 2235 2235 2235 2235 2235 
2278 2278 2278 2278 2278 2278 2278 2278 2278 2278 
2318 2318 2318 2318 2318 2318 2318 2318 2318 2318 
2359 2359 2359 2359 2359 2359 2359 2359 2359 2359 
2394 2394 2394 2394 2394 2394 2394 2394 2394 2394 
2430 2430 2430 2430 2430 2430 2430 2430 2430 2430 
2469 2469 2469 2469 2469 2469 2469 2469 2469 2469 
2495 2495 2495 2495 2495 2495 2495 2495 2495 2495 
2519 2519 2519 2519 2519 2519 2519 2519 2519 2519 
2552 2552 2552 2552 2552 2552 2552 2552 2552 2552 
2578 2578 2578 2578 2578 2578 2578 2578 2578 2578 
523 523 523 523 523 523 523 523 523 523 
579 579 579 579 579 579 579 579 579 579 
635 635 635 635 635 635 635 635 635 635 
698 698 698 698 698 698 698 698 698 698 
772 772 772 772 772 772 772 772 772 772 
839 839 839 839 839 839 839 839 839 839 
887 887 887 887 887 887 887 887 887 887 
945 945 945 945 945 945 945 945 945 945 
992 992 992 992 992 992 992 992 992 992 
1055 1055 1055 1055 1055 1055 1055 1055 1055 1055 
1106 1106 1106 1106 1106 1106 1106 1106 1106 1106 
1168 1168 1168 1168 1168 1168 1168 1168 1168 1168 
1241 1241 1241 1241 1241 1241 1241 1241 1241 1241 
1263 1263 1263 1263 1263 1263 1263 1263 1263 1263 
1281 1281 1281 1281 1281 1281 1281 1281 1281 1281 
1337 1337 1337 1337 1337 1337 1337 1337 1337 1337 
1379 1379 1379 1379 1379 1379 1379 1379 1379 1379 
1431 1431 1431 1431 1431 1431 1431 1431 1431 1431 
1471 1471 1471 1471 1471 1471 1471 1471 1471 1471 
1531 1531 1531 1531 1531 1531 1531 1531 1531 1531 
1500 1500 1500 1500 1500 1500 1500 1500 1500 1500 
1557 1557 1557 1557 1557 1557 1557 1557 1557 1557 
1600 1600 1600 1600 1600 1600 1600 1600 1600 1600 
1637 1637 1637 1637 1637 1637 1637 1637 1637 1637 
1627 1627 1627 1627 1627 1627 1627 1627 1627 1627 
1638 1638 1638 1638 1638 1638 1638 1638 1638 1638 
1658 1658 1658 1658 1658 1658 1658 1658 1658 1658 
1696 1696 1696 1696 1696 1696 1696 1696 1696 1696 
1700 1700 1700 1700 1700 1700 1700 1700 1700 1700 
1733 1733 1733 1733 1733 1733 1733 1733 1733 1733 
1819 1819 1819 1819 1819 1819 1819 1819 1819 1819 
1786 1786 1786 1786 1786 1786 1786 1786 1786 1786 
1825 1825 1825 1825 1825 1825 1825 1825 1825 1825 
1866 1866 1866 1866 1866 1866 1866 1866 1866 1866 
1941 1941 1941 1941 1941 1941 1941 1941 1941 1941 
1934 1934 1934 1934 1934 1934 1934 1934 1934 1934 
1955 1955 1955 1955 1955 1955 1955 1955 1955 1955 
1930 1930 1930 1930 1930 1930 1930 1930 1930 1930 
1976 1976 1976 1976 1976 1976 1976 1976 1976 1976 
2023 2023 2023 2023 2023 2023 2023 2023 2023 2023 
2037 2037 2037 2037 2037 2037 2037 2037 2037 2037 
2074 2074 2074 2074 2074 2074 2074 2074 2074 2074 
2027 2027 2027 2027 2027 2027 2027 2027 2027 2027 
2011 2011 2011 2011 2011 2011 2011 2011 2011 2011 
2081 2081 2081 2081 2081 2081 2081 2081 2081 2081 
2106 2106 2106 2106 2106 2106 2106 2106 2106 2106 
2071 2071 2071 2071 2071 2071 2071 2071 2071 2071 
2124 2124 2124 2124 2124 2124 2124 2124 2124 2124 
2235 2235 2235 2235 2235 2235 2235 2235 2235 2235 
2269 2269 2269 2269 2269 2269 2269 2269 2269 2269 
2213 2213 2213 2213 2213 2213 2213 2213 2213 2213 
2218 2218 2218 2218 2218 2218 2218 2218 2218 2218 
2246 2246 2246 2246 2246 2246 2246 2246 2246 2246 
2278 2278 2278 2278 2278 2278 2278 2278 2278 2278 
2333 2333 2333 2333 2333 2333 2333 2333 2333 2333 
2315 2315 2315 2315 2315 2315 2315 2315 2315 2315 
2322 2322 2322 2322 2322 2322 2322 2322 2322 2322 
2340 2340 2340 2340 2340 2340 2340 2340 2340 2340 
2386 2386 2386 2386 2386 2386 2386 2386 2386 2386 
2419 2419 2419 2419 2419 2419 2419 2419 2419 2419 
2402 2402 2402 2402 2402 2402 2402 2402 2402 2402 
519 512 519 520 520 521 517 518 519 520 
638 659 639 629 610 651 655 651 654 638 
682 736 753 704 721 774 732 722 711 800 
818 838 793 855 881 951 793 827 818 839 
881 915 927 901 888 904 873 913 926 904 
929 1004 1012 951 1027 1013 935 984 1005 980 
1018 944 1009 1002 1022 1023 980 1024 1078 1028 
1095 1137 1055 1154 1125 1082 1082 1062 1075 1154 
1082 1098 1027 1128 1116 1205 1122 1174 1047 1106 
1140 1228 1230 1223 1212 1219 1195 1219 1234 1154 
1209 1255 1339 1251 1279 1192 1264 1331 1250 1240 
1246 1243 1377 1308 1310 1379 1227 1316 1293 1432 
1286 1386 1403 1353 1331 1406 1393 1390 1411 1345 
1455 1542 1385 1352 1432 1382 1472 1342 1457 1401 
1474 1489 1354 1330 1415 1392 1519 1528 1438 1453 
1471 1451 1466 1436 1503 1429 1505 1447 1525 1486 
1563 1518 1564 1461 1563 1622 1628 1518 1574 1564 
1590 1579 1549 1613 1695 1650 1563 1628 1524 1603 
1628 1595 1550 1632 1613 1599 1611 1589 1534 1688 
1546 1646 1741 1803 1668 1660 1629 1582 1661 1719 
1622 1637 1755 1580 1638 1712 1630 1755 1770 1791 
1690 1626 1674 1667 1669 1758 1641 1743 1687 1695 
1689 1695 1743 1809 1734 1775 1655 1741 1713 1746 
1850 1710 1793 1868 1713 1769 1819 1859 1886 1771 
1802 1848 1820 1660 1821 1840 1796 1778 1791 1827 
1799 1778 1751 1842 1816 1788 1865 1892 1746 1845 
1752 1883 1775 1851 1864 1802 1824 1769 1860 2034 
1839 1834 1947 1799 1938 1864 1800 1862 1860 1809 
1807 1898 1811 1873 1855 1972 1892 1862 1906 1949 
1887 2003 1931 1864 1930 1892 1842 1998 1910 1891 
1893 2083 1958 1905 2058 1915 1946 2109 1894 1986 
1904 2016 2104 1979 2002 1846 2040 1997 2017 1968 
1984 2090 2056 2015 1939 1888 1901 2099 2018 2088 
2077 1950 2043 1985 2035 1951 2109 2022 1966 1939 
2134 2090 2084 1977 2133 2194 2139 2144 2136 2254 
2178 2025 2115 2085 2140 2035 2046 2258 2103 2073 
2080 2085 2057 2139 2170 2220 2120 2114 2196 2045 
2140 2187 1968 2002 2172 1988 2149 2074 2199 2100 
2308 2151 2241 2270 2147 2232 2106 2161 2295 2062 
2152 2225 2253 2094 2308 2161 2219 2248 2005 2243 
2243 2093 2276 2075 2238 2083 2232 2455 2140 2159 
2222 2188 2207 2115 2095 2270 2174 2131 2230 2229 
2118 2230 2093 2170 2199 2289 2178 2216 2143 2146 
2194 2161 2233 2263 2287 2259 2189 2254 2102 2073 
2326 2088 2213 2319 2118 2387 2178 2210 2279 2188 
2298 2247 2197 2281 2124 2270 2235 2226 2168 2270 
2191 2260 2269 2307 2284 2252 2336 2264 2350 2281 
2312 2309 2367 2272 2298 2282 2171 2385 2226 2373 
2605 2426 2366 2415 2421 2265 2455 2316 2408 2355 
2339 2384 2381 2493 2477 2403 2403 2537 2322 2468 
2374 2305 2258 2179 2470 2332 2213 2436 2542 2383 
2414 2226 2436 2484 2346 2251 2306 2451 2400 2479 
2350 2582 2490 2597 2490 2425 2385 2374 2356 2541 
2394 2505 2381 2359 2573 2365 2293 2445 2413 2395 
2574 2373 2387 2497 2484 2569 2380 2497 2362 2340 
2513 2428 2497 2392 2412 2552 2562 2457 2511 2678 
2355 2387 2371 2498 2460 2474 2398 2380 2522 2410 
2612 2467 2677 2393 2435 2446 2478 2488 2464 2428 
2386 2384 2500 2374 2266 2570 2375 2604 2549 2504 
2481 2498 2452 2606 2548 2605 2406 2602 2616 2723 
2535 2501 2445 2478 2466 2481 2738 2375 2348 2471 
262 262 262 262 262 262 262 262 262 262 
556 556 556 556 556 556 556 556 556 556 
602 602 602 602 602 602 602 602 602 602 
669 669 669 669 669 669 669 669 669 669 
724 724 724 724 724 724 724 724 724 724 
781 781 781 781 781 781 781 781 781 781 
820 820 820 820 820 820 820 820 820 820 
853 853 853 853 853 853 853 853 853 853 
922 922 922 922 922 922 922 922 922 922 
949 949 949 949 949 949 949 949 949 949 
1010 1010 1010 1010 1010 1010 1010 1010 1010 1010 
1036 1036 1036 1036 1036 1036 1036 1036 1036 1036 
1087 1087 1087 1087 1087 1087 1087 1087 1087 1087 
1096 1096 1096 1096 1096 1096 1096 1096 1096 1096 
1123 1123 1123 1123 1123 1123 1123 1123 1123 1123 
1188 1188 1188 1188 1188 1188 1188 1188 1188 1188 
1220 1220 1220 1220 1220 1220 1220 1220 1220 1220 
1253 1253 1253 1253 1253 1253 1253 1253 1253 1253 
1251 1251 1251 1251 1251 1251 1251 1251 1251 1251 
1274 1274 1274 1274 1274 1274 1274 1274 1274 1274 
1307 1307 1307 1307 1307 1307 1307 1307 1307 1307 
1342 1342 1342 1342 1342 1342 1342 1342 1342 1342 
1358 1358 1358 1358 1358 1358 1358 1358 1358 1358 
1360 1360 1360 1360 1360 1360 1360 1360 1360 1360 
1396 1396 1396 1396 1396 1396 1396 1396 1396 1396 
1413 1413 1413 1413 1413 1413 1413 1413 1413 1413 
1463 1463 1463 1463 1463 1463 1463 1463 1463 1463 
1480 1480 1480 1480 1480 1480 1480 1480 1480 1480 
1489 1489 1489 1489 1489 1489 1489 1489 1489 1489 
1515 1515 1515 1515 1515 1515 1515 1515 1515 1515 
1550 1550 1550 1550 1550 1550 1550 1550 1550 1550 
1559 1559 1559 1559 1559 1559 1559 1559 1559 1559 
1570 1570 1570 1570 1570 1570 1570 1570 1570 1570 
1576 1576 1576 1576 1576 1576 1576 1576 1576 1576 
1616 1616 1616 1616 1616 1616 1616 1616 1616 1616 
1623 1623 1623 1623 1623 1623 1623 1623 1623 1623 
1628 1628 1628 1628 1628 1628 1628 1628 1628 1628 
1671 1671 1671 1671 1671 1671 1671 1671 1671 1671 
1668 1668 1668 1668 1668 1668 1668 1668 1668 1668 
1682 1682 1682 1682 1682 1682 1682 1682 1682 1682 
1679 1679 1679 1679 1679 1679 1679 1679 1679 1679 
1669 1669 1669 1669 1669 1669 1669 1669 1669 1669 
1689 1689 1689 1689 1689 1689 1689 1689 1689 1689 
1708 1708 1708 1708 1708 1708 1708 1708 1708 1708 
1719 1719 1719 1719 1719 1719 1719 1719 1719 1719 
1730 1730 1730 1730 1730 1730 1730 1730 1730 1730 
1720 1720 1720 1720 1720 1720 1720 1720 1720 1720 
1736 1736 1736 1736 1736 1736 1736 1736 1736 1736 
1736 1736 1736 1736 1736 1736 1736 1736 1736 1736 
1737 1737 1737 1737 1737 1737 1737 1737 1737 1737 
1736 1736 1736 1736 1736 1736 1736 1736 1736 1736 
1769 1769 1769 1769 1769 1769 1769 1769 1769 1769 
1781 1781 1781 1781 1781 1781 1781 1781 1781 1781 
1793 1793 1793 1793 1793 1793 1793 1793 1793 1793 
1790 1790 1790 1790 1790 1790 1790 1790 1790 1790 
1803 1803 1803 1803 1803 1803 1803 1803 1803 1803 
1828 1828 1828 1828 1828 1828 1828 1828 1828 1828 
1830 1830 1830 1830 1830 1830 1830 1830 1830 1830 
1834 1834 1834 1834 1834 1834 1834 1834 1834 1834 
1856 1856 1856 1856 1856 1856 1856 1856 1856 1856 
1859 1859 1859 1859 1859 1859 1859 1859 1859 1859 
262 262 262 262 262 262 262 262 262 262 
374 374 374 374 374 374 374 374 374 374 
468 468 468 468 468 468 468 468 468 468 
551 551 551 551 551 551 551 551 551 551 
619 619 619 619 619 619 619 619 619 619 
692 692 692 692 692 692 692 692 692 692 
734 734 734 734 734 734 734 734 734 734 
780 780 780 780 780 780 780 780 780 780 
810 810 810 810 810 810 810 810 810 810 
886 886 886 886 886 886 886 886 886 886 
942 942 942 942 942 942 942 942 942 942 
986 986 986 986 986 986 986 986 986 986 
1030 1030 1030 1030 1030 1030 1030 1030 1030 1030 
1063 1063 1063 1063 1063 1063 1063 1063 1063 1063 
1092 1092 1092 1092 1092 1092 1092 1092 1092 1092 
1117 1117 1117 1117 1117 1117 1117 1117 1117 1117 
1193 1193 1193 1193 1193 1193 1193 1193 1193 1193 
1197 1197 1197 1197 1197 1197 1197 1197 1197 1197 
1198 1198 1198 1198 1198 1198 1198 1198 1198 1198 
1287 1287 1287 1287 1287 1287 1287 1287 1287 1287 
1264 1264 1264 1264 1264 1264 1264 1264 1264 1264 
1286 1286 1286 1286 1286 1286 1286 1286 1286 1286 
1321 1321 1321 1321 1321 1321 1321 1321 1321 1321 
1374 1374 1374 1374 1374 1374 1374 1374 1374 1374 
1356 1356 1356 1356 1356 1356 1356 1356 1356 1356 
1340 1340 1340 1340 1340 1340 1340 1340 1340 1340 
1395 1395 1395 1395 1395 1395 1395 1395 1395 1395 
1401 1401 1401 1401 1401 1401 1401 1401 1401 1401 
1435 1435 1435 1435 1435 1435 1435 1435 1435 1435 
1458 1458 1458 1458 1458 1458 1458 1458 1458 1458 
1507 1507 1507 1507 1507 1507 1507 1507 1507 1507 
1528 1528 1528 1528 1528 1528 1528 1528 1528 1528 
1517 1517 1517 1517 1517 1517 1517 1517 1517 1517 
1534 1534 1534 1534 1534 1534 1534 1534 1534 1534 
1619 1619 1619 1619 1619 1619 1619 1619 1619 1619 
1600 1600 1600 1600 1600 1600 1600 1600 1600 1600 
1620 1620 1620 1620 1620 1620 1620 1620 1620 1620 
1626 1626 1626 1626 1626 1626 1626 1626 1626 1626 
1651 1651 1651 1651 1651 1651 1651 1651 1651 1651 
1665 1665 1665 1665 1665 1665 1665 1665 1665 1665 
1650 1650 1650 1650 1650 1650 1650 1650 1650 1650 
1674 1674 1674 1674 1674 1674 1674 1674 1674 1674 
1645 1645 1645 1645 1645 1645 1645 1645 1645 1645 
1664 1664 1664 1664 1664 1664 1664 1664 1664 1664 
1687 1687 1687 1687 1687 1687 1687 1687 1687 1687 
1696 1696 1696 1696 1696 1696 1696 1696 1696 1696 
1702 1702 1702 1702 1702 1702 1702 1702 1702 1702 
1742 1742 1742 1742 1742 1742 1742 1742 1742 1742 
1804 1804 1804 1804 1804 1804 1804 1804 1804 1804 
1831 1831 1831 1831 1831 1831 1831 1831 1831 1831 
1830 1830 1830 1830 1830 1830 1830 1830 1830 1830 
1831 1831 1831 1831 1831 1831 1831 1831 1831 1831 
1848 1848 1848 1848 1848 1848 1848 1848 1848 1848 
1808 1808 1808 1808 1808 1808 1808 1808 1808 1808 
1874 1874 1874 1874 1874 1874 1874 1874 1874 1874 
1880 1880 1880 1880 1880 1880 1880 1880 1880 1880 
1861 1861 1861 1861 1861 1861 1861 1861 1861 1861 
1874 1874 1874 1874 1874 1874 1874 1874 1874 1874 
1890 1890 1890 1890 1890 1890 1890 1890 1890 1890 
1933 1933 1933 1933 1933 1933 1933 1933 1933 1933 
1911 1911 1911 1911 1911 1911 1911 1911 1911 1911 
262 262 262 262 262 262 262 262 262 262 
548 548 548 548 548 548 548 548 548 548 
576 576 576 576 576 576 576 576 576 576 
604 604 604 604 604 604 604 604 604 604 
635 635 635 635 635 635 635 635 635 635 
663 663 663 663 663 663 663 663 663 663 
684 684 684 684 684 684 684 684 684 684 
702 702 702 702 702 702 702 702 702 702 
748 748 748 748 748 748 748 748 748 748 
771 771 771 771 771 771 771 771 771 771 
816 816 816 816 816 816 816 816 816 816 
838 838 838 838 838 838 838 838 838 838 
877 877 877 877 877 877 877 877 877 877 
882 882 882 882 882 882 882 882 882 882 
897 897 897 897 897 897 897 897 897 897 
940 940 940 940 940 940 940 940 940 940 
970 970 970 970 970 970 970 970 970 970 
994 994 994 994 994 994 994 994 994 994 
995 995 995 995 995 995 995 995 995 995 
1014 1014 1014 1014 1014 1014 1014 1014 1014 1014 
1040 1040 1040 1040 1040 1040 1040 1040 1040 1040 
1060 1060 1060 1060 1060 1060 1060 1060 1060 1060 
1074 1074 1074 1074 1074 1074 1074 1074 1074 1074 
1077 1077 1077 1077 1077 1077 1077 1077 1077 1077 
1110 1110 1110 1110 1110 1110 1110 1110 1110 1110 
1129 1129 1129 1129 1129 1129 1129 1129 1129 1129 
1167 1167 1167 1167 1167 1167 1167 1167 1167 1167 
1181 1181 1181 1181 1181 1181 1181 1181 1181 1181 
1197 1197 1197 1197 1197 1197 1197 1197 1197 1197 
1219 1219 1219 1219 1219 1219 1219 1219 1219 1219 
1247 1247 1247 1247 1247 1247 1247 1247 1247 1247 
1250 1250 1250 1250 1250 1250 1250 1250 1250 1250 
1258 1258 1258 1258 1258 1258 1258 1258 1258 1258 
1263 1263 1263 1263 1263 1263 1263 1263 1263 1263 
1298 1298 1298 1298 1298 1298 1298 1298 1298 1298 
1301 1301 1301 1301 1301 1301 1301 1301 1301 1301 
1310 1310 1310 1310 1310 1310 1310 1310 1310 1310 
1334 1334 1334 1334 1334 1334 1334 1334 1334 1334 
1340 1340 1340 1340 1340 1340 1340 1340 1340 1340 
1357 1357 1357 1357 1357 1357 1357 1357 1357 1357 
1355 1355 1355 1355 1355 1355 1355 1355 1355 1355 
1353 1353 1353 1353 1353 1353 1353 1353 1353 1353 
1357 1357 1357 1357 1357 1357 1357 1357 1357 1357 
1377 1377 1377 1377 1377 1377 1377 1377 1377 1377 
1394 1394 1394 1394 1394 1394 1394 1394 1394 1394 
1404 1404 1404 1404 1404 1404 1404 1404 1404 1404 
1399 1399 1399 1399 1399 1399 1399 1399 1399 1399 
1410 1410 1410 1410 1410 1410 1410 1410 1410 1410 
1416 1416 1416 1416 1416 1416 1416 1416 1416 1416 
1420 1420 1420 1420 1420 1420 1420 1420 1420 1420 
1423 1423 1423 1423 1423 1423 1423 1423 1423 1423 
1448 1448 1448 1448 1448 1448 1448 1448 1448 1448 
1456 1456 1456 1456 1456 1456 1456 1456 1456 1456 
1478 1478 1478 1478 1478 1478 1478 1478 1478 1478 
1476 1476 1476 1476 1476 1476 1476 1476 1476 1476 
1487 1487 1487 1487 1487 1487 1487 1487 1487 1487 
1504 1504 1504 1504 1504 1504 1504 1504 1504 1504 
1508 1508 1508 1508 1508 1508 1508 1508 1508 1508 
1514 1514 1514 1514 1514 1514 1514 1514 1514 1514 
1530 1530 1530 1530 1530 1530 1530 1530 1530 1530 
1538 1538 1538 1538 1538 1538 1538 1538 1538 1538 
262 262 262 262 262 262 262 262 262 262 
548 548 548 548 548 548 548 548 548 548 
576 576 576 576 576 576 576 576 576 576 
604 604 604 604 604 604 604 604 604 604 
635 635 635 635 635 635 635 635 635 635 
663 663 663 663 663 663 663 663 663 663 
684 684 684 684 684 684 684 684 684 684 
702 702 702 702 702 702 702 702 702 702 
748 748 748 748 748 748 748 748 748 748 
771 771 771 771 771 771 771 771 771 771 
816 816 816 816 816 816 816 816 816 816 
838 838 838 838 838 838 838 838 838 838 
877 877 877 877 877 877 877 877 877 877 
882 882 882 882 882 882 882 882 882 882 
897 897 897 897 897 897 897 897 897 897 
940 940 940 940 940 940 940 940 940 940 
970 970 970 970 970 970 970 970 970 970 
994 994 994 994 994 994 994 994 994 994 
995 995 995 995 995 995 995 995 995 995 
1014 1014 1014 1014 1014 1014 1014 1014 1014 1014 
1040 1040 1040 1040 1040 1040 1040 1040 1040 1040 
1060 1060 1060 1060 1060 1060 1060 1060 1060 1060 
1074 1074 1074 1074 1074 1074 1074 1074 1074 1074 
1077 1077 1077 1077 1077 1077 1077 1077 1077 1077 
1110 1110 1110 1110 1110 1110 1110 1110 1110 1110 
1129 1129 1129 1129 1129 1129 1129 1129 1129 1129 
1167 1167 1167 1167 1167 1167 1167 1167 1167 1167 
1181 1181 1181 1181 1181 1181 1181 1181 1181 1181 
1197 1197 1197 1197 1197 1197 1197 1197 1197 1197 
1219 1219 1219 1219 1219 1219 1219 1219 1219 1219 
1247 1247 1247 1247 1247 1247 1247 1247 1247 1247 
1250 1250 1250 1250 1250 1250 1250 1250 1250 1250 
1258 1258 1258 1258 1258 1258 1258 1258 1258 1258 
1263 1263 1263 1263 1263 1263 1263 1263 1263 1263 
1298 1298 1298 1298 1298 1298 1298 1298 1298 1298 
1301 1301 1301 1301 1301 1301 1301 1301 1301 1301 
1310 1310 1310 1310 1310 1310 1310 1310 1310 1310 
1334 1334 1334 1334 1334 1334 1334 1334 1334 1334 
1340 1340 1340 1340 1340 1340 1340 1340 1340 1340 
1357 1357 1357 1357 1357 1357 1357 1357 1357 1357 
1355 1355 1355 1355 1355 1355 1355 1355 1355 1355 
1353 1353 1353 1353 1353 1353 1353 1353 1353 1353 
1357 1357 1357 1357 1357 1357 1357 1357 1357 1357 
1377 1377 1377 1377 1377 1377 1377 1377 1377 1377 
1394 1394 1394 1394 1394 1394 1394 1394 1394 1394 
1404 1404 1404 1404 1404 1404 1404 1404 1404 1404 
1399 1399 1399 1399 1399 1399 1399 1399 1399 1399 
1410 1410 1410 1410 1410 1410 1410 1410 1410 1410 
1416 1416 1416 1416 1416 1416 1416 1416 1416 1416 
1420 1420 1420 1420 1420 1420 1420 1420 1420 1420 
1423 1423 1423 1423 1423 1423 1423 1423 1423 1423 
1448 1448 1448 1448 1448 1448 1448 1448 1448 1448 
1456 1456 1456 1456 1456 1456 1456 1456 1456 1456 
1478 1478 1478 1478 1478 1478 1478 1478 1478 1478 
1476 1476 1476 1476 1476 1476 1476 1476 1476 1476 
1487 1487 1487 1487 1487 1487 1487 1487 1487 1487 
1504 1504 1504 1504 1504 1504 1504 1504 1504 1504 
1508 1508 1508 1508 1508 1508 1508 1508 1508 1508 
1514 1514 1514 1514 1514 1514 1514 1514 1514 1514 
1530 1530 1530 1530 1530 1530 1530 1530 1530 1530 
1539 1539 1539 1539 1539 1539 1539 1539 1539 1539 
512 509 511 511 509 511 515 516 512 516 
598 584 597 577 605 595 583 590 589 591 
633 663 663 633 653 658 653 638 653 641 
708 735 715 698 745 693 677 697 713 714 
764 748 806 787 768 744 772 793 812 770 
839 818 817 845 808 831 846 811 851 840 
877 903 870 902 884 840 878 918 850 876 
944 951 907 936 905 898 937 883 889 928 
984 950 919 968 974 945 978 981 999 927 
1019 1041 988 1027 993 1003 1033 982 964 984 
967 1042 1014 1025 1039 1022 1065 1072 1055 1059 
1065 1075 1061 1071 1058 1106 1084 1085 1088 1087 
1077 1082 1097 1084 1098 1102 1107 1107 1121 1122 
1096 1089 1095 1126 1147 1088 1091 1111 1106 1107 
1153 1144 1123 1108 1141 1154 1127 1156 1177 1141 
1140 1216 1143 1135 1165 1214 1177 1199 1148 1198 
1186 1219 1189 1213 1203 1226 1193 1168 1148 1176 
1205 1213 1228 1197 1210 1249 1221 1227 1219 1219 
1273 1227 1287 1231 1251 1268 1237 1249 1181 1241 
1264 1299 1226 1206 1262 1277 1274 1215 1265 1322 
1301 1313 1325 1325 1273 1246 1272 1331 1280 1301 
1298 1277 1308 1286 1276 1277 1284 1326 1262 1283 
1317 1329 1291 1289 1271 1363 1340 1319 1318 1307 
1321 1331 1378 1321 1319 1339 1321 1290 1340 1320 
1329 1302 1371 1322 1334 1330 1377 1380 1332 1328 
1348 1331 1376 1399 1313 1360 1381 1333 1366 1321 
1415 1368 1331 1366 1411 1350 1337 1423 1369 1371 
1343 1377 1366 1348 1399 1332 1356 1392 1366 1383 
1423 1308 1381 1402 1355 1356 1372 1454 1340 1348 
1396 1450 1389 1467 1429 1478 1378 1407 1438 1411 
1484 1407 1410 1450 1450 1410 1459 1474 1389 1406 
1409 1455 1459 1412 1374 1426 1439 1453 1368 1410 
1451 1440 1461 1389 1420 1437 1505 1455 1410 1382 
1464 1397 1453 1439 1460 1475 1486 1458 1476 1431 
1478 1472 1462 1481 1458 1558 1507 1559 1418 1477 
1469 1419 1427 1432 1458 1438 1468 1464 1507 1559 
1484 1500 1462 1418 1490 1516 1446 1508 1494 1531 
1468 1516 1487 1546 1519 1528 1569 1505 1489 1488 
1532 1502 1535 1547 1526 1479 1515 1536 1527 1501 
1505 1452 1510 1469 1573 1514 1485 1549 1535 1588 
1494 1526 1495 1546 1479 1550 1564 1510 1513 1516 
1591 1550 1532 1511 1518 1533 1542 1572 1573 1518 
1547 1544 1523 1549 1570 1549 1547 1545 1595 1540 
1540 1532 1527 1594 1592 1569 1531 1579 1569 1599 
1595 1580 1558 1541 1602 1558 1510 1553 1597 1566 
1516 1527 1607 1567 1620 1553 1545 1556 1657 1553 
1579 1562 1568 1590 1574 1561 1556 1538 1577 1514 
1601 1604 1585 1592 1619 1535 1607 1566 1623 1544 
1572 1545 1575 1584 1595 1584 1541 1545 1629 1586 
1566 1638 1567 1586 1620 1651 1555 1561 1577 1589 
1597 1640 1615 1595 1632 1620 1569 1558 1606 1572 
1556 1586 1588 1562 1605 1566 1649 1570 1576 1674 
1582 1636 1652 1604 1659 1625 1555 1621 1582 1572 
1717 1576 1642 1635 1603 1613 1616 1620 1616 1613 
1577 1662 1612 1657 1559 1564 1652 1623 1614 1627 
1602 1671 1635 1612 1601 1639 1594 1636 1684 1655 
1658 1703 1567 1635 1614 1669 1563 1606 1671 1657 
1627 1668 1670 1636 1626 1688 1657 1626 1597 1643 
1632 1711 1663 1651 1657 1659 1616 1661 1628 1632 
1609 1663 1558 1641 1729 1690 1659 1669 1680 1616 
1644 1663 1665 1687 1640 1617 1727 1651 1668 1647 
