MergeSort QuickSort TimSort OESM Cook_Kim LIS LIS_treap BothAlgo LIS_small BothAlgo_small 
1078 1102 1122 1134 1148 1165 1178 1194 1221 1231 1233 1262 1266 1283 1307 1309 1342 1349 1349 1359 1364 1365 1376 1381 1383 1375 1389 1379 1389 1397 1403 1410 1416 1427 1437 1435 1430 1429 1439 1442 1439 1443 1436 1435 1472 1469 1474 1488 1482 1483 1482 1485 1499 1523 1522 1518 1520 1515 1507 1517 1522 
2268 2203 2083 2098 2147 2090 2526 2388 2229 2507 2500 2275 2340 2172 2049 2134 2358 2266 2017 1997 2051 2003 2277 1976 2067 2075 2119 2075 2181 2006 2018 2149 2233 2201 1947 2100 2265 2156 2063 2266 1941 1881 2088 2006 1908 2145 2231 2210 1908 2064 2119 2035 1992 2240 1945 1991 2407 2053 2111 2009 2045 
894 933 964 1000 1044 1076 1116 1148 1189 1229 1284 1324 1349 1378 1415 1454 1507 1532 1538 1561 1608 1642 1680 1712 1704 1733 1748 1784 1803 1817 1861 1869 1898 1934 1979 1971 2013 2027 2026 2023 2036 2069 2060 2055 2091 2105 2121 2151 2114 2131 2126 2168 2116 2153 2179 2213 2215 2198 2222 2216 2241 
262 1040 1076 1206 1302 1262 1305 1337 1362 1375 1354 1458 1451 1456 1476 1470 1474 1507 1495 1527 1520 1544 1496 1525 1544 1544 1541 1532 1567 1554 1548 1585 1551 1581 1600 1584 1564 1565 1555 1574 1594 1597 1576 1591 1594 1614 1609 1606 1629 1644 1640 1604 1629 1642 1649 1646 1640 1651 1643 1621 1627 
262 744 862 940 1030 1159 1231 1238 1307 1438 1523 1596 1613 1549 1643 1752 1779 1826 1883 1952 2004 1977 1932 1957 2054 2014 2181 2182 2201 2282 2309 2278 2342 2336 2441 2358 2331 2361 2541 2595 2514 2484 2545 2508 2603 2531 2600 2633 2592 2661 2609 2676 2679 2761 2682 2759 2780 2729 2776 2778 2790 
523 568 626 687 739 799 835 881 921 996 1065 1097 1123 1161 1210 1213 1297 1303 1300 1367 1355 1363 1398 1467 1453 1457 1451 1464 1507 1526 1603 1601 1603 1608 1698 1702 1740 1734 1772 1771 1740 1744 1758 1796 1821 1807 1802 1832 1894 1908 1902 1889 1933 1982 2009 2036 2017 2005 2039 2044 2044 
514 635 756 814 866 970 1036 1061 1165 1250 1288 1326 1374 1423 1429 1547 1545 1522 1586 1706 1743 1698 1745 1770 1673 1821 1926 1858 1870 1924 1968 1957 2077 2022 2102 2174 2216 2171 2065 2189 2110 2100 2242 2216 2257 2175 2260 2344 2408 2329 2386 2295 2240 2313 2296 2567 2306 2371 2404 2470 2476 
262 556 602 669 725 782 820 852 922 949 1008 1037 1087 1095 1124 1181 1219 1250 1254 1270 1310 1335 1360 1356 1389 1407 1460 1479 1482 1512 1547 1557 1573 1590 1615 1617 1627 1657 1674 1689 1680 1687 1691 1705 1715 1727 1722 1726 1731 1729 1732 1767 1785 1793 1782 1813 1821 1825 1832 1860 1858 
262 374 468 551 619 692 734 780 810 886 942 986 1030 1063 1092 1117 1193 1197 1198 1287 1264 1286 1321 1374 1356 1340 1395 1401 1435 1458 1507 1528 1517 1534 1619 1600 1620 1626 1651 1665 1650 1674 1645 1664 1687 1696 1702 1742 1804 1831 1830 1831 1848 1808 1874 1880 1861 1874 1890 1933 1911 
262 548 576 604 635 663 684 702 748 771 816 838 877 882 897 940 970 994 995 1014 1040 1060 1074 1077 1110 1129 1167 1181 1197 1219 1247 1250 1258 1263 1298 1301 1310 1334 1340 1357 1355 1353 1357 1377 1394 1404 1399 1410 1416 1420 1423 1448 1456 1478 1476 1487 1504 1508 1514 1530 1538 

