MergeSort QuickSort TimSort BlockMergeSort OESM Cook_Kim LIS LIS_small LIS_treap BothAlgo BothAlgo_small 
19 19 20 19 22 20 21 18 20 20 21 19 21 20 25 19 21 24 22 20 20 
27 23 20 22 20 31 25 26 22 25 23 23 23 24 25 22 25 24 35 23 31 
9 10 12 10 13 11 13 11 15 16 12 12 14 11 19 16 16 19 16 23 13 
9 10 12 10 13 11 13 11 15 16 12 12 14 11 19 16 16 19 16 23 13 
9 28 22 26 25 22 26 23 25 23 21 22 22 22 27 24 24 27 27 29 24 
9 35 32 31 30 29 29 24 26 29 29 24 33 29 37 27 31 40 31 44 29 
17 17 20 18 23 19 23 19 26 29 20 23 24 19 30 21 26 30 25 34 20 
9 10 18 12 21 15 21 17 27 25 19 20 26 15 33 19 28 25 27 33 17 
15 16 25 16 19 19 22 16 21 24 20 21 23 25 26 23 23 32 24 29 20 
18 20 24 20 26 22 26 21 29 29 24 24 26 22 32 31 30 32 29 34 26 
9 11 18 13 19 17 19 19 23 20 20 20 21 17 24 23 22 22 19 22 19 

