MergeSort QuickSort TimSort BlockMergeSort OESM Cook_Kim LIS LIS_small LIS_treap BothAlgo BothAlgo_small 
5044 5620 5933 6094 6236 6254 6323 6466 6470 6614 6537 6660 6691 6670 6735 6732 6771 6730 6773 6840 6882 
11724 10908 10918 11987 12145 10330 10377 10981 10668 10732 10008 10759 11223 10746 11722 10150 10688 12023 10699 10731 11776 
3528 4704 5484 6016 6396 6688 6862 7381 7479 7760 7955 7862 8086 8340 8328 8431 8583 8703 8850 8702 8902 
3993 5060 5735 6121 6399 6582 6727 7003 7011 7172 7155 7253 7360 7559 7545 7555 7611 7782 7698 7761 7802 
999 6272 6740 6883 7028 6959 7078 7083 7075 7227 7203 7234 7211 7268 7274 7266 7396 7349 7393 7342 7351 
999 4779 6814 8347 8972 9892 10298 11259 10915 11531 12210 12152 12332 13014 12594 12668 13022 13300 13389 13573 13645 
1997 3648 4572 5316 5743 6128 6313 6794 6561 7090 7218 7242 7418 7703 7672 7731 7921 8088 8044 8330 8171 
999 3387 4442 5060 5550 5865 6024 6307 6360 6671 6808 6924 6946 7276 7240 7309 7437 7496 7481 7697 7638 
1992 4588 5665 6667 7067 7649 7706 8175 8589 8795 8886 8956 9137 9387 9379 9566 10148 10110 9943 10262 10147 
1998 3687 4551 5033 5381 5642 5807 6167 6121 6453 6398 6581 6817 6791 6936 6925 7043 7113 7122 7283 7240 
999 2871 3557 3964 4196 4476 4588 4935 5003 5343 5296 5562 5789 5885 5986 5874 6091 6318 6301 6349 6496 

