MergeSort QuickSort TimSort OESM Cook_Kim LIS LIS_treap BothAlgo 
8 21 15
69008 69008 69008 69008 69008 69008 69008 69008 69008 69008 69008 69008 69008 69008 69008 
72181 72200 72185 72188 72139 72162 72161 72164 72220 72165 72217 72225 72137 72166 72151 
73837 73745 73802 73796 73721 73863 73917 73819 73760 73910 73957 73837 73946 73811 73883 
74970 75014 74947 75011 75111 75017 74922 75008 74971 74981 74954 74900 75063 75133 74909 
76050 75923 75800 75812 75912 75954 76018 75937 75916 75895 75831 75940 75878 75984 76044 
76635 76486 76653 76786 76459 76572 76726 76676 76587 76524 76707 76787 76774 76569 76697 
77394 77207 77325 77343 77130 77124 77357 77172 77475 77174 77315 77277 77152 77143 77223 
77784 77691 77737 77752 77820 77711 77683 77812 77669 77866 77865 77750 77835 77800 77523 
78301 78238 78208 78528 78190 78214 78222 78408 78229 78408 78201 78149 78207 78388 78376 
78660 78492 78687 78640 78601 78764 78927 78644 78666 78516 78785 78663 78615 78818 78572 
79168 78945 79016 79294 79163 78924 79074 78945 78990 79180 79078 79106 79047 78940 79124 
79597 79522 79302 79371 79298 79406 79252 79388 79350 79382 79356 79534 79439 79461 79201 
79674 79758 79717 79556 79750 79713 79771 79762 79739 79849 79789 79853 79818 79978 79830 
79986 79997 79957 79823 80056 80041 80194 80110 80241 79989 80007 80211 79995 80144 79932 
80280 80313 80223 80506 80296 80242 80307 80127 80399 80331 80460 80324 80288 80435 80350 
80549 80435 80651 80433 80519 80726 80661 80667 80704 80547 80544 80542 80482 80492 80583 
81003 80787 80904 80920 80780 80965 80884 80945 80910 80979 80834 80595 80764 80790 80997 
81205 81168 80944 80989 81206 81111 81099 81137 81003 81075 80961 81212 81052 81142 81072 
81205 81495 81502 81293 81118 81425 81427 81330 81220 81388 81328 81432 81407 81110 81517 
81418 81514 81317 81487 81497 81654 81544 81713 81472 81783 81557 81525 81580 81689 81548 
81591 81703 81870 81679 81866 81765 81607 81637 81742 81753 81835 81795 81492 81862 81676 
153255 154242 159483 152771 157211 151745 166814 148579 163670 151633 155714 149495 151918 151501 147832 
160605 147113 149330 159807 152446 155786 157641 156880 163233 146632 162867 151449 144570 154183 147821 
144497 153525 155092 155358 156653 166631 164647 151302 159271 161523 149502 150323 173687 165432 153249 
160680 164301 180814 160085 147834 156317 158275 151401 147426 162331 153232 154616 150057 150277 157527 
152251 159373 154088 157075 157345 157683 149405 155192 154690 158884 159898 147251 148198 150065 153263 
151940 155400 152349 163591 161534 154546 167714 156769 156253 165018 154954 154696 177269 154766 167106 
157912 167403 163744 152699 155666 149829 154930 156492 156727 157121 153974 148840 158799 155191 155980 
155450 146608 157862 160404 152021 153142 165638 152882 159217 162059 154615 150243 155935 147078 162437 
162586 148536 163058 158327 159590 161194 146043 156805 159375 151481 144053 148215 150041 160168 156697 
163795 152539 164195 153895 152637 152116 156137 150975 147757 153344 160325 157355 145004 169886 151848 
150817 150611 152776 155339 161076 161776 153480 157478 149192 157835 151963 161707 163816 154769 164151 
151928 148566 158714 158977 154283 166230 155786 148737 164912 161364 156877 148163 153926 152910 164717 
158291 150003 157242 151132 176597 148425 156872 155520 164464 154154 144564 159145 155484 159160 155435 
154394 150695 148819 165644 149491 162772 157241 163797 164731 152596 147712 149622 157188 152195 164187 
150453 159132 154960 151899 159908 141760 155737 158295 158342 159599 151909 151369 151745 150313 154960 
152640 148179 171682 161748 150578 152477 152685 150708 158107 157280 151862 166019 147704 148347 149874 
152544 164871 154676 156343 147495 176300 144814 151474 162196 154850 160979 147524 160834 162121 154333 
153676 160238 166448 144316 170432 159745 160206 144017 155276 166278 169649 165246 148771 163109 152471 
151854 152429 162410 150870 161546 150927 150367 160095 157236 161961 154512 149857 159102 146486 151512 
155853 159356 156953 149677 154096 148223 145731 165832 158458 148720 145920 162922 157530 147134 159161 
154071 154915 146184 152258 153412 165518 158906 157082 153154 171433 150094 158798 146682 154806 158785 
56407 56407 56407 56407 56407 56407 56407 56407 56407 56407 56407 56407 56407 56407 56407 
64210 64168 64094 64209 64242 64102 64204 64178 64180 64109 64224 64239 64147 64193 64213 
68790 68659 68638 68662 68758 68677 68950 68857 68778 68811 68904 68651 68798 68648 68741 
72205 72098 72261 72058 72354 72101 71886 72312 72277 71998 72113 72044 72522 72374 72046 
75291 75011 74546 74995 74976 75160 75155 75011 75044 75027 74933 75174 74936 75057 75396 
77727 77140 77597 77668 77134 77261 77552 77020 77126 77251 77805 77664 77558 77446 77525 
79897 79285 79594 79572 79088 79396 79843 79392 79737 79389 79852 79311 79296 79371 79620 
81511 81270 81672 81265 81569 81275 81161 81460 81203 81455 81578 81701 81441 81576 81116 
83383 83171 82757 83745 82699 83385 82810 83293 83192 83369 83162 83064 82851 83051 82954 
84370 84282 84660 84288 85169 85031 85129 84546 84814 84779 84850 84677 84617 85306 84574 
86417 86115 85954 86517 86265 86062 85846 86019 86006 86419 86052 86367 86375 86198 86099 
87300 87821 87137 87812 87421 88029 87404 87405 87735 87657 87400 88034 87433 87753 87114 
89092 88782 88811 88442 88564 88265 88772 88657 88769 89103 88533 89086 89071 88978 88434 
89963 89638 89882 89731 90117 89820 90557 90408 89985 89701 90187 89866 90155 90051 90042 
91053 91290 91081 91148 90995 91060 90999 90858 91051 90937 91370 91426 91127 90616 91049 
92182 91974 91914 92206 92140 92699 92331 92456 92220 91698 92396 91903 92292 91745 91773 
93144 92976 92938 93372 92832 93113 92700 93179 93219 93291 93109 92655 93104 93148 93245 
93846 94517 93857 93782 94180 94124 93749 93768 93766 93843 94201 94393 94142 94339 94077 
94900 95083 94954 94676 94391 95026 95486 94986 95310 94685 94658 94939 94616 95079 95271 
95721 95559 95440 95866 95519 96236 95481 96565 95604 95881 96363 96625 96101 95763 96245 
96574 96585 96607 95774 96663 96478 96439 96615 96386 96787 96808 96899 96471 96680 96654 
9999 9999 9999 9999 9999 9999 9999 9999 9999 9999 9999 9999 9999 9999 9999 
62225 63259 61965 62400 60572 61272 61872 65296 62745 61778 61946 65693 62385 62077 62066 
72048 71666 71718 71554 71948 72105 71933 71230 71930 71658 71548 71790 71762 71645 71662 
71323 71137 71278 71795 71810 71281 71046 71596 71368 71171 71776 71040 71066 71510 71480 
72900 72503 73049 72864 72528 72889 73051 72608 72878 73185 73179 73192 72533 73017 73388 
76179 74169 74755 74846 75303 74929 74808 74925 76383 76086 75500 75627 74555 75593 76700 
78580 77821 79236 78167 77185 78500 78521 77850 78536 78144 77550 77678 77791 78687 77159 
80514 80287 82054 80068 80788 80119 80013 80601 80251 80114 79259 80399 81368 80688 80224 
82201 82359 82028 82686 82753 83116 81306 83379 82933 82179 82967 83277 82257 82774 82474 
83719 83483 83547 84096 83011 84517 84971 83678 83916 83128 83737 82963 83937 83614 83338 
84223 84451 84525 84705 85840 83762 84544 84035 84836 84114 84876 84718 85093 84473 85683 
85481 84754 85012 85363 85151 84436 85228 85207 85758 84928 85368 85234 85272 85152 85551 
85611 85835 85358 85438 85130 85139 86132 85610 85852 86030 85356 85669 85673 85345 85353 
85539 85748 85757 85844 85849 85520 85536 85946 85562 86244 85609 85828 85732 85529 85995 
86067 86457 86260 85790 85705 85981 86388 85859 85958 85720 86010 85751 86265 85975 85672 
85996 85934 85852 85901 85925 86038 86128 85964 85827 85981 86071 85643 86071 85655 86215 
86104 86074 86195 85909 85934 86100 85874 86078 86071 86007 85934 86184 86035 86164 86327 
86345 86455 86353 86189 85923 86358 85926 86344 85995 86140 86439 86432 86295 86373 86293 
86276 86105 86195 86282 86294 85992 86019 86527 86297 85958 86223 86148 86231 86374 86100 
86475 86563 86248 86398 86413 86192 86444 86402 86391 86405 86499 86100 86140 86631 86288 
86628 86376 86416 86318 86221 86397 86299 86417 86384 86398 86508 86550 86334 86084 86261 
9999 9999 9999 9999 9999 9999 9999 9999 9999 9999 9999 9999 9999 9999 9999 
46141 45882 45781 45765 46665 45915 46415 46294 46573 46179 46087 46188 46432 45498 46096 
56533 55954 56737 56384 56592 56741 57667 56636 57409 57099 57184 56341 56447 56458 56291 
64711 64747 64621 64444 64869 64469 63749 65274 65443 64540 64110 64331 65407 65191 64422 
72023 71496 71206 71055 72111 72095 72619 70925 71372 71726 71178 71635 70966 71386 72832 
77596 77009 77323 78157 76747 77138 77040 76022 77195 77188 78136 77123 77359 77684 76909 
83356 81752 81837 82590 81130 82187 83428 81853 83264 81970 82641 82144 81883 81323 82595 
87319 87357 87700 87406 88023 87713 86501 87646 86248 87935 87053 86772 86536 86997 86410 
92467 91140 90222 91857 91393 91627 90388 91476 91342 91119 91386 91602 91156 93219 91225 
95512 95149 95687 94585 95026 95987 95161 95406 96110 96384 96979 94541 95550 97585 95774 
99798 99942 99436 100614 100905 98184 99613 98912 100372 99487 99628 99053 99285 98043 99139 
102557 103587 102862 104118 102872 104174 102697 103056 103589 103036 101691 103261 103033 102497 102454 
106959 106077 106653 106498 106292 104436 107167 108018 107478 106524 105867 107191 105474 106143 105407 
109659 109812 110057 109565 109913 110136 111682 110860 109643 109776 111240 108792 109744 109501 109807 
112521 113634 112376 112719 111990 112346 114115 114351 113644 113546 112112 114237 113064 113030 111326 
114978 115803 114926 115878 116901 117698 116167 117693 115310 113616 116578 115498 116251 115407 115628 
117868 118285 116600 117328 118670 119118 118656 117662 120047 119086 119504 118471 117744 118065 118941 
122105 121916 121561 121033 120854 120734 121498 121074 121163 119606 119956 120873 121134 121382 121928 
123126 123506 124789 123742 121183 124996 124207 124535 123435 121553 123534 124253 123641 122096 125407 
125649 124671 125711 126473 126117 125354 124459 126194 127020 126420 127662 127024 127271 125694 127333 
129905 128660 129200 127287 127349 127900 128517 128880 126519 127704 129490 130124 128718 127488 128679 
19997 19997 19997 19997 19997 19997 19997 19997 19997 19997 19997 19997 19997 19997 19997 
30975 30857 30705 30849 30987 30900 30958 30863 30796 30734 30875 31002 30992 30806 30881 
36482 36534 36544 36477 36646 36589 37062 36898 36916 36888 36930 36517 36560 36696 36589 
40722 40634 40412 40706 40775 40470 40123 40753 40691 40436 40688 40462 41051 41000 40600 
44098 43576 43502 43869 43868 44043 43960 43622 43756 43558 43677 43822 43851 43832 44156 
46492 45859 45904 46417 45985 46289 46267 46075 46035 46276 46544 46219 46634 46036 46384 
48605 48088 47937 48465 48108 47958 48782 48353 48777 48374 48402 48107 47868 47982 48495 
50223 50094 50456 49885 50416 50161 49917 50194 49799 50540 50378 50229 50087 50369 49741 
51905 51604 51450 51899 51691 51771 51458 51869 51667 51856 51479 51755 51546 51835 51866 
53249 53242 52994 53251 53138 53665 53482 53155 53399 53209 53637 52821 53190 53813 53499 
54508 54550 54401 54973 54546 54384 54336 54516 54415 54672 54675 54430 54411 54477 54871 
55533 56123 55393 55926 55759 55952 55440 55607 55912 55690 55650 56123 55663 55969 55448 
57168 56716 56698 57161 56998 56064 56856 57203 56811 56976 56851 57222 57128 57126 56516 
57851 57839 58006 57761 57970 57987 58613 58158 58068 57733 58170 57868 58132 58134 57733 
58920 58936 58969 59121 58533 58914 59087 59273 59055 58998 59374 58959 58933 58831 58947 
59570 59801 59728 59857 59918 60214 59981 60126 60217 59484 59786 60033 60225 59822 59908 
60598 60665 60625 60838 60716 60958 60746 60796 60732 61019 61107 60401 60732 60393 61094 
61617 61585 61422 61537 61735 61712 61512 61507 61303 61546 61419 61664 61708 61634 61307 
62207 62564 62490 62324 61886 62591 62278 62225 62275 62061 62180 62811 62201 62069 62530 
63050 62751 62682 63087 63162 63105 63002 63202 63108 63441 63438 63227 63274 63191 63105 
64249 63725 64118 63230 63619 63896 63625 63755 63430 63768 63805 63901 63542 63885 63793 
19991 19984 19984 19991 19985 19988 19987 19983 19990 19993 19987 19984 19989 19990 19988 
39918 39329 38944 39699 39304 39233 39337 39088 39175 39433 39199 39253 39793 38886 39220 
46531 47086 46865 46755 47372 47340 47464 47202 47420 47365 47317 47437 47222 46726 47326 
52842 52388 52489 52705 52394 52478 51705 52093 52663 52719 52401 51754 52944 52880 52545 
57201 57474 56734 57155 56650 57544 56816 56335 56803 56163 56605 56873 56499 57344 57093 
60261 59403 58833 59928 59691 59976 60314 59433 60118 60138 61011 60909 60456 60289 60506 
62839 63533 62234 63192 61874 61927 63784 63107 63414 62786 62752 62788 62470 62149 63533 
65394 64577 66435 65042 65336 65712 64954 65746 65225 65523 64960 64946 65104 64995 64450 
68180 67579 67310 67754 67347 67485 67263 67372 67847 67805 67091 67214 68233 67594 67810 
69711 69136 69633 69613 69418 70455 69986 68973 69893 69489 70157 69267 69526 70344 69555 
70543 70793 71583 71682 71057 70829 71495 70831 70852 71198 71273 70778 71342 72459 71024 
72981 74025 72629 73019 73054 72985 72300 72516 73057 72497 71886 73485 72813 73551 72431 
75386 74018 73878 74487 74409 72790 74530 74381 74231 74111 73416 74426 75539 75409 73667 
75271 75442 75380 75886 76019 75737 76184 75797 75968 76026 76280 76406 75555 76487 75026 
76788 77303 77732 78203 76800 76658 76768 77874 77013 77606 77547 77578 77612 77732 77114 
77977 77984 78338 79218 78699 79375 77916 78213 78903 78539 78668 77920 79347 79043 78654 
78929 79732 79052 80006 79659 79512 80466 79395 79796 80313 79784 78991 79119 79332 79943 
80873 80998 80830 80244 81240 80432 81043 80139 80270 80642 79973 80243 81230 81155 79978 
82153 82453 81901 80999 81795 83039 81565 81071 81414 81360 81588 82339 81866 81773 81887 
82627 82704 82266 82840 82714 82894 83281 82259 83141 83475 83894 84077 83450 82806 82876 
84169 84060 83761 84537 83527 83901 83715 84750 83465 84395 84193 83967 83995 84791 83556 
9999 9999 9999 9999 9999 9999 9999 9999 9999 9999 9999 9999 9999 9999 9999 
31236 31272 31032 31239 31311 31122 31125 31012 31257 31104 31151 31145 30986 31213 31252 
36472 36226 36238 36378 36271 36279 36616 36413 36439 36366 36680 36443 36445 36210 36253 
40134 39951 40127 40206 40393 39998 39828 40172 40478 39752 39918 40088 40378 40274 39863 
43260 42969 42656 42765 42899 43480 43323 43171 43332 43343 43345 43534 43048 43327 43438 
45718 45254 45777 46092 45321 45564 45604 45307 45698 45429 45829 45972 45898 45681 45987 
48221 47766 47980 48021 47723 47576 48256 47739 48082 47752 48196 47571 47620 47431 47777 
49718 49511 49866 49316 49788 49723 49158 49487 49062 49477 49664 49621 49803 49739 49000 
51454 51418 50844 51552 51108 51406 50958 51549 51377 51545 51208 51282 51038 51564 51251 
52687 52341 52723 52691 53034 52820 53088 52519 53318 52437 53194 52749 52948 53099 52593 
54756 54016 54420 54877 53989 53972 54311 54026 53846 54620 54163 54124 54445 54288 54326 
55440 55560 55300 55953 55775 55685 55233 55786 55463 55696 55431 55722 55491 55704 55367 
56782 56691 56528 56675 56235 56047 56807 56910 56915 56713 56715 56879 57116 57089 56963 
58102 57706 57879 57761 58196 57864 58194 58345 58011 57768 58035 57673 57972 57863 57817 
58649 59085 59029 59057 58738 58858 58640 59068 59281 58637 58929 59146 58737 58703 59038 
59645 59409 60004 60032 59871 60463 60152 59891 60111 59693 60041 60017 60166 59614 59408 
60811 60512 60835 61003 60530 60774 60630 61161 60729 61101 60635 60455 60594 60867 61258 
61999 62097 61155 61347 62216 61905 61856 61591 61492 61646 61420 62033 61423 61525 61859 
62691 62858 62866 62840 62428 62591 63024 62523 62283 62541 62407 62297 62764 62001 63274 
63113 63283 63249 63278 63413 63319 63576 63819 63645 63641 63690 63643 63945 63210 63702 
64024 63490 64278 63625 64070 64391 64160 64267 64358 63688 63873 64561 64175 64516 63896 
