MergeSort QuickSort TimSort OESM Cook_Kim LIS LIS_treap BothAlgo 
8 21 5
69008 69008 69008 69008 69008 
79096 79016 79113 79079 79098 
81913 82035 82039 81944 82103 
83519 83696 83562 83383 83754 
84806 84825 84705 84368 84683 
85572 85521 85728 85542 85543 
86311 86352 86334 86111 86599 
87069 86931 86994 86941 86983 
87197 87358 87412 87411 87528 
87703 87979 87985 87882 88214 
88148 88090 88244 88313 88211 
88783 88873 88755 88692 88853 
88946 89189 89005 89106 89100 
89357 89387 89530 89190 89500 
89497 89674 89668 89773 89591 
90044 90046 90229 89707 90350 
90001 90192 90325 90314 90312 
90607 90479 90468 90744 90628 
90759 90599 90442 90679 90823 
91091 91147 91080 90952 91132 
91571 91365 91085 91479 90899 
155798 146152 156694 149645 164668 
175827 155368 154894 158192 149784 
162555 152625 162822 148730 148603 
163809 158807 149271 145769 152632 
162322 157704 151561 157089 155807 
154489 167962 168463 161937 163825 
156803 158817 156360 154232 152932 
146344 149369 162161 155898 155992 
164560 154266 164645 160425 161202 
151847 176010 156106 162894 151240 
149278 146696 155691 158020 150564 
148895 151829 163259 150857 147877 
155605 149790 149877 146927 148640 
153513 150437 153656 148871 168530 
162291 153478 154743 151215 153436 
156611 153940 162501 163081 146987 
155101 146764 153498 146355 149622 
166458 154038 153928 162506 145349 
156818 180519 155575 157120 155259 
161623 165183 149213 171320 150844 
156834 157356 150789 145027 151719 
56407 56407 56407 56407 56407 
81221 81230 81123 80910 80892 
92786 92736 92812 93218 92368 
99621 100017 99803 99912 99864 
104527 105031 104630 104069 104549 
107630 108115 108071 108685 108259 
111816 111419 111747 110918 111265 
114954 114075 113454 113687 114692 
115583 115645 116458 115696 115754 
117140 117173 116998 117151 117705 
119349 118377 118475 117859 118754 
120175 119924 120382 120495 121593 
121582 121502 121553 122201 122215 
122467 122058 122920 122924 122076 
123169 123872 122043 123393 123260 
125035 125640 125264 123928 125023 
124676 124862 125674 125109 124101 
126075 126014 126306 126944 125913 
125972 126080 125953 125925 126125 
127159 126926 127337 126902 126845 
128854 128288 128084 128735 127646 
9999 9999 9999 9999 9999 
84467 84208 84728 83800 84836 
86672 86330 86604 86460 86578 
87644 87962 87300 87944 87878 
89402 89534 89712 89279 89228 
90780 90528 91253 90806 91360 
91901 91940 92373 92544 92566 
93635 93218 92824 93454 93451 
94062 93528 94186 94141 93957 
94730 94792 94443 94405 94667 
95340 95441 95182 95051 94913 
95486 95427 96033 95582 95703 
95669 95779 96101 96175 96180 
96160 96382 96206 96333 95949 
96081 96148 96422 96194 96232 
96983 96690 96847 96629 96598 
96861 96599 96813 96879 96888 
96760 97042 96826 96973 96756 
97084 96973 97046 97159 97097 
96991 97249 97404 97092 97411 
97280 97396 97491 97402 97230 
9999 9999 9999 9999 9999 
75518 75680 74743 74095 74901 
114028 115388 113767 114920 114566 
137057 138416 138091 138496 136791 
153200 151663 154780 151328 152504 
163018 164172 162125 162949 161535 
171729 172701 173242 171440 172400 
180724 176104 177180 179272 177919 
181918 184297 184231 180759 182948 
185739 186640 187137 188556 187975 
190644 190174 192648 191191 190122 
191965 192697 194519 193308 193172 
196597 195242 196763 195642 195565 
197354 198461 198687 198010 198450 
198639 198773 199684 198669 199930 
201712 202079 202844 202268 201579 
202269 204304 203243 204126 202077 
204662 204813 203139 206474 205102 
205963 206331 207592 206733 205208 
206070 206836 207820 207221 206890 
209672 208848 209087 208614 208548 
19997 19997 19997 19997 19997 
46790 46545 46311 46341 46654 
57252 57387 57610 58013 57486 
63654 63731 63392 63498 63351 
67595 66816 67698 67200 67829 
70413 70382 70090 70549 70444 
72739 72571 73290 72714 73504 
75310 74522 74592 74958 74993 
76418 76668 76291 76508 76398 
77601 77676 78229 78867 78848 
79811 79063 79744 79287 79170 
80943 80575 80607 80745 81352 
81887 81735 81997 81942 81719 
83354 83281 82913 82608 82864 
83443 83363 83594 83972 83715 
85521 84856 85229 84684 85332 
85453 85711 85835 85705 85651 
86502 86936 86410 86991 87228 
87125 87661 87022 87392 87658 
87804 87392 87873 88253 87842 
89312 88610 88770 88886 88139 
19988 19991 19992 19990 19983 
62614 62581 62324 62362 61766 
79933 80372 80956 80688 80703 
91019 90035 88515 90639 91076 
97302 95698 97474 95882 98061 
101364 101462 101758 101746 101472 
106732 105354 106237 104874 108666 
111556 109417 109126 109736 108854 
111694 112423 112881 112298 112360 
114057 114052 114368 115224 116512 
116431 117107 118526 116077 117149 
119494 119741 118339 120471 122043 
121276 121847 122223 122165 122213 
124522 124418 123730 124323 123525 
124964 124203 125812 123053 126460 
127645 127067 128757 127023 129014 
126375 129584 129144 126964 127510 
130901 130157 128283 130288 131616 
131056 132158 130213 130830 129250 
131738 132427 131400 132451 133267 
134766 131839 133027 132112 133741 
9999 9999 9999 9999 9999 
51616 51885 51698 51770 51897 
62431 62656 62618 62543 62651 
68131 68877 68402 68346 69221 
73725 73274 73221 72336 73692 
76598 76352 76557 76399 77367 
79716 79719 80114 79296 80671 
83357 82244 82276 82233 82785 
84535 84680 84714 85107 84107 
86293 86786 86755 86871 87112 
88561 88039 88628 87635 88749 
90157 90291 89999 90015 90831 
91963 91726 91877 91710 91613 
93018 93172 93740 93157 93402 
94644 93848 94986 95200 94373 
97028 96714 96750 96052 96511 
96321 97536 97253 96881 96700 
98298 98732 98349 98113 98706 
99265 99404 99180 98884 99335 
100148 100213 100070 100506 100611 
101782 101556 101427 102131 100388 
