MergeSort QuickSort TimSort OESM Cook_Kim LIS LIS_treap BothAlgo2 
8 21 30
69008 69008 69008 69008 69008 69008 69008 69008 69008 69008 69008 69008 69008 69008 69008 69008 69008 69008 69008 69008 69008 69008 69008 69008 69008 69008 69008 69008 69008 69008 
72893 72691 72718 72809 72789 72800 72783 72743 72745 72675 72820 72871 72774 72761 72733 72828 72671 72765 72736 72722 72714 72695 72750 72858 72752 72774 72740 72630 72741 72730 
74237 74382 74538 74454 74491 74344 74551 74401 74353 74318 74272 74348 74409 74428 74322 74359 74286 74410 74403 74382 74412 74264 74323 74383 74424 74351 74405 74474 74343 74570 
75474 75483 75508 75409 75550 75322 75419 75561 75480 75307 75531 75448 75432 75422 75641 75399 75554 75540 75573 75627 75608 75443 75535 75488 75397 75429 75371 75463 75580 75540 
76247 76386 76255 76512 76342 76380 76245 76242 76278 76178 76370 76376 76305 76239 76403 76344 76356 76386 76314 76345 76241 76165 76275 76381 76405 76276 76267 76390 76275 76355 
76934 77103 77070 76980 77025 76867 77025 77125 76967 77165 77011 76869 77127 76963 76971 77231 77006 77012 77125 77067 76915 77069 76866 76895 77018 77099 77031 77088 77075 77154 
77719 77414 77729 77443 77442 77401 77660 77602 77649 77640 77521 77605 77639 77867 77578 77624 77760 77530 77559 77403 77511 77624 77542 77663 77638 77600 77682 77694 77654 77603 
77914 78268 78153 78124 77976 78162 78108 78173 78299 78142 77991 78020 78144 78110 78185 78096 78047 78113 78236 77936 78144 78237 78166 78098 78128 78151 78139 78134 78209 78178 
78666 78630 78613 78564 78483 78466 78413 78670 78638 78739 78651 78527 78510 78648 78611 78429 78534 78661 78603 78564 78660 78714 78766 78402 78635 78536 78413 78701 78581 78771 
78920 79164 78925 79099 79047 78860 78966 78913 78918 79096 79016 79063 79079 78993 79006 79122 79049 78979 79074 78883 78911 79101 78816 78864 78986 78900 78879 79013 79152 78956 
79324 79425 79172 79352 79338 79426 79390 79393 79571 79318 79135 79300 79395 79420 79340 79366 79469 79328 79396 79403 79256 79284 79353 79290 79543 79502 79467 79256 79423 79350 
79698 79441 79621 79488 79602 79920 79671 79585 79576 79655 79698 79626 79556 79601 79698 79767 79594 79656 79661 79709 79559 79724 79738 79708 79788 79646 79774 79833 79595 79723 
79905 79892 79983 80002 80015 80065 79951 79818 80108 80006 79971 80064 79985 80081 80033 79883 80032 80049 79931 79965 80115 80182 80039 79921 80162 79870 80198 80067 79961 80029 
80331 80260 80152 80317 80277 80343 80131 80198 80272 80201 80086 80414 80496 80384 80418 80508 80536 80148 80409 80294 80348 80072 80274 80124 80292 80434 80304 80238 80362 80236 
80580 80650 80574 80372 80430 80520 80368 80635 80538 80630 80659 80687 80446 80536 80617 80541 80634 80494 80543 80443 80476 80527 80764 80487 80609 80592 80629 80535 80476 80471 
80928 80901 80903 80869 81111 80789 81030 80883 80880 80763 80754 80930 80777 80778 80823 80774 80654 80645 80958 81061 80692 81004 80720 80820 80643 80895 80784 80790 80778 80842 
80870 81095 80976 81267 81074 81077 81041 81170 81078 80936 81083 81111 81068 81331 80928 81238 81078 81092 80990 81220 80935 80818 81112 81058 81028 81054 81230 81156 80922 81056 
81368 81351 81200 81379 81512 81458 81496 81245 81436 81096 81356 81257 81425 81252 81502 81261 81400 81461 81087 81258 81256 81318 81193 81117 81474 81575 81386 81239 81235 81358 
81578 81632 81592 81461 81509 81450 81606 81737 81308 81643 81294 81464 81590 81586 81464 81456 81447 81667 81424 81501 81640 81624 81460 81156 81539 81623 81662 81646 81437 81602 
81764 81722 81685 81461 81656 81605 81645 81552 81900 81554 81639 81660 81714 81779 81586 81810 81731 81816 81791 81666 81520 81727 81693 81685 81778 81611 81847 81713 81525 81929 
81952 81677 81881 82020 81886 81986 81849 81786 81978 81840 81993 81742 81940 81890 81936 81920 81754 81832 81899 81761 81862 81723 82059 81822 81794 81945 81892 82063 81781 82080 
147308 152549 154000 146799 150046 145026 144576 155255 169074 159399 148067 146826 150555 166027 151279 150893 153233 154815 173537 162893 160777 147856 148548 154406 157564 152279 164454 148689 150140 156517 
162260 156663 153173 162402 162488 161277 157842 150357 153243 163443 167674 163967 147849 149076 150585 149481 156413 155172 145934 151744 150041 169840 159617 154039 146759 152981 161799 153371 153992 156060 
152619 158800 154822 144060 168324 151269 152753 163607 156545 152109 154557 157242 154193 148983 151273 161975 156544 157556 158224 149551 158240 158510 150569 151905 150386 149770 164691 151762 151371 153153 
169951 154093 173159 161048 149300 168214 153660 152222 162104 155519 160187 166949 167908 151527 163305 149399 156843 159577 159891 150334 160184 145293 146373 165145 157590 152284 156903 148993 152169 146493 
155169 175586 156472 154384 162586 160326 157786 159475 148592 146935 153970 160784 155570 149417 156263 164585 156187 148476 149668 154754 156969 155696 165010 168796 155112 156399 158801 147879 151736 149267 
156709 162648 150416 162669 158756 155223 155680 158728 153523 165610 155136 153568 150695 149013 171829 171280 151709 156747 158209 164386 166080 157446 156922 155938 152061 159924 152260 153204 150523 148988 
155279 142952 154823 160055 159786 149390 162046 157554 152475 160051 154667 161614 151699 155402 155530 153680 151126 153331 157146 156669 152226 150027 148452 160515 150786 149408 145108 155712 153670 162991 
147776 165887 168272 160869 154567 149674 159864 150587 151244 160076 164365 155483 151078 155094 164579 163065 151945 151725 158950 157091 156412 148088 156385 152426 154715 165718 160949 162027 150870 170915 
167442 165370 170356 164713 154209 155380 155993 164912 161347 151805 170096 151484 158231 172339 168620 150008 152597 176855 157922 151132 154068 152399 146002 167373 152693 161368 158962 149307 155827 145144 
157740 164491 170577 154164 157595 155800 147329 146696 155534 145418 154362 152494 151486 148529 181520 169185 158929 148893 157777 157085 146754 149376 154014 157418 149466 156716 164352 155577 149385 157466 
152471 173705 144025 148890 148644 168571 161564 153664 151574 174753 153276 153620 153011 156647 146656 156018 154591 154273 147240 152559 152333 153800 150686 153024 150739 153346 147406 156004 154187 147655 
157974 152469 158116 158369 162905 150981 165184 156134 164534 160802 153792 155704 167314 161163 151034 152631 146345 157238 152218 155860 173295 146806 154706 152498 161520 152978 157128 159567 150095 151098 
154984 161543 163124 162195 152057 156541 165078 155851 153702 161448 159174 160664 162038 158755 151044 163439 158851 154667 150641 147968 152595 161989 154512 158360 161747 147942 158209 163570 158901 157305 
155060 150901 151230 149926 161887 155937 151751 152402 161421 152431 145571 154548 157163 172030 158077 156303 156212 154744 162771 153366 153030 156831 153837 166830 150291 164461 154195 156055 152642 153044 
165587 162735 162286 158796 152642 155950 150643 155405 149230 152712 162566 166329 151191 156859 159591 153083 160568 152754 154528 152662 160802 149854 150116 156915 159669 152887 153716 148097 153008 149832 
161093 153691 168937 161315 166234 150367 165912 150222 171500 153700 152753 160983 158310 159746 146684 147790 155983 152078 156863 159975 164761 155866 148549 150770 160282 149851 154089 149731 153170 154256 
170540 145749 169625 157001 156568 152149 162633 157564 154204 154648 150508 153228 161066 160993 146294 155446 156425 152700 159414 150037 155820 173312 165281 150990 152645 150073 157596 163478 153675 167184 
153935 150372 155137 160717 152506 157658 162884 151907 150538 151028 167813 156999 156697 167116 147078 147391 156094 155350 159544 155173 151125 161393 151776 154025 160179 153428 157103 163369 155770 154457 
155446 144977 156405 160166 151881 155631 151211 158390 155104 164470 146151 158862 166036 153265 152176 163532 154993 145647 156689 152285 153481 150830 159130 153866 154107 154523 161889 157904 158273 169679 
163328 154195 171203 153868 159582 150294 153938 155495 152521 159503 166932 153495 154637 171348 147561 167664 153099 153250 157759 150532 157917 161327 160314 151926 148762 161290 161138 154539 151437 158253 
161859 157774 154443 156488 147118 157419 156891 159284 156577 146225 146929 161832 143250 154176 143408 154839 149786 152084 154209 157567 151013 144474 154527 160335 149973 153340 155268 150702 151607 162761 
56407 56407 56407 56407 56407 56407 56407 56407 56407 56407 56407 56407 56407 56407 56407 56407 56407 56407 56407 56407 56407 56407 56407 56407 56407 56407 56407 56407 56407 56407 
66135 66276 66188 65965 66212 66110 66077 66150 66157 65965 65979 66203 66227 66108 66065 66209 66012 66208 66184 66095 66060 66091 66191 66217 66044 66213 66206 66029 66169 66165 
70761 70692 71188 70715 70990 71015 70789 70689 70839 70508 70456 70813 70807 71014 70820 70763 70445 70979 70736 70721 71021 70637 70720 70602 70754 70628 70732 70875 70422 70951 
74043 74125 74163 73983 74438 73999 74298 74419 74077 74133 74208 74258 74123 74266 74282 74406 74332 73996 74347 74293 74239 74042 74423 74229 74142 74115 73948 74033 74450 74126 
77011 77007 76900 76975 77039 76806 77071 76809 77136 76980 77237 77294 76882 76975 77088 76743 76986 77222 77171 77083 77061 76761 76904 77351 77393 77010 77167 77239 76901 77125 
79466 79311 79249 79132 79544 79281 79623 79617 79822 79406 79520 79235 79596 79550 79072 79390 79401 79589 79607 79626 79164 79379 79311 79360 79537 79446 79152 79456 79514 79493 
81560 81476 81950 81279 81370 81179 81745 81796 81265 81720 81564 81592 81469 81821 81610 81384 81455 81616 81416 81642 81237 81169 81470 81864 81595 81802 81468 82079 81818 81585 
83532 83333 83371 83094 83374 83082 83144 83640 83545 83584 83441 83501 83788 83481 83405 82874 83189 83349 83387 83285 83228 83518 83238 83426 83267 83452 83228 83225 83394 83421 
85352 85277 85042 85144 84703 84599 85124 85169 85266 85369 85131 85234 85392 84456 85070 85297 84790 84961 84986 84878 85028 85447 85309 84705 84919 85431 84922 85468 85185 85230 
86548 86971 86178 86918 86468 86689 86569 86254 86930 86740 86653 86554 86606 86890 86436 86806 87024 86114 86530 86520 87037 86581 86387 86459 86854 86935 86211 86724 86708 86464 
87964 88319 87941 87887 87964 87673 88377 88385 88506 87796 87469 88311 88045 88082 88063 87836 88205 88331 88197 88254 88344 87551 87620 88157 88092 88785 88487 88041 88171 87321 
89662 89362 89218 89011 89234 89609 89270 89445 89344 89234 89428 89381 89349 89488 89703 89348 89206 89399 89183 89906 88942 89907 89384 89902 89367 89620 89418 89448 89513 89562 
90361 90796 90477 90248 90439 90797 90760 90484 91205 91105 90562 90427 90701 90712 91006 90673 90943 90654 90218 90473 90675 90694 90315 90226 90694 90260 90506 90798 90126 90613 
91696 92044 91528 91277 91280 91365 92140 91755 92307 91016 91582 91929 92210 91937 91408 91764 91881 91372 92133 91778 91574 91178 91880 91471 92405 91739 92256 91016 91819 91972 
93138 92517 92620 92479 92821 92921 92648 93118 92699 92778 93263 92952 92904 92770 92907 92682 93115 92988 92864 92630 92874 92586 92721 92680 92970 92908 93309 92800 93089 92641 
94496 93857 93758 93648 93822 94085 94194 94325 93704 93676 93505 93520 93855 94102 93488 93941 94155 93262 94228 94335 94036 93742 94227 94403 94097 93916 93978 93538 93719 93954 
94646 95014 95089 94820 95424 95718 94882 94511 95022 94461 94895 95135 94778 94793 94126 95135 94706 94690 94951 94962 94483 94512 94979 94728 95086 95026 95008 94939 94765 94440 
95588 95813 96067 95136 96277 95658 95880 95487 95432 95514 96741 95273 95456 95532 96253 95663 96012 95624 94949 96013 95198 95892 95956 95122 95521 95773 95800 96024 95513 96088 
96369 96712 96533 97012 96910 97192 96806 97299 96540 97008 95702 96641 96875 96268 96712 96663 96275 97118 96671 96837 97273 96995 96400 96369 96526 96521 97045 96619 96891 96722 
97116 98030 97277 96490 97136 96864 97612 97284 97404 97249 97383 96929 97729 97906 97559 97087 96804 97075 97803 97311 97492 97370 96753 96916 97551 97158 97233 97948 96730 97508 
98793 97963 97752 97868 98562 98252 98164 97831 98128 98480 97836 97860 98364 98226 97867 97796 98220 98296 98267 97794 98248 97869 98168 98203 97977 97795 98396 98169 97758 98559 
9999 9999 9999 9999 9999 9999 9999 9999 9999 9999 9999 9999 9999 9999 9999 9999 9999 9999 9999 9999 9999 9999 9999 9999 9999 9999 9999 9999 9999 9999 
66642 69352 66027 65078 67555 66849 68634 67978 67052 65061 67140 65456 67312 64782 64795 66709 66309 66757 70561 65143 68427 64993 66401 64538 67261 67513 66009 65945 64795 69093 
71456 71420 71193 71237 71436 71065 71371 71480 71523 71322 71478 71181 71077 71019 70773 71095 71463 71631 71510 70626 71191 71683 71288 71762 70973 71615 71229 71657 71325 71254 
71577 72096 72118 71569 71530 71892 71714 71858 71752 71573 71852 71866 71192 71374 71757 71909 71460 71811 71704 71327 72014 71660 71792 72196 72249 72065 71732 72177 72139 72082 
73938 73337 74112 73741 73092 73824 74145 73486 74180 73180 74180 74506 73587 73558 73679 73453 73357 73685 73286 73998 74033 73371 73284 73808 74255 73292 74249 74416 73237 73947 
76823 77371 76681 76459 77012 77319 75457 77152 76476 77044 76625 76676 75869 76377 76038 77817 76984 77676 77360 76554 75916 77259 76332 76916 76492 76626 76365 77301 76863 76358 
79061 79186 79733 79804 79121 78388 80192 80872 78844 79764 79911 80102 80585 80254 80496 79440 79699 79982 79130 79285 79300 79016 80368 79437 79649 80418 78123 79687 79317 78240 
82327 81826 81646 81478 81892 81281 81097 82022 82084 81003 81854 81560 81907 81522 81905 80253 81614 81715 81606 81594 81951 81617 81518 81339 81301 81948 81628 81894 81447 82287 
83777 84330 84124 83122 83316 83757 83538 84035 82775 83109 83572 83383 82905 83561 83501 83299 83422 83363 83111 84370 84081 83364 83518 83238 83052 83262 83370 83529 83875 83533 
83793 84844 83980 84481 84597 83754 84030 84457 84395 83889 84662 84145 84505 84824 84308 85099 83963 84146 85224 84446 84611 84138 84180 84640 85102 84214 84357 84398 84563 84706 
85201 85400 84895 84961 85508 84939 84902 85054 85021 84462 84636 85174 84914 85312 86286 84676 85348 85229 84991 84378 84942 84771 84763 84030 85234 85475 85187 84731 85301 85187 
85536 85909 85107 85589 84760 84877 85393 85658 85981 85181 84743 85304 85373 84985 86160 84834 85448 85234 86019 85668 85486 85152 85587 85924 85913 85596 85795 85323 85652 85399 
86049 86008 85080 85851 85641 86348 85892 85799 86001 85323 85813 85711 86047 85834 85913 85652 85839 85851 85600 85526 85997 85781 85695 85728 85784 86202 85656 85668 86028 85617 
86126 86041 85839 86065 86290 86362 85526 85699 85918 85747 85713 85978 85774 85678 85915 85682 86278 85882 85921 85917 85767 86071 85872 85877 85813 85625 85933 85689 86142 86101 
86193 86005 85895 85940 85985 85713 86115 85925 85853 86067 85919 85759 85910 86116 86090 85804 86154 85950 86283 86113 86017 85464 86319 85572 86183 86209 86127 85970 85734 85915 
86199 86280 85944 86052 86342 86078 86197 85733 85990 85838 86300 86294 85905 85773 85931 85948 86139 86238 86124 86140 85926 86233 86186 86020 85742 86212 85972 86005 86229 86482 
86330 86143 85904 86210 85832 85889 86191 86326 86597 85849 86233 86201 86232 85837 86096 86132 85954 86291 86094 86208 86238 85985 86382 86077 86313 86264 86243 86318 86089 86281 
86172 86133 86241 86350 86142 86161 86223 85715 86053 86239 86316 86297 86051 86303 86450 86261 86081 86368 86199 86381 86084 86275 86165 86486 86367 86139 86285 86106 85985 86357 
86550 86280 86520 86182 86305 86584 86463 86600 86340 86225 86371 86057 86388 86359 86064 86158 86292 86169 86467 86296 86375 86279 86588 86174 86347 86093 86384 86115 86613 86362 
86276 86190 86283 86348 86039 86274 86568 86221 86461 86213 86193 86451 86320 86144 86225 86396 86653 86600 86533 86414 86384 86464 86316 86430 86440 86331 86539 86626 86692 86429 
86368 86765 86533 86757 86605 86375 86504 86752 86332 86162 86647 86404 86326 86538 86335 86349 86652 86497 86633 86528 86551 86415 86174 86809 86199 86570 86302 86352 86477 86483 
9999 9999 9999 9999 9999 9999 9999 9999 9999 9999 9999 9999 9999 9999 9999 9999 9999 9999 9999 9999 9999 9999 9999 9999 9999 9999 9999 9999 9999 9999 
52901 52519 52470 52292 52770 52249 52663 52496 52651 52030 52028 52516 52681 52327 52140 53039 52071 52523 52288 52168 52387 52016 52893 52901 52008 52270 53010 52045 52266 52024 
62669 62424 63810 63058 63616 63238 62980 62675 62913 63275 62411 62953 62157 63571 63324 62789 62288 63906 63241 62956 63318 63403 63663 62962 62990 63434 63066 64112 61966 63681 
71411 70591 70862 70860 70759 70565 70227 71048 70783 71028 71050 71821 71376 71400 71332 71537 71486 70735 71040 70969 71497 70968 71354 70469 71034 70921 70722 69459 71190 70934 
77090 77905 77721 77328 77727 77099 77122 77479 78213 77590 77712 77573 77486 78005 78238 76581 77363 77537 76979 76757 78221 76545 77784 78080 77679 77214 77773 78234 76759 77167 
83530 83543 84101 83463 82295 82787 82069 82649 83521 84804 83353 83016 84147 83816 82079 83937 83563 82662 83839 83662 82632 83408 82891 82751 83852 84019 82563 83823 84194 84113 
88046 88413 89747 87457 87217 86308 89474 88236 87094 88438 88888 88692 87313 89928 89521 88345 88041 89607 87958 88063 88784 88285 87723 90478 88897 88355 87849 88865 88407 88434 
94207 92673 93341 92883 93857 91840 93218 94522 94166 94374 92497 94281 93899 93378 93418 92860 92793 93000 93907 91622 92424 94049 92226 93658 92476 93205 92784 90774 92878 93180 
99650 98538 97660 97645 96011 96648 98723 97584 98040 99220 98063 96587 97990 96468 97652 97646 96466 97029 99037 96743 97355 98844 98106 97665 96922 97643 98996 97527 97742 97990 
101795 103325 100362 101445 101754 100053 102142 100164 102194 102641 101660 102357 102045 102678 100128 101925 102471 100481 101486 101987 102909 100834 100623 100872 101136 102422 100928 102926 101727 101082 
106218 104469 103910 105153 105036 104842 105773 104929 105566 105295 104809 105062 105410 106131 105335 105590 104924 105062 103971 105618 105375 104794 103868 105731 104463 104630 106313 105424 104986 103075 
107959 109141 109183 107030 108615 110135 108115 109437 109306 108489 109327 108633 108404 107766 109767 108244 108808 108747 107892 109646 110466 108846 108661 111119 109963 109481 108719 108628 108857 108674 
111173 111307 112568 110626 112610 111762 113462 113020 113659 111743 112573 111308 111237 112484 113506 112677 111942 111899 110906 111192 113118 111067 111581 112050 111533 110818 111601 111783 110675 112356 
115310 114324 113982 114749 115331 115488 115396 115780 115320 114514 114905 113682 115616 113270 115343 114659 115466 114432 115403 114521 114336 112923 116178 114630 116313 115357 115376 113277 114337 114907 
117456 117410 118737 118826 118757 118450 118120 119237 118028 119979 119185 119650 117990 117826 119438 116959 118726 117589 119150 117806 118900 116832 119753 118240 118749 118371 119700 117816 118656 116771 
122323 120869 120983 119435 119509 120961 121150 122489 120992 119920 120553 119234 121675 121266 121300 120312 121353 120120 121278 121017 120764 120350 122092 121371 119226 119726 121978 119656 119953 120608 
123092 123261 123985 124018 124995 125098 121930 123430 125645 122491 123755 125266 124918 124355 123700 124066 124365 123609 123970 123335 123683 123779 124769 123856 123888 126436 124975 125903 124369 122988 
127984 125217 127247 124953 128040 127452 127219 125971 124134 125632 128080 124878 126377 126614 126585 124862 126537 126945 126123 125760 126068 126349 124321 124537 125576 125221 126077 125069 124701 124697 
127837 127769 129034 129170 128332 129050 129905 129087 128084 129278 127624 131101 130215 128883 127072 129896 127704 129199 128130 129198 129948 129923 127665 127095 129449 128250 129889 129892 127750 128516 
127923 130752 129067 128876 131603 129730 130795 128751 128752 130864 129778 129227 130215 130530 130784 130111 129230 130648 131269 130568 131455 129912 129092 131473 131913 131350 130683 133300 129534 130921 
133859 134070 132868 134228 134345 133708 133066 132465 132881 134143 132962 133080 133616 132831 130787 130883 132704 132360 132698 132392 131857 130964 132933 132128 133241 131693 131685 132501 132895 133158 
19997 19997 19997 19997 19997 19997 19997 19997 19997 19997 19997 19997 19997 19997 19997 19997 19997 19997 19997 19997 19997 19997 19997 19997 19997 19997 19997 19997 19997 19997 
35854 36022 36147 35799 35686 35856 35814 35853 35954 35367 35686 35771 35857 35921 35821 36271 35659 36080 35859 35786 35630 35539 36032 35798 35820 35886 35921 35910 36012 35682 
43240 43100 43697 43330 43439 43321 43381 42895 42780 42782 42806 43444 43127 43516 43254 43486 42690 43263 43113 43200 43110 43341 43229 42526 43244 43424 43107 43713 42796 43117 
48396 48211 48193 47981 48432 47924 48508 48226 48006 48071 48056 48187 48022 48415 48349 47977 48411 47827 48233 48354 48168 48380 48352 47942 48299 48179 47951 48061 48473 48160 
52065 51782 51690 51906 52072 51588 52220 51614 52236 52031 52211 52546 52106 52118 52006 51594 51706 51987 51788 52071 52176 51382 52006 52076 52347 51619 52038 52581 51795 51983 
55280 54945 55088 54804 55167 54910 54801 55275 54926 55446 55329 54839 55348 55611 54843 55122 55223 55192 55325 55141 54828 55384 55230 55224 55055 55276 55278 55261 55614 55006 
57916 57783 58143 57865 57427 57471 58461 57768 57486 58153 57889 58120 58047 58453 57777 57674 58175 58576 57943 58139 57622 57991 58098 58296 58084 57713 57799 58254 58022 58224 
60222 59693 60181 59984 60244 59750 60315 60590 60381 60595 60008 60267 60359 60638 59783 60030 60142 60162 60015 59762 60160 60359 60180 59871 60124 60449 59787 59825 60377 60580 
62699 62449 62563 62421 61456 62222 61971 62323 62579 62756 62422 62550 62470 61701 62500 62526 61692 62220 62490 62373 62519 62486 62330 62091 61910 62658 62073 62725 62282 62701 
64008 64271 63431 64270 64547 64043 64414 63542 64223 64637 64349 64539 64028 64263 64097 64366 64528 64074 64292 64109 63981 64199 63964 64200 64259 64401 64136 64278 63826 63947 
66452 65807 65750 65595 65592 66118 65846 65764 66243 65586 65395 66118 66265 66052 65884 65522 65885 65900 65673 65868 65732 65544 65672 65767 66275 65802 66188 66110 65706 65533 
67308 67633 67510 67176 67264 67489 67079 67590 67627 67396 67692 67603 67331 67476 67554 67451 66939 67447 67467 67773 67563 67970 67500 67959 67748 67402 67593 67405 67397 67183 
68524 69110 68756 68839 68621 69057 69330 68733 69626 69342 68359 68618 68638 69507 69384 68834 69256 68785 68013 68630 69032 68799 68073 69130 69425 68236 68774 69171 68168 69256 
70256 70635 70199 70400 69710 70479 70737 69861 70719 69682 70226 70259 71055 69909 70262 70243 70432 69885 70916 70110 70148 69789 70374 70248 70466 70031 70856 69810 70105 70170 
71463 71601 71721 71429 71296 71960 71437 71815 72006 71721 71958 71315 71829 71392 71734 71139 71656 71783 72030 71715 71129 71392 71865 71426 71356 71451 71948 71717 71263 71128 
72884 73303 72737 72208 72895 72839 73094 73099 72475 72400 72723 72375 72449 72653 72791 72875 72895 72194 73278 72835 73106 72683 72779 73018 72447 72459 72636 72213 72779 72810 
73463 73990 73741 74117 74594 74896 73971 73759 74452 73478 74355 74571 74184 74099 73466 74092 73946 73616 73626 73769 73914 74128 74199 74263 73485 74276 74900 74899 74202 73142 
74724 74675 74774 74405 75588 74789 75026 74921 74465 74644 75977 74647 74715 75219 75463 74849 75166 75136 74876 74450 74707 74698 74662 74490 75006 74725 74819 75175 74281 75485 
76336 75918 75895 75957 75271 76260 76020 76191 75950 76152 75528 76525 76254 75761 75833 75791 75845 76097 75853 76583 76225 76840 75727 75545 75949 75867 76630 76327 76284 75768 
75997 77296 76811 76192 77132 76619 77112 77222 77131 76868 76667 76788 76547 76883 76970 77525 75621 76609 77287 76481 76623 76660 76450 76944 77071 76664 76866 76956 76683 77176 
77855 77374 77817 78317 78513 77345 77843 77473 77596 77780 77833 77513 78137 77701 77923 77659 78088 77433 78041 77422 77429 77396 78050 77779 77287 77290 78068 77427 77874 77368 
19990 19987 19985 19980 19990 19990 19987 19987 19990 19987 19990 19990 19989 19988 19990 19987 19985 19988 19991 19987 19987 19987 19991 19992 19985 19993 19990 19994 19989 19990 
43296 43769 42987 42774 43476 43005 43153 43136 43371 42870 43391 43405 43156 43477 42895 43331 43072 43202 43231 43529 42818 43143 43235 42906 42797 43677 43450 42681 43344 42999 
50512 50690 51753 50770 51431 51144 51102 50427 50888 50417 50224 50773 51046 51051 50650 51213 50322 50891 50519 50825 50837 50671 51150 50635 50812 51341 50786 50769 50386 51414 
55859 55511 56131 54710 55970 55908 56184 56079 56032 56241 56083 56346 55519 55993 55989 55727 56052 55402 55939 56558 56609 56227 56627 55288 55575 55677 55064 56026 56239 56002 
59492 60407 60568 59981 59205 59455 59650 59614 60437 60033 60117 60414 59773 59863 59975 60016 59511 59833 59522 59366 59886 59440 59755 59107 60751 59675 60209 60182 59371 60258 
63444 63193 62882 62765 62537 63084 63181 63165 62483 64187 63531 62838 63596 63023 63314 62572 63063 62664 63191 63398 62909 63095 63540 63014 62795 63148 62766 63450 63267 62364 
66558 65948 66348 65250 64481 66249 66207 66044 66102 65549 65429 65837 65666 66059 65759 65787 65549 66493 66296 66263 65755 65943 65802 65858 66161 65232 65921 66188 65426 67041 
68341 68242 68267 67731 68386 67510 68714 68786 69084 69264 68272 68425 68880 68312 67639 67483 68719 67823 68126 67210 67891 68699 68304 68381 68064 68148 68537 68790 68856 68296 
70335 70836 70018 70293 69270 70161 70406 70659 70602 71315 70872 70305 70325 69292 70732 70304 69284 70587 70513 70082 70598 70962 69216 69784 70126 70615 70291 69869 69756 70623 
72224 72759 72117 72290 72731 72222 71679 71130 72221 72780 72252 72535 71345 72823 72629 71673 72839 72251 72751 71252 71822 72344 72002 72083 73205 71681 73004 72226 71710 72573 
74409 73948 73344 74368 73499 73667 74029 74428 74183 73568 73246 73557 74786 74332 74764 74423 74889 73965 73223 73470 74275 73493 73524 73880 74629 74284 73974 74090 73769 73112 
74832 75772 75630 76080 75430 75740 74759 75928 75323 75647 75364 75394 75091 74965 75263 75965 74661 75866 76110 75296 75755 75917 76145 75628 75496 75013 75272 76008 75691 75372 
76763 77189 76837 77634 76607 78117 77698 75921 77391 77615 77057 77195 76891 77566 76866 76598 76861 77188 76435 76860 77127 76830 76934 77196 77123 77323 77346 78105 75867 76995 
77902 78808 78196 78587 78583 79148 78710 78308 78756 78162 79108 78579 78856 78725 78835 78323 78719 78313 77913 77791 78783 77955 79104 78553 78357 79150 78771 78027 78217 78212 
79109 78860 80310 79933 79630 80067 79560 79899 79695 80121 80972 80097 79861 79713 80026 80395 79824 79118 80415 79821 79636 80426 79806 79895 80226 79141 80424 80368 79610 79999 
81590 80979 80527 80761 81548 81286 81177 81792 80760 80995 80944 80670 80266 80265 81628 81340 80837 80304 81285 81119 81765 80937 81963 80685 80125 81169 80311 80409 80812 81436 
81990 82182 82358 83632 82937 83561 81648 81962 82326 81759 83319 83070 82813 82391 81690 82551 82169 80473 82281 82881 82288 82526 83690 82537 81590 82212 83399 83523 83529 82394 
83247 82603 83196 83235 83160 83210 83779 83205 83272 83201 83990 82966 81774 83391 82856 82621 83381 84074 82548 82300 82861 83823 82684 82607 83594 82724 82315 82621 82903 83378 
85251 83337 84381 85071 83742 84584 85109 84721 83481 85463 83612 84863 83869 84071 84026 85123 84331 84373 84160 84939 84812 85017 84278 83179 84942 84086 84651 85227 83943 84345 
85085 86291 84479 84796 85786 85113 85222 85557 85402 84415 85776 84571 84622 84977 85970 86659 83602 85859 85726 84634 85346 84593 85125 84991 85714 84632 84699 86159 85466 85341 
86636 86118 86913 86318 86263 86705 85298 84839 86665 87377 85599 86662 87559 85814 86250 85386 86295 86422 85837 85947 85097 85225 86591 87756 85192 86006 86554 85728 84900 85728 
9999 9999 9999 9999 9999 9999 9999 9999 9999 9999 9999 9999 9999 9999 9999 9999 9999 9999 9999 9999 9999 9999 9999 9999 9999 9999 9999 9999 9999 9999 
34538 34604 34504 34064 34344 34313 34455 34631 34303 34240 34178 34379 34386 34288 34353 34669 34228 34430 34518 34193 34245 34291 34452 34470 34206 34471 34444 34146 34556 34452 
39560 39249 40134 39711 39970 40099 39650 39553 39486 39215 39132 39825 39681 39896 39524 39650 39327 39820 39810 39530 39901 39469 39606 39488 39559 39561 39550 39857 39103 39885 
43453 43540 43110 43121 43570 43000 43340 43438 43183 43324 43442 43317 43428 43381 43657 43371 43645 43468 43675 43781 43455 42951 43647 43295 43528 43436 43183 43206 43756 43440 
46015 46291 46100 46299 46100 46242 46222 46044 46303 45974 46523 46232 46129 46174 46217 46165 46312 46033 46214 46386 46359 46010 46179 46661 46402 46302 46042 46420 46142 46313 
48912 48542 48518 48407 48590 48805 48546 48845 48731 48984 48462 48031 48656 48713 48607 48780 48421 48829 49040 48975 48463 48765 48469 48576 48618 48826 48241 48562 48753 48667 
50897 50245 51086 50699 50605 50131 50864 50963 50779 50765 50582 50560 50507 51070 50415 50644 50750 50909 50676 50521 50510 50349 50707 50888 50313 50857 50462 50557 50483 50843 
52339 52618 52553 52507 52334 52486 52031 52540 52682 52698 52832 52309 52642 52613 52389 52156 52407 52625 52435 52312 52626 52401 52442 52486 52566 52460 52241 52291 52788 52385 
54423 54415 54510 53855 53678 54031 53914 54057 54186 54502 54112 54344 54180 53956 54187 54112 53789 53800 54292 54134 54249 54433 54049 53511 53881 54235 54071 54480 53973 54299 
55556 55722 55130 55548 55420 55128 55225 55381 55390 55730 55862 55420 55595 55550 55188 55780 55872 55232 55767 55416 55926 55561 55119 54868 55894 55760 55226 55708 55932 55243 
56885 57271 56614 56512 56873 56837 57223 57034 57069 56831 56560 57091 56825 57004 56833 56692 57018 56815 57361 56967 56750 56757 56701 56762 57242 57499 57050 56594 57197 56456 
57929 57662 58000 57896 58004 58388 57563 58084 57730 58319 58004 58071 57690 58065 58420 57891 57914 58294 57564 58255 57969 57773 58141 58272 58410 58273 58115 58416 58094 58479 
58756 58996 58847 58981 58870 59637 59678 58965 59710 59182 58923 59350 59163 59368 59318 59055 59650 59186 58564 59041 59415 59016 59155 59135 59228 59088 59169 59357 59206 58980 
60083 60847 60129 60338 60350 60231 60756 59860 60266 59857 59904 59943 60690 60651 60104 60054 60283 60368 60397 60447 59990 59958 60551 60127 60431 60834 60502 60232 60146 60278 
61380 61213 61062 61288 60990 61103 60917 61009 61308 61216 61399 61706 61356 61385 61217 61385 61110 61110 61405 60938 61091 61191 61714 61057 61230 61376 61482 61190 61433 61104 
62367 61862 62123 62290 62237 62364 62024 62614 62342 62357 62217 62321 62261 62433 62298 62158 62208 61726 62642 62403 62319 62047 62083 62220 61802 62154 62131 62117 62174 62585 
63532 62784 63044 63507 63099 63555 62792 63405 63214 62584 63539 63594 63063 62881 62724 63439 62907 63172 63438 63490 63051 62734 63557 63489 63371 63416 63098 63355 63170 63213 
64312 63910 63977 63782 64619 64376 64532 63954 63880 63828 64359 63838 64023 64108 64224 64102 63955 64018 63690 64066 63599 64254 63939 63812 64151 64378 63940 63743 63786 64117 
64931 65077 64669 65118 64677 64992 65158 65258 64700 65357 64448 64649 65117 65071 64844 64770 64600 64593 64550 65072 64874 64744 64626 64242 64836 64340 65145 64777 64691 64978 
65360 65674 65249 64979 65537 65128 65530 65442 65923 65143 65174 65416 65640 65636 65613 65191 65146 65964 65568 65602 65218 65377 64901 65726 65472 65206 65868 65766 65056 65577 
66947 65811 65708 66262 66204 66160 66338 66355 66524 66578 66316 65981 66653 66125 65897 66401 66406 66106 66024 65736 65736 66098 66058 66592 65948 65750 66141 66125 66144 66296 
