MergeSort QuickSort TimSort OESM Cook_Kim LIS LIS_treap BothAlgo 
69008 69008 69008 69008 69008 69008 69008 69008 69008 69008 
79024 78953 78983 79167 79159 79245 78956 79117 78964 79036 
81905 81900 82046 82026 82133 81889 81830 82054 81845 82266 
83767 83583 83544 83673 83186 83447 83757 83367 83910 83302 
84818 84708 84889 84608 84540 84805 84789 84628 84585 84527 
85722 85739 85639 85691 85355 85637 85508 85655 85599 85487 
86112 86223 86501 86261 86106 86275 86201 86333 86159 86308 
86850 86835 86963 86739 86739 86983 86819 86800 86806 86887 
87435 87387 87413 87563 87191 87432 87523 87419 87483 87259 
87933 87798 87722 87831 87934 87929 87882 87883 87618 87983 
88447 88581 88225 88317 88138 88642 88437 88393 88459 88554 
88720 88665 88454 88814 88578 88485 88669 88556 88637 88728 
89019 89052 89106 89021 88970 89207 89152 89143 88957 88741 
89174 89359 89465 89458 89411 89370 89361 89501 89440 89154 
89926 89446 89943 89803 90029 89736 89746 89646 89612 89706 
90211 89981 90082 90004 90028 90100 90052 90200 89846 89924 
90152 90193 89958 90035 90162 90258 90469 90343 90334 89896 
90555 90341 90543 90681 90296 90891 90308 90803 90688 90683 
90877 90921 90939 90768 90960 90572 90698 90887 90837 90737 
90955 91068 90956 90906 90987 91213 91027 90931 91101 90963 
91420 91109 91178 91199 91023 91347 91337 91269 90908 91073 

155798 146152 156694 149645 164668 153863 169441 144804 154841 157767 
159611 160752 159810 152543 149424 157807 152016 147899 160331 163705 
144331 164223 152076 154889 161053 156590 150565 153782 149181 168407 
150152 164249 146825 162243 150867 160027 147546 161566 155913 150598 
166047 165194 162512 146677 151828 152760 157640 154728 152089 158503 
156394 164806 156207 166932 149465 165651 153308 150156 151898 158585 
154536 144776 163225 159627 149022 160035 153165 152202 145466 152091 
164261 147255 158732 155034 146829 162214 148001 149886 149145 153944 
152283 160586 152449 155137 154544 160634 150568 161419 155528 159973 
157706 148194 162352 155428 153063 151247 153387 154957 161883 153366 
148238 153262 156520 153627 165182 148523 157376 162193 150620 150913 
159075 157747 178102 161119 164821 162788 151913 152585 154178 151874 
159813 153848 154810 141588 157386 153298 158762 149076 152194 154033 
161758 151210 151363 154817 153486 151097 158943 148515 153855 150498 
162948 155164 151060 154605 155214 160343 150109 157295 147316 151246 
149910 151412 153232 146818 155630 149541 164837 150925 158721 156369 
159285 154407 164478 156481 164846 149207 145512 150963 148820 165539 
154229 167081 166002 154280 156807 162443 148472 165738 153703 151072 
165516 165115 150676 155833 155008 157360 154225 147082 151951 165426 
162367 164316 169633 154129 147411 152239 152256 161580 162949 155796 
153418 156548 154888 156962 151480 148043 145586 152979 151148 158381 

56407 56407 56407 56407 56407 56407 56407 56407 56407 56407 
81165 81032 80942 80969 81075 81939 80425 81197 81253 81224 
92428 92567 92941 92830 93013 92652 92095 93260 92270 92968 
99510 100299 99817 99820 99127 99671 100334 99627 100150 99441 
104801 105025 105701 103825 104786 105366 104688 105148 105531 104910 
109293 108481 109123 108295 108177 108968 108108 108241 107577 108311 
110693 111132 111250 110981 111122 111171 111166 111484 111396 112165 
112860 113744 114177 113444 113046 113603 112922 113907 113837 113930 
116108 115967 116441 116827 115296 115564 115820 115844 116005 116453 
117885 117928 117670 117291 117439 117299 118354 117321 116635 117635 
119320 118729 119025 118477 119184 118610 118933 118754 119156 119128 
120463 120420 119582 120937 120226 119130 120087 120670 120317 119767 
120895 121064 121817 121009 121038 121768 120775 120995 120786 120993 
121519 122321 122046 122002 122594 122927 121870 122676 122318 122004 
123674 123792 122467 123653 124504 123338 123340 122546 123636 124222 
124139 124525 123994 124540 124498 123867 123957 124332 124117 124654 
124548 125472 124950 125963 125776 125031 125528 124958 124670 125074 
126570 126064 126278 126058 126172 125217 126765 125875 126721 125692 
125373 126765 126988 127794 126915 126076 126933 127317 126954 126650 
127036 126803 127197 127282 126864 127109 127599 127563 127655 126795 
128630 126906 128456 128167 127739 127950 127901 127941 128019 127323 

9999 9999 9999 9999 9999 9999 9999 9999 9999 9999 
84904 84659 84408 84842 85285 85662 84371 84387 84359 84706 
86417 86434 86946 86640 86721 86787 86417 86933 86742 86507 
87660 87921 87901 87836 87630 87647 88130 87820 88174 87935 
89243 88916 89388 89348 89545 89460 89137 89461 89304 89219 
90993 91245 90966 90824 90973 91108 90999 91113 90670 90685 
92328 92183 92201 92041 92297 92011 92416 91975 92240 92565 
93351 93102 93337 93078 92608 93265 93014 93064 93099 93479 
94144 93915 93831 93846 93801 93869 94120 93764 93899 93817 
94630 94553 94668 94760 94472 94707 95037 94779 94678 94517 
95032 95431 95206 94878 95303 95504 95036 94933 95521 95279 
95673 95699 95262 96067 95551 95312 95559 95831 95294 95601 
95785 95768 95529 95813 96021 95650 95935 95955 95903 96072 
96279 96310 95791 96266 95932 96351 96397 96000 96234 95902 
96499 96423 96400 96535 96453 96317 96375 96491 96324 96415 
96854 96657 96426 96576 96380 96375 96816 96839 96817 96455 
96855 96829 96600 96502 96993 96906 96717 96772 96874 96546 
96904 97089 96950 97082 97037 96871 96806 96908 97181 96939 
97240 97126 96972 97018 97310 97088 97050 97280 97088 96871 
97237 97070 97114 96984 97191 97189 97401 97169 97209 97208 
97564 97289 97296 97260 97343 97341 97413 97278 97297 97245 

9999 9999 9999 9999 9999 9999 9999 9999 9999 9999 
75491 75152 74319 74111 74864 75465 73382 74240 74853 75183 
114624 114873 114383 115936 115037 112793 115427 115071 114203 114091 
139080 138823 137715 137124 136069 137774 139303 138407 138239 137357 
151524 152329 154526 150672 152855 153048 151209 155283 152133 154983 
164880 165764 164409 161929 162246 165193 165672 163378 163836 162774 
172647 171321 171737 171170 172052 170738 171279 170883 171093 172043 
178080 176882 179930 177831 177969 179837 179323 177640 178086 178764 
183596 183207 184769 185468 181615 182964 182255 182207 182411 183106 
187397 186565 187199 187465 185964 188301 187511 186710 187080 187737 
190270 190979 189503 190042 190609 190556 189011 190791 192505 192850 
194907 192926 193478 193826 191826 192733 194497 194743 192863 194027 
196372 197032 194576 196572 195881 195172 195827 196568 194031 195249 
196815 197700 198342 198319 196416 198161 198596 199470 198466 198075 
199649 199720 200696 200042 201003 201913 200667 199282 200354 199991 
201905 202578 201734 202519 201267 201786 200951 203762 202546 200214 
202410 203613 202640 203524 204175 204337 204171 203367 203095 204099 
204767 204416 205281 206799 203821 204008 204162 205897 203735 204184 
205491 206845 205582 206868 204144 206300 206711 206715 205235 207319 
207791 207796 206693 207065 207861 208046 206459 207859 208408 204958 
208575 210280 208464 207206 209382 207014 208872 208912 207776 206910 

19997 19997 19997 19997 19997 19997 19997 19997 19997 19997 
46655 46488 46355 46692 46727 46855 46105 46367 46435 46669 
57706 57916 57573 57284 57279 57245 56987 57853 57557 57810 
64007 63471 63980 63266 63183 63461 63643 63502 63820 63073 
67284 67360 67764 66790 67286 67594 67138 67777 67315 67444 
70703 70508 70039 70602 70074 70885 70485 70822 70424 70279 
73226 72519 72991 72722 72763 72379 72691 72294 73048 72789 
74860 74653 74738 74688 74786 75400 74718 74710 74725 75385 
77170 76802 76500 76906 76154 77115 76812 76712 77054 76547 
78104 78349 78254 77959 77482 78589 78323 78249 78240 78146 
79703 79596 79197 79207 79624 79616 79584 79985 79903 80214 
81321 81240 80533 80798 80199 80241 81030 80864 80262 80944 
81990 81664 81923 82038 82242 82037 82198 81987 81629 82193 
82616 83123 83203 82876 83275 82910 82873 82842 82396 82642 
83491 83713 84189 84339 84427 84521 84107 83507 83988 83602 
85145 85245 84791 84577 84366 85249 85379 84954 85075 84810 
85535 85806 85767 85806 85912 86193 85871 85852 85598 85313 
86570 86845 86974 87044 86974 86649 86096 86304 86875 86080 
87194 87266 87542 87334 87158 87109 87122 87377 87154 87336 
87878 87596 87438 87931 88198 88236 87909 88215 88121 87479 
88607 88803 88116 88331 88953 88855 88922 88929 88692 88623 

19988 19991 19992 19990 19983 19991 19987 19990 19986 19992 
61950 62090 61710 62286 63000 63854 61279 61871 62232 62602 
80908 80633 80069 80452 80470 80438 80113 80191 80768 80114 
91181 90684 91425 89598 89700 90766 91190 90076 90488 89207 
95834 97291 97894 95435 96757 96675 96467 97930 96503 96734 
102516 103059 101477 102114 102582 102634 101726 102499 101231 102415 
106201 105464 106247 104613 106965 105304 105796 104616 105487 105597 
109935 109508 108482 109092 109458 110112 110713 110120 108645 110556 
115141 112167 112016 112209 112464 114106 113264 113548 112136 112495 
114793 114910 115103 113981 113468 114982 116203 115488 115580 114369 
116898 118578 117131 116822 117567 117207 117959 117463 117384 119660 
121576 120039 119918 120428 118326 117901 119269 118347 119164 119099 
122257 121587 121231 123267 122959 122591 122201 121634 122021 120947 
123256 123808 123635 122507 123564 123872 123142 122784 121969 124020 
123548 125755 125893 125243 126348 126846 125161 125471 124739 124338 
127602 127645 125937 127666 126341 128051 127941 127285 126616 127282 
127274 127350 127194 127736 129730 128972 128502 128865 127504 127103 
129422 130094 130892 129628 129302 128271 129042 128806 128688 128140 
131250 130158 131364 130134 130777 131529 130620 132048 129079 131241 
132962 133075 131259 133493 132331 133196 131830 133300 132693 130838 
136373 135555 133944 132891 133098 132875 134629 133708 133978 133122 

9999 9999 9999 9999 9999 9999 9999 9999 9999 9999 
51500 51578 51243 51741 52073 52918 51535 52130 52110 51868 
62700 62353 62793 62398 62608 62397 62086 62686 62102 63447 
68872 68823 68904 68603 67384 68388 68819 67941 68922 67493 
73133 73148 73322 73040 72874 73778 72965 73264 72897 72522 
77517 77207 76931 76563 76574 77428 77396 77042 76021 76627 
79524 79651 79596 79686 79657 79514 79456 79413 79919 79470 
82313 82167 82300 81807 81467 81961 82508 82064 82719 82485 
84825 84688 84628 85019 84470 84949 85051 84594 84931 84520 
86478 86111 86546 86003 86943 86877 87028 86891 85963 87091 
89116 88907 88661 88441 88191 88422 88968 88359 88643 88518 
90142 90702 90788 91144 89918 89412 90286 90317 90456 90396 
91075 91746 91475 92354 92558 91968 92072 91946 91894 91392 
93081 93299 93285 93651 93306 93711 93035 93385 93281 92588 
94884 95418 94586 95143 95139 94790 94842 95120 94579 94760 
96212 96567 95791 95510 95363 96288 96363 96060 96000 96169 
96762 97206 96841 97308 96964 97443 98003 97533 96768 97102 
98515 98125 98921 99036 97864 99029 98143 98679 98693 98366 
99011 99121 99829 99403 100215 98809 99057 99385 99524 99069 
100186 99933 100377 100374 100442 100314 99986 100821 100571 100054 
101389 101238 100765 101054 101244 101261 101206 101415 100569 100752 


