MergeSort QuickSort TimSort BlockMergeSort OESM Cook_Kim LIS LIS_small              
10066432 10423578 10412964 10425374 10411268 10422290 10417461 10415919 10409292 10424257 10421123 10429847 10427550 10433387 10414223 10428379 10442467 10425080 10417624 10418285 10422541 
24635187 24563163 25438824 25260368 24840828 25710069 25648636 24803097 24958491 24811554 25730481 24501979 25036324 24486231 23818299 25198498 24253770 24560723 24158739 25796308 24309945 
8564302 8953057 8937530 8942332 8927429 8935174 8929416 8928157 8918695 8932287 8929599 8939561 8935845 8942050 8920257 8934530 8946107 8933860 8924341 8922004 8927020 
9033052 9404646 9394331 9400621 9387192 9396011 9391276 9390286 9381511 9395105 9392782 9402779 9399115 9405677 9384415 9398597 9410561 9398302 9388979 9386549 9391876 
999998 11620902 11426332 11341233 11172136 11141243 10996095 10949918 10922512 10862772 10793901 10788062 10735223 10757175 10652960 10657657 10616376 10520327 10536604 10500920 10437106 
999998 2540914 2521362 2527942 2521632 2514904 2519918 2520615 2522273 2510705 2525611 2501228 2496706 2513758 2509941 2503415 2526122 2511407 2511400 2512044 2499722 
1999984 2427209 2394864 2398345 2377286 2382464 2377524 2372060 2361006 2374632 2371132 2380020 2374287 2380113 2359315 2371257 2381957 2371412 2359490 2357374 2365013 
999998 1641229 1610457 1621215 1593197 1599035 1598298 1592479 1580180 1599103 1603819 1615293 1602752 1605120 1578431 1600646 1619990 1591807 1585066 1595020 1599845 

