MergeSort QuickSort TimSort BlockMergeSort OESM Cook_Kim LIS LIS_small LIS_treap BothAlgo            
0 0 0 0 0 1 0 0 1 2 1 1 2 4 2 1 1 1 4 1 4 
4 6 6 5 5 5 3 5 5 7 7 7 5 4 5 7 5 5 4 4 5 
0 0 0 0 0 0 0 0 0 0 0 0 0 0 0 0 0 0 0 0 0 
0 0 0 0 0 0 0 0 0 0 0 0 0 0 0 0 0 0 0 0 0 
0 0 0 1 5 1 4 2 2 6 3 3 6 8 7 8 4 5 6 6 7 
0 0 0 1 5 1 4 3 2 6 2 4 6 7 8 8 3 5 7 5 7 
0 0 0 1 4 1 3 0 2 4 2 4 2 7 7 7 4 4 6 5 7 
0 0 0 0 1 1 0 0 1 2 1 3 1 2 4 2 1 1 4 3 6 
0 0 0 1 4 1 1 0 2 3 1 2 3 3 5 6 0 3 6 2 6 
110 110 107 110 104 106 109 107 103 105 103 104 108 101 96 102 99 109 95 96 89 

