MergeSort QuickSort TimSort OESM Cook_Kim InsertionSort LIS LIS_treap BothAlgo2 
9 21 30
5044 5044 5044 5044 5044 5044 5044 5044 5044 5044 5044 5044 5044 5044 5044 5044 5044 5044 5044 5044 5044 5044 5044 5044 5044 5044 5044 5044 5044 5044 
5278 5296 5268 5285 5282 5274 5272 5285 5295 5296 5291 5275 5280 5277 5269 5286 5291 5277 5271 5258 5270 5288 5273 5301 5277 5282 5285 5268 5286 5305 
5372 5406 5406 5424 5413 5419 5412 5418 5413 5376 5401 5406 5387 5387 5392 5408 5407 5401 5421 5410 5402 5393 5403 5415 5385 5381 5411 5399 5435 5427 
5507 5464 5458 5486 5521 5477 5466 5521 5489 5519 5486 5477 5490 5526 5504 5490 5469 5473 5508 5516 5505 5513 5513 5516 5518 5492 5480 5499 5481 5523 
5554 5564 5568 5567 5561 5588 5570 5555 5551 5562 5591 5557 5568 5574 5578 5519 5585 5601 5516 5543 5585 5558 5570 5589 5577 5541 5572 5577 5546 5580 
5647 5645 5608 5624 5631 5604 5602 5605 5627 5618 5628 5640 5610 5627 5613 5624 5606 5601 5650 5591 5641 5657 5631 5654 5610 5619 5675 5588 5595 5592 
5663 5702 5673 5692 5590 5684 5666 5683 5669 5692 5664 5641 5657 5671 5696 5670 5676 5689 5670 5660 5681 5689 5692 5679 5651 5679 5672 5655 5662 5682 
5747 5716 5734 5722 5700 5745 5720 5773 5690 5695 5720 5735 5774 5719 5727 5731 5760 5723 5727 5741 5719 5726 5695 5714 5692 5679 5735 5719 5720 5667 
5767 5771 5793 5751 5731 5731 5783 5759 5726 5736 5731 5754 5731 5750 5760 5765 5728 5723 5750 5766 5787 5737 5757 5808 5773 5723 5740 5762 5776 5780 
5770 5810 5835 5805 5793 5804 5783 5748 5752 5777 5839 5823 5769 5745 5805 5769 5813 5789 5765 5811 5789 5766 5796 5771 5783 5795 5807 5814 5782 5792 
5830 5805 5783 5800 5838 5819 5793 5827 5856 5836 5807 5797 5825 5832 5884 5832 5804 5780 5839 5754 5829 5803 5837 5805 5830 5805 5859 5821 5801 5849 
5842 5865 5862 5849 5862 5853 5819 5808 5875 5820 5869 5844 5866 5819 5819 5881 5849 5861 5833 5853 5883 5888 5804 5874 5892 5872 5879 5879 5835 5885 
5906 5909 5862 5884 5923 5915 5892 5873 5872 5876 5842 5855 5886 5906 5905 5905 5855 5893 5850 5864 5863 5846 5881 5832 5912 5840 5899 5896 5887 5918 
5921 5898 5899 5854 5971 5925 5923 5919 5942 5905 5954 5918 5905 5909 5944 5936 5922 5927 5910 5905 5933 5854 5923 5918 5896 5894 5920 5957 5936 5917 
5963 5907 5967 5925 5953 5944 5893 5925 5918 5878 5954 5993 5843 5897 5950 5929 5938 5906 5898 5915 5899 5945 5942 5942 5968 5935 5947 5942 5888 5896 
5898 5988 5979 5940 5945 5933 5980 5922 5936 5958 5941 5944 6001 5982 5940 5937 5944 5947 5927 5927 5961 5927 5989 5921 5928 5957 5923 5884 5976 6009 
5950 6000 6006 5996 5935 5990 5975 5954 5997 6002 5982 5990 5986 5951 5977 6010 5963 5974 5953 5975 6049 5969 5983 5985 5975 5975 5990 5937 6011 5946 
5960 5993 5978 5970 6027 5983 6044 5982 5998 5991 5989 5993 5985 5956 5997 6061 5964 6008 5954 6000 6044 5988 5960 5967 6011 6004 5990 5994 6028 5984 
6024 5969 6021 5993 6027 6023 5980 6046 6009 6027 5995 6023 6024 5992 5983 6013 5988 6048 6017 6033 6000 6063 5996 5996 6011 5993 5985 6026 6061 6031 
6095 6057 6008 6005 6001 6018 6027 6063 6102 6034 6005 6071 6039 6076 6034 6042 6052 5998 5998 6008 6034 6007 6034 6057 6007 6026 6020 6059 6108 6026 
6067 6039 6068 6003 6002 6090 6037 6063 6087 6056 6041 6072 6104 6060 6041 6059 6081 6043 6048 6004 6029 6035 6077 6067 6046 5999 6118 6074 6008 6018 
11466 10630 11710 11898 11384 10769 10025 11182 11086 10127 11275 11261 10645 12298 11567 10640 11176 11431 11811 9671 10418 10889 11965 12091 10340 11011 10759 11028 10702 11015 
11568 10179 12076 10740 13056 9869 11230 10848 11031 10780 11081 10984 10974 10370 10954 10814 11225 10386 10053 11788 10639 11699 11279 10529 11394 12351 10351 10885 11678 11066 
11162 10862 11907 11002 11605 11988 9922 10478 10849 10592 11472 11127 10251 11173 10695 10750 11039 10141 11272 11063 10252 11663 10423 11291 11644 11267 10596 10965 10759 9921 
10614 11453 11733 10125 11173 10676 11555 10835 10814 11992 10225 11152 10934 11014 10988 10146 10586 11632 11805 11448 10521 10161 10022 10292 11121 12236 11349 10310 10373 10367 
12187 10187 10410 10363 10215 11454 10270 11132 10530 11798 10516 11958 10901 11417 12036 10591 10440 10343 11416 10273 11033 10729 11585 10195 10697 10623 11308 10907 12921 11032 
11012 10730 9897 11585 10435 10264 10617 11106 10478 10967 11243 10626 11394 12653 9991 10873 11197 10452 10758 10237 11123 10370 10157 10786 11828 10925 11380 10936 10887 11399 
10503 10150 10932 10742 11214 10319 11567 10956 10696 11250 10490 11505 10498 10432 10854 10449 10671 9900 10919 10992 10607 10558 11345 11433 11084 11045 12158 11498 11443 10935 
10921 10242 10760 10678 10232 10894 12912 10401 12573 10276 10824 10999 10738 10399 10984 12285 10341 11972 9885 11158 10528 12177 10487 10112 10980 11275 10850 11322 10679 10425 
10408 10369 11082 10704 11827 11325 10711 11029 10974 11083 10328 10342 10656 11431 11316 11057 11814 12046 10250 10156 11802 10106 10589 11237 12403 10973 10414 10959 10951 10879 
11021 11034 11369 11408 10552 10986 10938 11608 11146 11485 11336 13616 11279 10858 10164 10389 10700 12733 11079 9979 11193 10761 10344 11017 10758 10025 11516 10594 10621 11817 
11312 10050 10909 10640 11005 11855 11152 11266 10980 10584 13116 11128 10770 10806 11003 10403 10945 11602 11371 12584 10682 10644 10195 10641 11417 10017 10991 11702 11709 11105 
11358 11732 10750 10432 10722 10653 11865 11647 10680 10398 10721 10860 10446 10965 9937 10201 11639 12086 10005 11945 10423 10639 9972 10279 11175 9991 10513 10545 10651 10632 
12270 10410 11139 12203 11304 11224 11005 11421 10748 10677 10867 11335 10983 11189 13053 10440 10836 11026 11159 11932 10151 10825 11527 11326 10332 11901 11833 10456 11332 10927 
12699 11031 11054 11341 11654 11313 10697 11336 10301 11870 11646 12073 12147 10805 11126 10749 10785 10617 10325 11047 11066 10389 10542 11080 10624 12008 11172 10196 11368 10563 
11177 10825 11484 10539 11152 10917 10959 10671 10529 10317 11135 11949 12396 11180 12863 11487 10332 11531 10658 11018 12320 10734 10536 10340 11521 10268 11187 10483 11048 11224 
10761 11671 10769 10103 11626 12122 11304 10174 11236 10876 10047 10356 10041 11594 11131 10624 10663 10592 10612 10972 10932 10864 10368 11172 10335 11031 10923 10756 10283 10401 
11221 10612 10606 10482 11104 10235 11163 10867 10574 10563 12041 11113 10557 11253 10514 10330 10629 10747 10960 10469 10851 9867 12029 10449 9998 12043 11153 12777 11576 10352 
10821 10483 10418 10295 10748 11333 9758 10127 10596 10760 11765 11338 11155 10876 10731 10726 10750 10865 10466 10482 11410 12081 9854 10431 12099 10783 11113 10358 10411 10270 
10912 10313 10826 10756 11211 10946 10807 10316 10981 10297 10569 10013 12499 11501 11911 9973 10412 10213 11861 10972 9996 11277 10197 11121 10645 10207 11611 10918 11262 10223 
12244 10418 11186 11790 10641 10369 10386 10345 10380 10930 10728 10765 10316 11242 10841 11732 10384 11325 10127 11132 10685 10467 10430 10259 12024 10635 11285 12149 11841 11404 
10211 11388 10185 11912 10264 11976 10485 12296 10789 11365 10769 10912 11790 10563 10213 11198 11728 11686 10739 11039 11954 10665 10522 10328 11638 10668 10859 12937 10274 10250 
3528 3528 3528 3528 3528 3528 3528 3528 3528 3528 3528 3528 3528 3528 3528 3528 3528 3528 3528 3528 3528 3528 3528 3528 3528 3528 3528 3528 3528 3528 
4030 4009 4019 4024 3989 4004 3976 3989 4017 4040 3991 4010 3979 3998 3972 3999 4036 3993 3944 3977 3990 3982 3968 4011 3992 4003 3988 3989 3998 4009 
4216 4225 4244 4263 4228 4279 4267 4285 4293 4196 4232 4227 4285 4243 4289 4260 4319 4258 4267 4219 4253 4235 4243 4243 4217 4248 4261 4214 4318 4253 
4451 4394 4465 4409 4475 4519 4428 4512 4461 4459 4434 4424 4431 4482 4488 4457 4446 4460 4484 4480 4480 4450 4510 4502 4529 4425 4476 4480 4410 4515 
4594 4637 4652 4609 4582 4716 4600 4635 4587 4655 4641 4641 4653 4667 4645 4613 4712 4662 4580 4584 4608 4589 4605 4638 4674 4595 4618 4639 4601 4649 
4742 4831 4772 4744 4804 4784 4738 4755 4736 4714 4783 4776 4763 4761 4784 4759 4763 4737 4830 4780 4807 4838 4757 4791 4703 4836 4807 4748 4729 4758 
4865 4970 4949 4927 4791 4879 4844 4864 4936 4852 4882 4801 4928 4908 4866 4930 4923 4958 4869 4916 4907 4908 4910 4915 4898 4973 4981 4861 4871 4931 
5059 5101 5107 5127 4982 5073 5025 5160 4973 4960 4992 5122 5072 5047 5077 5086 5086 5034 5088 5005 5063 5047 5046 5057 4979 4930 4983 5033 5118 5006 
5173 5152 5177 5160 5128 5113 5174 5170 5141 5119 5127 5089 5122 5113 5147 5176 5080 5054 5158 5153 5229 5147 5071 5237 5131 5036 5115 5135 5151 5139 
5237 5257 5312 5172 5259 5243 5186 5247 5123 5233 5280 5222 5183 5246 5189 5270 5299 5242 5194 5340 5192 5178 5302 5173 5282 5218 5286 5357 5265 5296 
5422 5263 5280 5368 5341 5311 5283 5331 5370 5296 5326 5343 5359 5334 5438 5367 5312 5352 5321 5217 5309 5339 5261 5268 5415 5390 5411 5374 5260 5419 
5405 5397 5420 5354 5404 5462 5255 5388 5457 5380 5427 5460 5531 5304 5317 5503 5420 5388 5414 5438 5488 5512 5397 5428 5473 5522 5546 5465 5384 5555 
5520 5577 5477 5517 5520 5453 5572 5467 5529 5576 5431 5544 5471 5516 5609 5516 5460 5490 5451 5485 5421 5526 5437 5495 5590 5445 5523 5583 5530 5604 
5616 5507 5553 5540 5699 5580 5693 5630 5674 5596 5594 5580 5550 5513 5630 5689 5601 5619 5624 5522 5616 5530 5699 5546 5488 5516 5566 5643 5570 5622 
5651 5677 5705 5619 5810 5627 5551 5802 5634 5561 5763 5757 5534 5627 5789 5707 5660 5603 5691 5675 5659 5854 5668 5720 5685 5657 5642 5734 5544 5581 
5638 5747 5829 5760 5693 5754 5803 5703 5804 5662 5693 5753 5805 5773 5712 5740 5752 5815 5669 5708 5732 5640 5790 5707 5644 5749 5746 5650 5735 5814 
5786 5879 5840 5837 5834 5841 5819 5881 5731 5872 5894 5837 5807 5847 5784 5932 5689 5884 5732 5754 5911 5754 5811 5808 5705 5797 5880 5811 5787 5716 
5858 5814 5922 5852 5988 5934 5883 5749 5913 5973 5890 5951 5851 5848 5918 6005 5873 5859 5825 5954 5983 5856 5810 5756 5811 5812 5845 5876 5853 5931 
5953 5864 6022 5907 5878 5992 5890 5940 5971 6004 5868 5912 5956 5868 5825 5913 5787 5972 6025 6014 5952 5981 6011 5896 5939 5901 5920 5944 5990 6026 
6050 6084 6012 5996 5943 5971 6036 5972 5986 6055 6020 6024 5986 6009 6125 5915 6001 5897 5950 5934 6070 5983 5990 5982 5932 6050 5926 6029 6081 5984 
6146 6043 6072 5937 5941 6183 5999 6172 6114 5972 6046 6170 6175 5992 6074 5986 6183 6036 6051 6038 6033 5925 6209 6093 6047 5923 6125 6156 6021 6006 
999 999 999 999 999 999 999 999 999 999 999 999 999 999 999 999 999 999 999 999 999 999 999 999 999 999 999 999 999 999 
5294 5182 5255 5225 5225 4712 4992 4936 5282 5234 5401 5066 5006 5574 5073 5045 5430 5181 5221 5133 5156 5000 5448 4845 5296 5107 4931 5062 5193 5085 
5417 5753 5650 5673 5589 5594 5776 5728 5777 5702 5574 5625 5673 5531 5553 5666 5720 5774 5709 5674 5724 5700 5430 5658 5689 5396 5744 5628 5620 5682 
5635 5681 5397 5563 5519 5630 5682 5606 5737 5645 5690 5814 5650 5659 5724 5732 5661 5720 5690 5690 5612 5775 5666 5645 5629 5727 5747 5717 5610 5747 
5815 5806 5778 5816 5752 5739 5787 5921 5745 5720 5781 5920 5791 5727 5819 5803 5737 5767 5592 5914 5807 5750 5834 5812 5826 5606 5805 5939 5869 5793 
5930 6208 5989 5890 5961 6018 5767 5850 5761 5792 5928 5948 5996 5775 5809 6014 5872 5888 5943 6073 5864 6033 6007 5855 5862 5869 6060 5827 5892 5876 
6177 6258 6165 6297 5978 6123 5907 6035 6295 6075 6051 6068 6260 6304 6124 6125 5993 6193 5995 6000 5991 6215 6149 6166 5985 6212 6133 6162 6142 6064 
6434 6299 6118 6335 6090 6272 6330 6322 6181 6275 6275 6246 6493 6253 6481 6272 6344 6356 6268 6303 6168 6160 6269 6195 6288 6140 6268 6369 6399 6055 
6224 6546 6439 6416 6410 6369 6441 6336 6428 6279 6410 6226 6331 6496 6322 6488 6484 6323 6436 6495 6159 6363 6285 6484 6400 6364 6217 6376 6337 6165 
6313 6589 6517 6412 6689 6631 6433 6321 6412 6345 6617 6706 6437 6441 6473 6532 6530 6526 6601 6602 6535 6474 6546 6296 6390 6558 6622 6614 6512 6393 
6766 6685 6426 6421 6622 6312 6644 6489 6615 6581 6555 6506 6629 6552 6664 6520 6551 6654 6571 6383 6567 6445 6628 6784 6696 6560 6659 6679 6590 6489 
6696 6666 6504 6732 6632 6734 6531 6886 6720 6515 6748 6634 6617 6696 6634 6732 6613 6487 6629 6605 6673 6712 6620 6723 6643 6720 6582 6550 6747 6649 
6782 6670 6865 6720 6714 6463 6608 6804 6573 6761 6631 6555 6802 6666 6712 6642 6733 6655 6704 6700 6636 6722 6610 6588 6883 6697 6657 6810 6622 6781 
6863 6697 6823 6860 6800 6683 6831 6686 6873 6780 6870 6772 6692 6776 6842 6753 6751 6745 6903 6770 6779 6762 6774 6783 6693 6675 6769 6678 6598 6802 
6766 6770 6848 6869 6866 6742 6657 6945 6752 6575 6694 6891 6668 6850 6873 6771 6722 6694 6843 6807 6814 6871 6881 6728 6765 6784 6809 6781 6678 6761 
6812 6868 6836 6843 6769 6928 6803 6848 6810 6799 6886 6834 6962 6771 6801 6816 6760 6778 6763 6807 6760 6814 6821 6767 6757 6978 6985 6697 6800 6775 
6822 6893 6843 6788 6892 6884 6794 6803 6833 6771 6766 6867 6802 6800 6877 6861 6704 6799 7019 6789 6931 6850 6771 6796 6836 6889 6871 6798 6787 6835 
6831 6839 6880 6946 6880 6963 6951 6766 6844 6826 6847 6864 6944 6860 6875 6928 6784 6834 6766 6822 6896 6776 6870 6843 6873 6787 6871 6890 6776 6768 
6846 6796 6894 6812 6899 6798 6862 6863 6769 6797 6870 6935 6925 6848 6851 6838 6823 6963 6891 6824 6926 6889 6884 6866 6819 6741 6831 6793 6843 6863 
6886 7012 6835 6934 6931 6954 6956 6872 6882 6921 6842 6910 6854 6841 6889 6760 6814 6866 6850 6877 6846 6895 6866 6874 6969 6983 6866 6870 6848 6915 
7013 6792 6951 6795 6851 6909 6880 6842 6839 6780 6806 6830 6995 6854 6965 6929 6921 6844 6852 6853 6832 6922 6937 6968 6872 6912 6902 6969 6902 6897 
999 999 999 999 999 999 999 999 999 999 999 999 999 999 999 999 999 999 999 999 999 999 999 999 999 999 999 999 999 999 
3982 4108 4101 3985 4023 3987 3848 3896 4076 4045 3988 4052 3951 3916 3853 3928 3966 4061 3856 3915 4031 3942 4075 3970 3993 4001 3960 3841 3983 4238 
4415 4397 4381 4690 4505 4766 4757 4541 4750 4613 4678 4655 4694 4558 4815 4718 4733 4685 4607 4570 4702 4618 4610 4607 4499 4632 4657 4475 4504 4574 
5091 4950 5095 4976 4996 5034 4833 5115 4971 5064 5041 5038 4924 5080 4979 5082 5122 5039 5025 5008 5311 5012 5140 5155 5222 5086 5140 5017 4866 5099 
5537 5200 5486 5312 5381 5603 5472 5342 5307 5415 5520 5489 5547 5590 5425 5402 5649 5434 5416 5286 5423 5326 5669 5469 5749 5351 5433 5469 5549 5402 
5784 5758 5721 5730 5947 5708 5623 5864 5718 5798 5681 5712 5762 5488 5918 5713 5755 5819 5876 5748 5843 5812 5766 5656 5610 5872 5749 5653 5549 5764 
6096 6255 6039 6208 6033 5920 5935 6016 6001 6197 5972 5809 6064 5922 5890 6034 6073 5978 5944 6116 6146 6024 6079 6007 5990 6132 6213 5941 6031 6137 
6543 6343 6539 6508 6126 6457 6477 6640 6222 6116 6241 6444 6435 6340 6300 6323 6473 6431 6438 6307 6252 6481 6478 6276 6266 5936 6278 6269 6558 6215 
6620 6669 6642 6423 6574 6351 6752 6634 6433 6519 6646 6390 6551 6609 6778 6560 6567 6554 6497 6543 6717 6545 6139 6688 6683 6309 6261 6591 6549 6422 
6662 6794 7003 6678 6848 6548 6586 6673 6585 6789 6812 6794 6594 6913 6937 6880 7101 6779 6633 7049 6821 6536 7227 6485 6983 7123 6686 6808 6896 6924 
6917 6846 6733 6826 6914 6898 6799 7044 7104 7048 6973 6934 7151 6997 7071 7048 6998 7271 6858 6879 7066 6864 6814 7017 7020 7315 7007 7201 6901 7435 
7239 7374 7109 6854 7183 7165 6829 7208 7350 6968 7289 7384 7503 7213 7040 7104 6982 7172 7253 7248 7012 7429 6943 7239 7096 7225 7607 7298 7100 7383 
7277 7586 7679 7547 7385 7232 7384 7374 7209 7535 7313 7483 7185 7397 7476 7285 7468 7182 7132 7162 7093 7441 7132 7163 7653 7298 7361 7436 7498 7384 
7830 7582 7639 7417 7459 7527 7859 7607 7632 7545 7844 7625 7449 7565 7417 7990 7633 7543 7462 7440 7432 7552 7933 7426 7370 7482 7436 7414 7436 7750 
7612 7778 7794 7699 7972 7512 7571 7916 7662 7676 7945 7926 7486 7448 8131 7577 7662 7492 7540 7840 7776 7845 7797 7660 7639 7587 7785 7777 7539 7711 
7635 8077 7935 7778 8229 7722 7958 7812 8132 7780 7915 7715 8090 8070 8010 8134 7882 7859 7687 7748 7547 7753 7981 7813 7567 7819 7909 7711 7958 8026 
7979 7977 8331 8194 7925 7944 7829 8116 7932 8340 8050 8153 7834 8154 7865 8085 8093 8035 7920 7902 8224 7971 7992 8080 7940 8063 8371 8096 7987 7910 
8029 8188 7919 8222 8243 8245 8226 8017 7991 8231 8198 8289 8033 8053 8471 8397 8432 8203 7834 8233 8368 8182 8180 7773 7997 8406 8001 8093 8085 8200 
8476 8078 8223 8148 8073 8444 8050 8537 8365 8329 8126 7962 8273 8441 7975 8456 8037 8502 8484 8202 8544 8397 8533 8194 8166 7931 8532 8137 8077 8417 
8450 8505 8764 8532 8359 8413 8373 8267 8191 8440 8408 8460 8577 8329 8559 8470 8361 8653 7979 8513 8180 8549 8363 8208 8398 8327 8307 8683 8869 8244 
8612 8367 8620 8150 8381 8784 8271 8874 8855 8476 8611 8891 8418 8687 8254 8449 8806 8556 8746 8543 8396 8498 8759 8638 8303 8527 8515 8647 8399 8619 
999 999 999 999 999 999 999 999 999 999 999 999 999 999 999 999 999 999 999 999 999 999 999 999 999 999 999 999 999 999 
1508 1520 1504 1480 1482 1488 1462 1485 1496 1529 1490 1500 1451 1483 1478 1495 1505 1464 1444 1471 1451 1472 1474 1493 1477 1463 1450 1464 1493 1513 
1711 1727 1725 1758 1763 1769 1774 1755 1788 1709 1746 1708 1787 1744 1775 1759 1799 1765 1767 1738 1753 1752 1751 1778 1699 1762 1768 1720 1819 1768 
1982 1922 1962 1950 1976 2043 1923 2027 1978 1966 1978 1942 1977 2042 2013 1985 1963 1970 2020 1970 2006 1957 2011 2012 2010 1956 1982 2000 1893 2040 
2123 2176 2212 2154 2116 2251 2162 2159 2133 2153 2185 2178 2202 2215 2185 2117 2224 2188 2087 2100 2120 2126 2156 2207 2207 2144 2187 2184 2143 2162 
2324 2392 2329 2303 2353 2310 2311 2303 2304 2277 2331 2360 2324 2313 2310 2285 2294 2307 2396 2317 2353 2371 2292 2355 2257 2368 2367 2259 2244 2277 
2463 2556 2547 2474 2383 2450 2431 2462 2497 2407 2484 2359 2488 2441 2443 2471 2474 2536 2444 2478 2489 2436 2466 2490 2441 2496 2522 2424 2432 2516 
2667 2681 2678 2686 2538 2643 2632 2740 2526 2564 2603 2666 2676 2625 2671 2649 2698 2621 2662 2638 2638 2659 2612 2615 2542 2513 2600 2602 2701 2593 
2766 2743 2756 2750 2738 2730 2765 2766 2706 2702 2783 2674 2692 2705 2784 2783 2724 2707 2739 2773 2821 2739 2706 2857 2726 2661 2675 2714 2755 2738 
2830 2891 2956 2798 2879 2837 2851 2843 2745 2868 2898 2842 2790 2845 2802 2907 2906 2864 2760 2971 2785 2804 2903 2750 2844 2846 2856 2954 2900 2905 
2981 2884 2890 3006 2999 2950 2940 2916 3022 2939 2980 2972 2998 2916 3070 3023 2937 2987 2953 2843 2943 2965 2914 2929 3020 2972 3034 3016 2899 3085 
3010 3073 3084 3038 3122 3075 2917 3072 3139 3006 3134 3060 3171 2933 2983 3115 3080 3061 3069 3040 3093 3142 3058 3084 3161 3149 3190 3132 3039 3180 
3228 3271 3204 3173 3196 3102 3165 3191 3141 3232 3149 3253 3143 3177 3265 3211 3201 3146 3134 3166 3089 3172 3106 3124 3304 3124 3171 3247 3237 3274 
3332 3257 3271 3194 3389 3274 3414 3269 3361 3254 3311 3274 3212 3276 3346 3357 3273 3288 3267 3200 3259 3265 3381 3237 3171 3208 3264 3343 3261 3326 
3310 3387 3460 3359 3458 3338 3253 3505 3405 3305 3436 3471 3203 3320 3528 3344 3350 3304 3390 3335 3341 3541 3370 3371 3431 3339 3355 3445 3275 3290 
3425 3479 3605 3485 3444 3395 3555 3406 3518 3454 3398 3459 3625 3551 3433 3421 3393 3530 3384 3338 3417 3345 3514 3390 3318 3477 3424 3316 3474 3565 
3457 3590 3577 3617 3568 3555 3547 3582 3500 3578 3626 3602 3577 3592 3526 3601 3446 3586 3453 3485 3704 3498 3483 3602 3531 3549 3656 3479 3513 3462 
3587 3526 3668 3617 3731 3687 3721 3510 3615 3645 3614 3716 3615 3608 3734 3797 3611 3617 3497 3665 3737 3676 3543 3483 3590 3596 3589 3571 3574 3772 
3717 3634 3794 3606 3653 3718 3598 3715 3752 3681 3601 3656 3746 3673 3538 3711 3508 3741 3807 3748 3744 3796 3798 3676 3717 3669 3737 3794 3789 3790 
3889 3848 3808 3818 3758 3808 3763 3772 3816 3771 3755 3879 3808 3850 3907 3684 3740 3816 3716 3814 3842 3822 3775 3777 3746 3857 3747 3809 3993 3714 
3982 3828 3926 3750 3732 4006 3873 3934 3993 3834 3874 3962 3912 3945 3874 3876 4020 3872 3823 3818 3916 3764 4026 3890 3837 3742 4029 3983 3882 3842 
1997 1997 1997 1997 1997 1997 1997 1997 1997 1997 1997 1997 1997 1997 1997 1997 1997 1997 1997 1997 1997 1997 1997 1997 1997 1997 1997 1997 1997 1997 
2743 2753 2770 2669 2713 2731 2668 2678 2708 2770 2751 2774 2663 2672 2650 2702 2764 2699 2595 2683 2722 2681 2676 2710 2686 2638 2652 2620 2714 2725 
3011 3059 3106 3181 3104 3228 3098 3139 3221 3061 3118 3066 3197 3125 3220 3173 3176 3133 3131 3120 3231 3148 3134 3166 3069 3169 3137 3130 3260 3183 
3559 3469 3489 3440 3488 3559 3391 3523 3494 3537 3457 3384 3500 3583 3580 3494 3576 3507 3541 3466 3542 3478 3602 3572 3410 3497 3468 3560 3366 3647 
3774 3765 3827 3767 3737 3875 3738 3777 3679 3816 3811 3784 3866 3899 3850 3716 3841 3850 3638 3728 3691 3669 3748 3880 3864 3753 3755 3750 3768 3763 
4067 4096 4032 4003 4102 4050 3925 4020 3984 3943 3932 4003 4008 3894 4022 3957 3945 3967 4051 3962 3964 4095 4015 3989 3877 4012 4022 3866 3908 3905 
4213 4275 4313 4266 4043 4186 4151 4292 4094 4168 4134 4210 4277 4144 4166 4266 4206 4325 4136 4275 4208 4173 4185 4238 4162 4342 4280 4227 4174 4279 
4444 4473 4481 4470 4300 4498 4427 4518 4256 4322 4350 4413 4499 4391 4373 4508 4504 4469 4419 4409 4397 4448 4440 4333 4327 4221 4419 4363 4542 4349 
4622 4496 4571 4604 4520 4545 4496 4626 4535 4505 4622 4553 4496 4456 4660 4624 4530 4503 4582 4609 4785 4552 4530 4727 4618 4464 4492 4471 4528 4472 
4637 4642 4786 4636 4638 4702 4675 4727 4561 4705 4756 4665 4533 4620 4709 4738 4658 4633 4593 4837 4632 4612 4843 4540 4587 4725 4795 4829 4732 4829 
4835 4731 4749 4855 4850 4732 4862 4682 4927 4818 4937 4848 4889 4766 4923 4727 4730 4886 4841 4735 4824 4780 4784 4692 5026 4871 4983 4942 4765 4987 
4894 4951 4926 4872 4976 4937 4701 4965 5012 4813 4906 4939 5110 4731 4821 5023 4980 4908 4943 4979 4990 5027 4898 4981 5007 5022 5161 5054 4937 5082 
5163 5126 5124 5015 5126 4975 5014 5076 5000 5128 4959 5033 5090 5210 5181 4998 5023 4933 5039 5050 4958 5032 4970 5016 5190 4905 5024 5115 5130 5113 
5299 5135 5293 5014 5370 5192 5393 5219 5265 5110 5155 5065 5117 5114 5194 5334 5202 5215 5245 5044 5035 5137 5288 5174 5094 5070 5229 5259 5212 5158 
5180 5359 5342 5280 5319 5229 5200 5392 5292 5275 5327 5365 5161 5244 5614 5389 5303 5313 5205 5244 5327 5384 5257 5341 5431 5195 5258 5296 5087 5198 
5379 5319 5519 5284 5457 5210 5447 5426 5403 5245 5303 5370 5425 5429 5405 5258 5366 5448 5135 5407 5306 5281 5491 5343 5398 5406 5407 5202 5452 5576 
5491 5482 5524 5616 5466 5409 5544 5624 5393 5502 5533 5552 5526 5459 5440 5541 5318 5559 5436 5354 5662 5398 5334 5573 5404 5473 5651 5298 5466 5388 
5525 5477 5523 5530 5579 5677 5612 5351 5463 5515 5542 5619 5474 5475 5654 5617 5484 5572 5464 5589 5662 5658 5520 5307 5558 5618 5552 5527 5543 5655 
5459 5564 5747 5592 5708 5647 5525 5559 5639 5685 5585 5509 5719 5551 5473 5621 5416 5640 5790 5671 5668 5707 5641 5668 5652 5602 5706 5633 5766 5758 
5749 5713 5770 5755 5705 5747 5729 5778 5805 5706 5731 5877 5797 5846 5898 5667 5746 5619 5536 5623 5816 5784 5749 5632 5730 5691 5711 5759 5824 5614 
5761 5766 5804 5650 5740 5944 5689 5845 5875 5827 5756 5911 5945 5834 5798 5768 5888 5755 5784 5795 5774 5755 6018 5788 5777 5739 5963 5949 5865 5715 
1990 1989 1993 1992 1991 1988 1991 1989 1991 1990 1994 1993 1992 1993 1992 1993 1993 1990 1990 1993 1988 1992 1986 1989 1988 1990 1988 1991 1991 1993 
3442 3296 3359 3237 3258 3352 3249 3278 3223 3472 3345 3295 3244 3234 3326 3255 3363 3224 3147 3283 3303 3194 3251 3282 3305 3297 3180 3192 3232 3337 
3648 3740 3759 3804 3655 3900 3913 3749 3921 3731 3885 3756 3901 3912 4011 3891 3908 3969 3860 3804 3881 3896 3849 3871 3760 3903 3903 3814 3833 3772 
4193 4118 4222 4139 4355 4268 4155 4329 4217 4160 4060 4160 4151 4224 4334 4217 4330 4295 4280 4070 4297 4282 4156 4381 4183 4020 4122 4362 4250 4328 
4590 4548 4643 4480 4442 4786 4488 4573 4416 4407 4581 4474 4396 4791 4641 4367 4667 4507 4480 4457 4485 4363 4522 4544 4675 4473 4425 4599 4695 4511 
4769 4733 4898 4591 4700 4787 4742 4714 4695 4607 4830 4700 4916 4644 4711 4769 4680 4706 4935 4611 4916 4878 4611 4784 4682 4761 4705 4584 4660 4652 
4881 5105 5185 4917 4788 4986 4960 4898 4965 4939 4881 4725 5066 4916 4960 4982 4962 5198 4894 4869 4927 4871 5005 5029 5003 5146 5062 4889 4786 5015 
5323 5215 5283 5243 5144 5157 5182 5268 5170 4966 5012 5380 5206 5111 5224 5083 5291 5180 5142 5241 5355 5147 5111 5191 5004 5057 5049 5151 5222 4989 
5241 5293 5359 5229 5249 5243 5268 5419 5245 5282 5342 5356 5190 5121 5340 5418 5487 5386 5316 5402 5510 5415 5430 5492 5418 5347 5286 5303 5223 5189 
5502 5295 5521 5267 5480 5405 5438 5301 5382 5436 5514 5317 5268 5487 5438 5562 5501 5565 5220 5463 5271 5363 5464 5466 5484 5596 5630 5479 5581 5404 
5632 5542 5278 5474 5806 5649 5632 5351 5515 5497 5667 5410 5598 5534 5692 5552 5683 5518 5539 5664 5713 5472 5497 5576 5774 5771 5604 5782 5583 5861 
5617 5743 5553 5634 5684 5790 5578 5614 5728 5515 5735 5663 5583 5705 5622 5649 5690 5793 5745 5823 5876 5727 5577 5648 5655 5902 5976 5772 5754 5968 
5704 5934 5700 5743 5729 5762 5845 5920 5665 5934 5928 5909 5890 5745 5934 5954 5859 5621 5657 5726 5723 5894 5818 5712 5765 5641 5802 6126 5825 5868 
6185 5991 6062 5605 6040 5934 6310 5880 6118 6011 6038 5809 6094 5885 6041 6202 5714 5890 5957 5888 5672 6020 5932 5785 5791 5863 5688 6077 5869 5721 
6060 6165 6221 6209 6212 6138 6039 6100 6009 5758 6164 6146 5948 6154 6378 6179 6066 5833 6180 5968 5988 6016 5866 6197 6088 5905 6099 6277 5985 5887 
6147 6202 6402 6064 5996 6020 6307 6013 6023 5958 6316 6010 6149 6224 6165 6035 6090 6176 6092 5982 6194 5991 6065 6086 6031 6114 6001 6177 6275 6420 
6032 6251 6309 6317 6120 6114 6251 6238 6149 6186 6148 6095 6300 6140 6470 6363 6198 6228 6187 6263 6316 6109 6071 6417 6170 6170 6231 6065 6302 6089 
6189 6194 6308 6188 6359 6222 6241 5974 6188 6400 6323 6336 6081 6405 6334 6379 6368 6591 5925 6379 6609 6314 6296 6027 6630 6113 6105 6445 6178 6289 
6415 6408 6420 6130 6178 6352 6266 6107 6669 6348 6603 6076 6549 6145 6313 6342 6165 6317 6706 6440 6438 6542 6351 6634 6427 6304 6430 6532 6397 6775 
6492 6482 6491 6335 6407 6568 6481 6649 6656 6592 6348 6654 6477 6379 6715 6241 6324 6187 6288 6318 6401 6567 6227 6443 6426 6275 6492 6477 6659 6353 
6415 6281 6521 6522 6375 6768 6541 6559 6646 6531 6334 6615 6813 6608 6564 6375 6626 6460 6518 6547 6769 6473 6695 6547 6333 6421 6720 6593 6489 6493 
999 999 999 999 999 999 999 999 999 999 999 999 999 999 999 999 999 999 999 999 999 999 999 999 999 999 999 999 999 999 
2810 2858 2764 2796 2689 2791 2725 2783 2806 2861 2708 2837 2791 2775 2757 2774 2844 2754 2766 2737 2770 2775 2802 2825 2727 2793 2775 2770 2773 2762 
3137 3123 3087 3123 3074 3184 3151 3111 3171 3097 3142 3104 3163 3097 3139 3114 3163 3119 3143 3117 3044 3113 3115 3136 3074 3115 3186 3107 3230 3166 
3409 3339 3366 3380 3408 3431 3370 3428 3428 3370 3406 3357 3426 3476 3408 3298 3335 3370 3420 3407 3367 3367 3489 3409 3424 3332 3375 3429 3333 3490 
3527 3564 3637 3550 3475 3634 3613 3551 3525 3571 3602 3575 3635 3654 3639 3585 3602 3584 3609 3549 3586 3535 3598 3603 3644 3592 3549 3563 3504 3564 
3752 3780 3741 3753 3779 3775 3768 3735 3700 3680 3808 3806 3739 3775 3671 3782 3720 3666 3771 3802 3794 3798 3751 3799 3679 3831 3811 3680 3643 3740 
3806 3984 3927 3921 3759 3861 3812 3849 3889 3817 3832 3776 3922 3912 3854 3891 3937 3936 3899 3880 3807 3874 3904 3864 3868 3977 3976 3865 3886 3927 
4116 4076 4068 4098 3995 4005 4064 4176 3872 3987 4073 4146 4103 4052 4079 4106 4073 3959 4065 4013 4128 4088 3966 4089 3867 4029 4007 4061 4125 4010 
4184 4178 4159 4155 4077 4118 4161 4180 4166 4059 4209 4079 4061 4085 4252 4243 4131 4092 4096 4115 4244 4092 4144 4265 4183 4060 4048 4102 4202 4221 
4208 4351 4345 4207 4273 4285 4238 4234 4217 4242 4377 4270 4221 4221 4146 4274 4314 4292 4190 4342 4258 4159 4305 4138 4228 4205 4282 4343 4339 4333 
4325 4439 4317 4376 4445 4435 4359 4418 4452 4320 4327 4355 4365 4304 4570 4398 4305 4325 4440 4233 4349 4344 4333 4286 4488 4368 4395 4328 4283 4459 
4408 4462 4497 4442 4440 4527 4346 4428 4535 4339 4472 4490 4581 4371 4375 4574 4387 4375 4552 4423 4510 4546 4460 4486 4517 4453 4500 4475 4470 4534 
4548 4596 4602 4637 4612 4493 4559 4541 4482 4572 4502 4569 4429 4560 4694 4635 4549 4657 4535 4540 4453 4550 4446 4376 4660 4539 4626 4586 4672 4638 
4665 4568 4597 4533 4685 4653 4692 4614 4657 4585 4558 4668 4519 4592 4715 4646 4630 4703 4631 4560 4674 4590 4705 4663 4482 4537 4514 4721 4643 4661 
4695 4569 4829 4694 4740 4681 4621 4800 4647 4564 4763 4909 4470 4624 4805 4695 4673 4718 4674 4662 4741 4888 4659 4712 4678 4679 4717 4816 4638 4623 
4687 4769 4972 4829 4749 4725 4830 4638 4793 4806 4672 4687 4853 4840 4774 4733 4662 4865 4752 4582 4826 4677 4773 4695 4689 4767 4744 4529 4743 4853 
4599 4856 4897 4998 4862 4878 4861 4881 4720 4782 4900 4930 4952 4833 4752 4924 4771 4877 4718 4738 4960 4714 4828 4838 4909 4810 4886 4755 4834 4736 
4923 4820 4896 4900 4925 4934 5044 4723 4933 4976 4821 4928 4921 4835 5005 5006 4834 4935 4816 4979 4969 4900 4698 4824 4894 4877 4936 4843 4848 4983 
4957 4972 5068 4993 4967 4953 4804 4952 5025 4996 4903 4826 4949 4918 4841 4967 4738 5007 4931 5006 4923 5062 5110 4981 4957 4927 4906 5017 5062 4964 
5161 5069 4945 4997 5046 5069 5057 5113 5098 5022 4965 5098 5008 5131 5038 5001 4980 5091 5045 5004 5059 5066 5008 5058 5059 5040 4998 5069 5205 4936 
5229 5016 5141 4956 4965 5174 5161 5165 5122 5027 5016 5008 5170 5120 5091 5089 5145 5039 5070 5084 5114 4991 5128 4980 5086 4872 5291 5144 4990 5030 
