MergeSort QuickSort TimSort OESM Cook_Kim LIS BothAlgo 
7 21 10
10066432 10066432 10066432 10066432 10066432 10066432 10066432 10066432 10066432 10066432 
10446382 10445003 10445566 10445073 10445941 10445850 10445897 10446929 10446055 10445006 
10635219 10636076 10635313 10635723 10635207 10636354 10636056 10635822 10636466 10636431 
10761721 10760957 10760389 10761497 10759674 10760748 10760516 10760154 10760720 10760684 
10854953 10855168 10856312 10854934 10855346 10853091 10855294 10854343 10855129 10855034 
10930818 10929754 10931723 10932153 10931458 10930817 10930131 10929235 10930216 10932449 
10995079 10994207 10994267 10995291 10995179 10994697 10994257 10994174 10993675 10995509 
11048386 11049238 11049818 11049383 11049031 11048889 11048412 11048003 11050336 11048649 
11098054 11099112 11096946 11097121 11097024 11097511 11096858 11096556 11097358 11097047 
11139239 11138648 11139361 11139696 11138541 11139189 11140926 11139791 11140489 11140673 
11177651 11179332 11180715 11180661 11180106 11180066 11178501 11177730 11179993 11179571 
11215296 11214871 11214281 11214989 11214897 11214071 11215005 11214424 11214972 11213321 
11246362 11246987 11247189 11244272 11247639 11245301 11244903 11247933 11248619 11248518 
11274413 11276724 11277829 11276024 11277208 11277142 11275192 11276648 11278131 11277368 
11305421 11303831 11303900 11305267 11304273 11304845 11305252 11304625 11305307 11304771 
11330606 11332283 11331483 11330930 11331998 11330293 11329995 11330213 11330145 11331707 
11355384 11356394 11354998 11353799 11352950 11355475 11358235 11355611 11357060 11354799 
11378137 11377698 11378080 11377529 11376749 11379236 11378371 11379580 11378762 11378782 
11400178 11398727 11399926 11399503 11400545 11399496 11398149 11399988 11399945 11401108 
11420896 11420398 11419933 11418900 11419162 11421817 11420769 11421111 11422088 11417728 
11440331 11440412 11440588 11440000 11442099 11442151 11439676 11440750 11440607 11438784 
25664238 24698980 25124597 24392347 24391960 25127761 24187493 23843187 24616921 24911692 
24591157 25184984 24668328 24140826 26054858 25079333 24754637 24347648 24499038 24979973 
25082138 24297310 24323881 25883727 25232808 25833612 24906323 24939404 24545358 24876455 
24494653 24525637 24658440 24769335 25719044 25067203 24438929 24543723 25043661 24170447 
24601474 24505773 24907914 24004710 25644469 25214751 24814107 24165321 26127537 26259202 
24261938 24517264 24212301 25467372 24842112 24484660 24681663 24533826 24580288 25540244 
25904492 24294420 25191490 24384044 24281455 25508365 24018844 25295498 24263679 24364068 
24936690 24303262 24176845 23959160 25558698 24496358 24908907 25426362 24969911 24222616 
25354115 26868092 24913154 23938246 24847433 24417024 25161846 24444703 24573392 25953153 
25440231 24572388 25792059 23535853 25429758 24095107 23890338 25617549 26527355 24611070 
25906434 24604000 25325109 25754683 24491634 24979088 25519826 25209016 23752000 23967985 
24051873 24945749 24593341 25002226 24306445 23995947 23753423 24510696 24119221 24445276 
24594896 24626344 25098786 25359149 24463054 25098151 24002435 25312546 25074753 24176876 
23860118 24294711 26090622 24247196 24758535 23622065 23818245 24349042 27024131 25421508 
24923905 23986321 24169557 24320289 25633042 24791467 24777564 26600367 24047928 24054623 
24898025 24364212 25010048 25051506 24704484 27144230 25110490 24388451 24189398 23479014 
24529967 24734849 24873840 25387491 24265170 25081149 25038497 25726503 24476039 24622280 
24962969 24809590 25148447 25841202 24260911 24796965 25928631 24866206 24808769 25048926 
24030823 26240672 24467166 26211351 24318597 24918326 25639528 24623566 24831651 26429325 
24847929 24329538 24093781 25025859 25116179 24684833 24989366 24104655 26319509 24284816 
23261927 24596480 25301365 24525082 25376602 24825169 25517032 24255307 24911242 24508621 
8564302 8564302 8564302 8564302 8564302 8564302 8564302 8564302 8564302 8564302 
9336614 9333226 9334321 9334090 9334024 9333855 9334607 9337148 9334705 9334225 
9794754 9797297 9795017 9795338 9796349 9795616 9794629 9796425 9797131 9795521 
10142926 10139433 10139846 10140859 10138215 10137405 10136227 10138507 10139418 10138400 
10414994 10417579 10417152 10420767 10418046 10418591 10417819 10415572 10421347 10418797 
10658163 10655080 10658728 10658007 10658220 10656921 10655245 10653236 10657270 10661818 
10866511 10863039 10866218 10868091 10865913 10866372 10867721 10863774 10867393 10866635 
11047580 11052801 11051627 11049241 11052988 11050265 11049319 11047025 11052848 11053500 
11218408 11222156 11220973 11221030 11218926 11217501 11219631 11218136 11220305 11220673 
11371364 11366273 11372264 11370477 11374430 11370449 11373621 11372712 11373745 11372147 
11509927 11511833 11517300 11512941 11512734 11515887 11512231 11512751 11514466 11515520 
11646940 11644409 11642940 11646518 11642781 11641842 11645613 11642421 11641345 11640242 
11763687 11761510 11765325 11765610 11763928 11764508 11763255 11768123 11763789 11765979 
11872028 11878058 11880629 11879884 11874158 11877390 11873889 11880270 11876745 11878727 
11982101 11984644 11982124 11984085 11980403 11985483 11983325 11985563 11982518 11984711 
12080696 12083672 12082955 12083537 12085982 12080996 12083380 12083844 12079011 12085738 
12178648 12176256 12173940 12176954 12172765 12177096 12178395 12175467 12179503 12171412 
12266484 12263614 12264046 12266929 12266123 12267580 12266230 12269258 12266003 12261892 
12348803 12347895 12349526 12349973 12349048 12347019 12350717 12352842 12350952 12350928 
12431241 12433564 12427221 12430242 12423426 12426005 12434115 12429298 12432426 12428842 
12503752 12508953 12502324 12505303 12506318 12509625 12501261 12508580 12503024 12506335 
999999 999999 999999 999999 999999 999999 999999 999999 999999 999999 
7023297 7021558 7029404 7028802 7018371 7016705 7021503 7019559 7022303 7029491 
7560347 7522936 7614858 7636869 7633420 7749762 7632344 7595097 7669239 7591587 
8714869 8687530 8706051 8676871 8693308 8690837 8676151 8742617 8724077 8684286 
8567432 8567138 8568407 8564347 8568352 8569783 8565764 8573412 8561391 8566831 
8534861 8533534 8526997 8531349 8534571 8533318 8531887 8534041 8532399 8532892 
8534678 8532692 8528023 8531906 8538721 8532657 8540689 8550216 8533635 8530106 
8618464 8579593 8575599 8598964 8610104 8580332 8577976 8552163 8568913 8597369 
8711106 8699414 8694706 8753118 8733426 8656680 8700403 8689701 8677075 8728458 
8900079 8901041 8920809 8876210 8917217 8864702 8915673 8923665 8871565 8913455 
9177560 9203755 9199238 9132194 9189657 9149029 9143407 9126313 9207676 9132019 
9468937 9587691 9514646 9567891 9529259 9520840 9482349 9515579 9521408 9497082 
9842412 9785830 9767740 9789603 9802087 9790047 9790937 9744176 9797376 9794249 
9975904 10037063 10012390 9996949 9983072 10023760 10015599 10039606 10032402 10022537 
10133790 10136587 10141817 10125049 10139894 10161512 10149863 10143948 10134752 10137601 
10187367 10201496 10174569 10188723 10212312 10179203 10199091 10171877 10175072 10204765 
10209102 10169191 10188229 10201721 10196832 10195435 10214188 10188571 10194148 10207883 
10184818 10183547 10184776 10171434 10185291 10174286 10180048 10180828 10170929 10180917 
10159605 10150853 10154971 10153055 10154732 10153521 10159767 10161018 10142337 10142254 
10131008 10124016 10120138 10123545 10132697 10128722 10127899 10127844 10133844 10140819 
10112944 10115097 10107412 10109152 10106578 10114130 10117872 10107677 10113310 10112626 
999999 999999 999999 999999 999999 999999 999999 999999 999999 999999 
4629716 4620825 4627695 4620978 4625454 4615298 4622296 4634526 4622836 4624925 
5680340 5685586 5687183 5683009 5682726 5687339 5684583 5684463 5694157 5689323 
6498495 6495799 6495736 6499889 6490574 6491388 6484073 6494622 6493357 6501582 
7163843 7173001 7158179 7174436 7167691 7171136 7162239 7162149 7170087 7171368 
7758568 7746036 7757830 7760469 7760344 7767925 7752813 7754605 7756932 7769213 
8279817 8282909 8283718 8286445 8277951 8293153 8293064 8282531 8295169 8289308 
8763757 8768684 8767799 8755816 8769094 8755766 8766902 8756274 8771563 8767196 
9217687 9223754 9209668 9222200 9211063 9211540 9217470 9217654 9222880 9214447 
9619367 9621726 9626207 9627961 9628479 9622218 9630431 9643916 9644560 9622705 
10017966 10025035 10030348 10033228 10024008 10025752 10013424 10022670 10048378 10038683 
10398798 10399343 10399588 10407224 10385914 10403061 10397935 10402864 10384143 10388074 
10749611 10747941 10753987 10753381 10761556 10767269 10752359 10764772 10757368 10742558 
11079691 11091791 11097582 11082306 11086774 11083417 11074600 11083618 11092788 11102855 
11405310 11417525 11422297 11418690 11428222 11412450 11416457 11407767 11411930 11416285 
11732984 11715276 11720532 11738829 11735772 11715164 11729292 11730409 11719946 11740351 
12014514 12030124 12022677 12029629 12024507 12014459 12034109 12031979 12044609 12042178 
12314820 12317949 12314863 12318871 12306096 12313119 12319103 12307733 12315624 12314815 
12583339 12607470 12593451 12602675 12576519 12587848 12595225 12594244 12595521 12589037 
12879070 12871535 12864353 12868420 12843797 12851900 12853152 12869493 12863524 12871676 
13119347 13133295 13119659 13121153 13125164 13142692 13124310 13141465 13118823 13135395 
1999997 1999997 1999997 1999997 1999997 1999997 1999997 1999997 1999997 1999997 
3080402 3075183 3078680 3076799 3077837 3075212 3077450 3081983 3078342 3078287 
3665652 3668454 3667674 3666273 3668004 3668640 3668414 3668476 3669684 3667128 
4066330 4065093 4063074 4065320 4063590 4062378 4060478 4061368 4064022 4066244 
4363555 4370476 4362706 4368692 4367595 4364647 4363349 4364648 4367857 4365991 
4614763 4610633 4615638 4613040 4611756 4616834 4611397 4609793 4611999 4617998 
4821850 4818196 4824331 4825053 4823213 4824558 4821097 4822715 4821013 4821948 
5000493 5003724 5002512 5002698 5001342 5000547 5001948 4998391 5005348 5001522 
5164214 5164996 5162811 5165478 5162592 5159690 5165325 5156519 5163257 5162805 
5300600 5299617 5305018 5303527 5303257 5303250 5301098 5305868 5304449 5307218 
5429973 5433290 5433945 5437061 5432310 5436918 5432750 5432144 5436077 5434789 
5551773 5554425 5551846 5553774 5550391 5551296 5555512 5550538 5550282 5548926 
5658493 5660185 5664435 5660671 5666595 5662451 5656309 5661385 5662705 5663412 
5756641 5760352 5763551 5762892 5759983 5762900 5762221 5761592 5760606 5765185 
5857295 5855365 5855282 5858367 5857934 5858004 5859394 5856924 5856218 5852817 
5939791 5944254 5946593 5945883 5945042 5941480 5944509 5946821 5940081 5946509 
6025237 6026850 6029538 6022241 6024557 6027443 6027198 6028155 6030184 6026616 
6106590 6104102 6105255 6104849 6105592 6104037 6108495 6104454 6105889 6107476 
6176966 6176670 6173884 6176108 6175914 6177233 6177561 6176712 6178954 6181972 
6249207 6248004 6245570 6244315 6239112 6243785 6250620 6247516 6251225 6244691 
6313160 6313059 6311828 6310860 6316422 6319820 6311229 6315201 6309469 6313076 
999999 999999 999999 999999 999999 999999 999999 999999 999999 999999 
3110516 3107257 3107487 3107383 3107241 3108929 3108499 3113048 3108781 3107717 
3635557 3639014 3637005 3635830 3636604 3636835 3636036 3637046 3638024 3633782 
4016059 4012779 4009243 4011300 4006995 4009844 4008769 4009521 4012473 4008915 
4302953 4303431 4305268 4307372 4305227 4304548 4306046 4304012 4309692 4305244 
4551970 4550241 4551408 4555201 4550418 4552666 4552251 4546481 4555317 4551361 
4767821 4761619 4763863 4765808 4766252 4763793 4760552 4764237 4762222 4762985 
4943944 4947537 4947655 4944167 4947020 4945559 4943390 4942030 4951371 4948477 
5110414 5114813 5110278 5112334 5109444 5110032 5112430 5108711 5112749 5114562 
5257991 5256836 5260851 5259540 5258578 5259285 5262276 5261951 5257951 5256694 
5392463 5393244 5403209 5394729 5397632 5396549 5394412 5396758 5395631 5398112 
5521030 5521907 5525344 5520020 5522326 5520208 5522600 5521505 5517559 5516097 
5634963 5635457 5638635 5636126 5638182 5638760 5633092 5639952 5635975 5637501 
5738329 5745099 5745974 5743897 5744547 5745815 5741467 5746785 5746107 5744773 
5846361 5844109 5842696 5849212 5843531 5845670 5844598 5846638 5844952 5846522 
5940684 5939194 5943647 5939672 5942820 5938285 5938869 5941363 5939324 5940910 
6030616 6028942 6030154 6028724 6024569 6030272 6037075 6028990 6032931 6029490 
6117377 6117852 6116301 6113062 6113665 6119966 6117096 6119146 6116293 6111761 
6190297 6195139 6193978 6198122 6193563 6191341 6192540 6197266 6196863 6197770 
6271703 6272017 6270863 6269809 6266670 6271989 6272137 6267779 6274232 6269240 
6341787 6345300 6344399 6342649 6343891 6347175 6340918 6346144 6343070 6347770 
