MergeSort QuickSort TimSort OESM Cook_Kim LIS LIS_treap BothAlgo 
69008 88373 91312 93284 94382 95404 96084 96770 97340 97609 98117 98714 98978 99258 99928 100149 100085 100525 100595 100832 100834 
150975 161796 150323 157032 150063 149816 155086 148585 160598 149281 150761 155368 152002 157324 152125 151509 152518 157168 153634 159436 152366 
56406 120365 128274 133249 136387 138506 140121 141109 142516 142932 143493 144514 145484 145593 146535 147024 147140 147781 148339 147455 149098 
9998 95452 97538 98226 98758 99247 99593 100043 100373 100644 100914 101413 101383 101752 102031 102329 102429 102706 102926 102999 103378 
9998 193316 208866 217975 222960 226300 230226 230983 233735 235252 235920 236945 238145 240471 240186 240618 240767 242956 242353 242770 243250 
19996 115077 130182 138683 144980 149610 153491 157201 160320 162286 164587 167055 168674 170876 171911 173361 174571 176915 177448 178135 179305 
19989 117708 133821 144810 150838 157366 162034 164221 168969 171737 175348 176280 178111 182767 182828 185001 186282 187480 189079 190332 191107 
19998 91422 103734 111474 116839 121003 124364 127670 130213 132309 134222 136429 137978 139001 140949 142577 143491 145584 146408 147233 148203 

