MergeSort QuickSort TimSort OESM Cook_Kim InsertionSort LIS LIS_treap BothAlgo2 
9 21 30
853904 853904 853904 853904 853904 853904 853904 853904 853904 853904 853904 853904 853904 853904 853904 853904 853904 853904 853904 853904 853904 853904 853904 853904 853904 853904 853904 853904 853904 853904 
919636 920153 920169 919551 919950 919740 919841 919441 920259 919643 919406 919617 920058 919649 919649 919694 919746 919723 919547 919671 919701 919971 919766 919717 919600 919790 919465 920243 920062 920239 
942279 941784 941835 941695 941720 942534 941290 941741 941914 942241 941734 941739 941687 941793 942418 942070 942267 941982 942042 942381 941629 941831 941526 942104 941867 941535 941612 941509 941525 941679 
956221 955753 956756 955998 956139 956019 955561 955441 956350 956737 956723 956211 955348 956554 956181 956145 954953 955793 956203 956458 956373 956208 956046 955942 956427 956107 956451 956002 956085 955466 
966924 967019 966424 966912 966568 966786 966450 966596 967144 966762 967235 966527 966019 966707 966137 966558 966655 966357 966457 966646 966699 967195 966569 966844 966378 966812 966258 966691 966861 966391 
974526 974966 974202 975281 974656 974648 974876 975838 974853 974441 975125 974734 975348 974906 974928 975068 974718 974959 974500 975067 975307 975413 974769 974766 975022 975457 975581 975031 975020 974520 
981583 981759 981735 981504 982049 981536 981659 982556 981773 981275 981806 981281 982284 982203 981488 982131 982487 982204 982290 981667 981791 981780 981857 981531 981410 981964 981973 981571 981995 981878 
987409 987447 988127 987915 987633 987925 988647 987244 987694 988261 988104 988140 988573 988124 988302 987802 987756 988113 987848 987509 987694 988351 988107 986989 987961 988112 988536 988158 987099 988084 
993285 993277 993685 993324 992989 993384 993168 993604 992968 993250 992304 993176 993690 993027 992814 992830 993278 992803 992464 992941 992972 992755 993070 993616 993382 992437 993173 993004 993248 992391 
997419 997474 996949 997691 997351 998016 997719 997697 997813 997560 997981 998111 997952 996910 997696 997742 997955 998011 997501 997540 997582 997741 997665 997830 997460 997402 998455 997468 997536 997550 
1001949 1002078 1002410 1001722 1001466 1001348 1001588 1001427 1001707 1001594 1002448 1001384 1002239 1001466 1001957 1002998 1000863 1002711 1001926 1001517 1001856 1001888 1002533 1002181 1002468 1001854 1002432 1002115 1002122 1002478 
1005780 1006033 1005779 1005403 1006477 1005461 1005609 1005504 1005706 1004958 1005627 1005848 1004828 1005696 1006098 1005900 1005960 1005731 1005822 1006150 1005871 1006129 1005508 1006161 1005937 1005958 1005615 1005591 1006147 1005689 
1009410 1009468 1008986 1009419 1009479 1008921 1009321 1009304 1009797 1008826 1008968 1009466 1009721 1009269 1009993 1008201 1009218 1010296 1009618 1009228 1008548 1009552 1008887 1009101 1008733 1009339 1008821 1009395 1009134 1009376 
1012436 1012592 1012139 1011981 1012075 1012536 1012147 1012298 1012383 1012300 1011933 1012735 1011915 1012205 1012884 1012510 1012141 1012099 1012085 1012623 1012328 1011719 1012636 1012919 1011980 1012532 1012613 1012899 1012447 1012661 
1014920 1015139 1015245 1015518 1014995 1015207 1015588 1015275 1015458 1015331 1015197 1015266 1015676 1015251 1015513 1015701 1015297 1015179 1015430 1015788 1014893 1015606 1015342 1014741 1015671 1015075 1015122 1016001 1015896 1015819 
1018282 1018682 1019096 1017954 1018531 1018823 1018733 1017954 1017473 1018156 1018068 1018347 1018755 1018593 1018591 1017584 1018297 1018293 1018351 1018749 1018522 1018084 1018435 1018216 1018363 1018433 1018094 1018045 1018558 1017955 
1021727 1021317 1020717 1021244 1021010 1020453 1020976 1020644 1020955 1020509 1020932 1021175 1021086 1020488 1021153 1020608 1020584 1020601 1020940 1020776 1021194 1020607 1021048 1021056 1021313 1020760 1021092 1020648 1020760 1020508 
1023810 1023145 1024014 1022907 1023660 1023016 1023755 1023149 1022887 1023533 1024377 1023016 1023337 1023092 1023373 1022859 1023243 1023501 1023079 1022584 1023487 1024284 1024246 1023214 1022804 1022855 1023216 1023209 1023801 1022942 
1025652 1025373 1025443 1025718 1026050 1026326 1024711 1025404 1025565 1024840 1024601 1025643 1025548 1026011 1025943 1025621 1026427 1025220 1025238 1025645 1025800 1025659 1026064 1025588 1024818 1025914 1024987 1025707 1025878 1026085 
1027489 1027701 1027745 1027943 1027806 1027928 1027471 1028302 1028295 1027750 1027874 1028614 1027793 1027410 1027987 1027500 1027826 1027436 1028294 1027435 1027208 1027028 1027958 1028954 1028387 1028250 1027332 1027928 1026641 1027487 
1030294 1029425 1030765 1029899 1030203 1029815 1029691 1029728 1029721 1029908 1029545 1029715 1030116 1029993 1029689 1030421 1029208 1029454 1030174 1030958 1030082 1030025 1029502 1029754 1030123 1030860 1030619 1030509 1030468 1030302 
1954357 1954899 2024894 2028133 1998734 2015407 2102828 2100104 2175853 1990490 1978504 1961951 2029552 2097240 2036254 2045392 2024586 2093074 2071645 2172537 1963099 1997022 1967560 2060497 1978721 1992669 1987921 1925589 2058477 2009999 
1941706 1955457 2006116 2120711 2003714 1993755 2013411 2093227 2005693 1963106 2007335 2126421 1946887 2056180 2053795 1976721 1970694 2078720 1937579 2035334 2076344 2152493 2114200 1988217 1990094 2087633 2043782 2025583 2042183 1975292 
1996274 2024061 2029915 2021059 1901611 2039888 2031702 2009490 2120251 1956741 2026696 2014499 2051511 2012363 2099719 1930975 1956701 1916446 2023584 1978292 1983497 1953682 2008523 1934103 1971327 2029117 1993188 2065324 2164510 1971124 
2081044 2000095 1939892 2011222 1908295 2005678 1954906 1980459 1928540 1980897 2033847 2176010 2048072 2174343 2009469 2106119 2026886 1977787 2077555 2148389 1891500 2009655 2056704 2037664 2339147 1898928 1987775 2052500 1923143 2030760 
2008249 2095979 2103401 1944687 2073636 2004590 2092896 2008528 2069655 2056076 2119965 2011310 1929109 1951175 1960042 1999789 1951578 2042313 2095790 2031900 2033183 1950446 1998628 2067525 2035924 2049527 2065591 2053524 2052345 2108668 
2060565 2040231 2121102 1954746 1957382 2068201 2017821 2084782 2027630 2003185 1971364 1950391 1975214 1981225 2013577 2070615 1978450 2013706 2092875 2054515 2116515 1925307 2013017 1986447 1912191 2023655 2005889 2050549 1959965 2034485 
2002004 1977280 2002313 1994713 1917831 2099335 2064706 2025344 1968098 2161035 2032581 2034863 1983320 1976968 2048100 2067356 1921296 1960992 2179313 1974137 2054392 2102557 2197181 1946129 2056690 2088074 2067865 1937897 1974319 1949559 
1940307 2030354 1885411 1996030 1916853 1992747 1934968 2014509 1950799 2018826 1972577 2038644 1964575 2005450 2176825 1928681 1919619 2001463 1974063 2030503 1982684 2048897 2002499 1982853 2060948 2299449 2101764 2093527 2018379 2075065 
2007770 2189362 2124893 1912919 2012308 2006686 1968336 1973677 1952021 2070116 1967008 1994229 1942107 1977963 2012053 2060132 1941323 1951842 1975381 2087170 2090865 2031064 2018559 1965187 2136175 2070808 1933384 2106599 2037856 2022069 
1937702 1935337 2037551 1970391 2048732 2117859 2036265 1996756 2016495 2221845 1961353 2012304 2124868 1979082 2055435 1982427 1985572 2012280 1997291 2127155 2000395 1980713 2058878 2014799 2057835 2054752 2036698 1952469 1923880 1999038 
2015495 2095448 2045678 1993204 2006617 1985912 1988190 2024656 2010769 2015295 2028893 1937414 1926643 2020018 2058031 1976969 2161496 2033360 1936781 2058154 2038614 1973553 1958600 1962839 2050893 1969609 2131514 1999882 1923776 2042538 
1909599 1989810 2095615 1948425 1957060 1947767 2089820 1966121 2018009 1994960 1950160 1962434 1998727 2146486 2001942 2021258 1932657 2079314 2000582 1936358 2002202 1986185 1961237 2064607 2097803 1933277 2154233 2152650 1952007 1969832 
2071669 2010873 2036910 2072082 2069812 2022604 1996894 2025960 2138830 2012348 2034896 1987690 1982048 1992038 1962588 1934100 2224603 2021492 2078597 1962318 2006023 1977958 2012421 2092112 1979992 1929160 2112458 1884324 2086116 2017718 
1982388 2109600 2011323 1982849 1923888 1950944 1972474 2069166 1925903 2070442 2037807 1981817 2080137 2155850 2049700 2057241 1972796 1960654 2052789 2005602 1957140 1977328 2124147 2012307 1963860 1941578 1966817 2013622 2004805 2118093 
2009013 1983484 1992841 2106256 2062533 2026634 2103915 2021741 2002216 1970227 2147422 2122762 2002398 2044191 1935206 2027437 1959593 2032075 2022368 2018298 2017310 1925173 2002918 1971766 2060475 2128034 2048329 1907976 1944962 2048787 
1963770 2037176 1967153 1948351 2133557 2075817 2087763 1929346 2002604 2023365 1940641 1994672 2064640 2043504 2045170 1940487 2130297 2038652 1961268 2037705 2089739 1947854 1987747 1879757 1997812 2014268 1978902 1967240 2028963 1984789 
2084237 2103308 2021324 2042725 1942651 2044052 1962868 1990980 1918864 1975277 2008180 1989130 1986836 1975852 2029818 2026810 2039680 2088936 2106452 2066448 1969472 1942026 1952793 2011775 2050397 2079677 2036188 1991841 1923634 2061073 
1958310 2108851 1927179 1968850 1963212 1944537 1973691 2021465 2132387 1957543 2068716 2008012 1968166 1982511 1987344 2135150 2042039 2071433 1920620 1972511 2007581 1975246 2043612 2085135 2051159 2000173 2025059 2057335 1998754 2005364 
1971198 2042414 1920823 1941204 1966345 1982070 1951310 1957637 1984494 2081350 2076262 1907950 2000260 2108216 1990356 2002792 1984051 1965601 2008154 2069275 2024508 2131040 2132338 2092215 1966710 1955015 2051458 2065181 1952505 2065031 
2142441 1988562 2014175 2051529 2001263 2150379 1932678 2162158 1993193 2026055 1967184 2106329 2092323 2035362 1978650 1987310 2010117 2182235 2100574 2006124 2156264 2179613 2029714 1930517 2144245 1982742 1945592 1980436 1984383 2008384 
2082014 2041303 1974201 2062806 2089094 2013218 2164868 2052697 1960978 1989957 2087570 1962905 2065607 2016193 2004467 2047987 1972393 2070392 2124432 2054052 2184402 2069627 1974364 1980713 2006827 2019083 1984623 1960740 2081212 2109914 
724843 724843 724843 724843 724843 724843 724843 724843 724843 724843 724843 724843 724843 724843 724843 724843 724843 724843 724843 724843 724843 724843 724843 724843 724843 724843 724843 724843 724843 724843 
907822 908919 908781 906763 908323 907868 908346 907353 908424 907804 908021 907346 907791 907011 907740 908438 907707 908955 907494 908254 908249 908136 907735 907655 907540 907817 908580 908133 908330 908204 
981696 980982 982216 982999 982666 983980 981058 983471 982002 982685 982384 982418 982067 982076 983062 982270 982772 981778 981229 982385 981529 981513 982976 981970 982230 980512 982020 982301 982663 982132 
1033217 1033770 1036722 1033692 1035310 1034120 1033656 1032848 1033997 1033224 1035352 1035504 1032069 1032481 1034253 1033534 1031916 1032558 1035284 1034241 1033666 1034130 1034614 1033282 1034610 1034428 1034604 1033499 1033740 1033584 
1074844 1072830 1073933 1073865 1072878 1075387 1074450 1073152 1074572 1073105 1074374 1074525 1072806 1073044 1073888 1074173 1072767 1074137 1073767 1072330 1073601 1075059 1073292 1073893 1072567 1074172 1074024 1072988 1073075 1072600 
1107015 1107461 1105704 1106062 1105777 1105617 1104010 1106620 1106546 1106582 1107017 1105875 1107430 1107160 1106311 1105027 1106300 1106474 1105436 1108557 1108159 1107716 1106809 1106373 1105962 1107015 1108646 1107493 1104845 1106027 
1133623 1134736 1133435 1134522 1132872 1132710 1131982 1134263 1133540 1134040 1134748 1132650 1135342 1135468 1134643 1133751 1134175 1134711 1134463 1132617 1134319 1132472 1133666 1133533 1133670 1133127 1133103 1134009 1134739 1134702 
1158189 1156164 1158354 1157380 1157979 1156382 1159617 1157470 1155403 1157619 1156695 1161007 1159592 1157950 1156446 1159119 1156532 1158282 1156314 1157070 1158131 1156251 1156423 1155696 1157468 1156944 1158176 1156607 1157378 1160309 
1178485 1179596 1178880 1180648 1177517 1177741 1176098 1176660 1177420 1177055 1176837 1177692 1180091 1176734 1178018 1177411 1176968 1178500 1177524 1179182 1177200 1176261 1178476 1178956 1181048 1176780 1179124 1176978 1178417 1176895 
1195748 1195084 1194663 1195247 1194611 1197075 1197375 1196578 1195615 1194266 1196144 1198648 1195608 1193882 1196110 1197836 1196419 1196783 1194967 1193710 1197172 1197613 1198826 1196027 1197799 1195013 1195424 1194240 1195968 1196432 
1210918 1211449 1212078 1211049 1210393 1212440 1212554 1212889 1208673 1211768 1214867 1210279 1214005 1212027 1210596 1214324 1209133 1209682 1211907 1213000 1213064 1214563 1212327 1212828 1212882 1213752 1213388 1214591 1213278 1212631 
1228917 1226266 1228320 1224944 1228116 1227924 1225227 1224555 1224371 1226450 1227586 1227022 1226044 1225837 1227687 1226536 1228429 1226741 1228360 1228861 1225822 1226997 1226675 1225808 1226938 1227260 1227616 1228133 1225485 1226468 
1239364 1242296 1239471 1239561 1239369 1238329 1239854 1236920 1238054 1239347 1242984 1243287 1241686 1240337 1239162 1238416 1241207 1241603 1240246 1239721 1238466 1241942 1238750 1242612 1239388 1241935 1238531 1240064 1242458 1239740 
1252038 1253062 1248986 1252790 1251168 1250753 1251412 1252562 1253279 1253511 1251566 1255172 1249473 1251469 1250858 1253273 1249960 1250442 1251335 1252877 1252829 1249470 1251819 1252490 1252324 1250890 1250228 1251939 1251460 1250992 
1262231 1262655 1259718 1265596 1262129 1263119 1261376 1263488 1264051 1261788 1263106 1261648 1261799 1264977 1263899 1263066 1263033 1264546 1263727 1262239 1263292 1261488 1262596 1261326 1262010 1261725 1262984 1263645 1263778 1262989 
1274682 1274949 1275383 1275778 1273363 1272026 1275949 1273308 1272914 1271861 1271931 1273650 1272407 1272770 1273450 1272106 1271602 1274240 1276177 1271756 1274213 1271168 1274577 1270985 1275048 1275185 1272723 1272030 1276192 1272953 
1281027 1283844 1282005 1281227 1283596 1281797 1282243 1282781 1281537 1283591 1283758 1283535 1282957 1281521 1280929 1282316 1281735 1282103 1283123 1283877 1283464 1281786 1283265 1283027 1281340 1284679 1280691 1280967 1281189 1284268 
1290548 1292550 1289769 1291284 1292572 1293554 1291395 1289515 1292912 1291913 1291455 1290021 1293632 1291582 1289735 1289917 1291662 1288062 1289478 1293584 1292965 1290974 1291685 1291450 1290120 1290660 1290770 1290416 1291980 1291763 
1299548 1300374 1299191 1300481 1296521 1300330 1295089 1298345 1299288 1298570 1300216 1298455 1302483 1300086 1300840 1300233 1299727 1301209 1298009 1298561 1302091 1296760 1299095 1300120 1298706 1299003 1300654 1300062 1298640 1296310 
1308858 1307146 1310341 1305691 1308417 1308671 1304229 1306636 1307237 1306453 1308599 1307694 1307473 1308001 1305663 1306809 1306714 1306070 1308156 1307547 1306091 1306736 1309247 1309873 1308322 1306077 1306373 1306806 1306544 1305745 
1315254 1312083 1314690 1316203 1312456 1315708 1314957 1312380 1313487 1315829 1314918 1314718 1316763 1315010 1313242 1314946 1314091 1314011 1315461 1315353 1314427 1315140 1312797 1314061 1315174 1314974 1313701 1315281 1314282 1315390 
99999 99999 99999 99999 99999 99999 99999 99999 99999 99999 99999 99999 99999 99999 99999 99999 99999 99999 99999 99999 99999 99999 99999 99999 99999 99999 99999 99999 99999 99999 
812161 813158 814030 806140 817877 819304 810857 811502 808098 815762 805662 819220 811431 803277 811232 821884 813341 814706 813050 818470 814242 822616 818876 804687 805257 817688 810398 822149 802344 815920 
860432 860647 860316 860958 860805 860575 861027 861163 861185 859927 860794 861673 860534 860501 861076 859946 861493 861362 861350 860010 860866 860589 860787 860067 861505 861146 861426 860227 860881 860877 
861478 863706 861967 861814 861455 865082 862082 863585 863560 860444 864067 862952 860894 862780 862981 862798 863323 861582 865055 862671 862459 864159 863219 864316 862125 865188 863941 862685 862650 864865 
891892 887390 890325 888006 886133 892591 887308 887793 887671 885449 889488 892173 885337 889809 888248 887475 891559 885531 889090 890056 887544 890256 889826 891334 885937 882811 882980 889751 888871 889579 
929769 932033 926749 924579 926102 927243 931604 923936 930715 925163 925557 923668 929657 928488 926021 930202 924673 927930 928725 925440 927595 929429 922683 926759 928478 930595 930054 926743 926570 932126 
965644 968930 964848 968347 961895 964330 967114 967088 964417 965885 968929 968311 963674 964227 965104 967222 965114 966159 969565 963795 967507 965394 963069 963387 966805 967094 966355 967407 969983 965974 
996086 989905 991654 992117 992971 994636 994437 993351 990045 987776 989660 994961 993378 991397 990465 994631 994511 993922 993262 987791 990393 993384 992612 989724 994882 989068 996880 993588 990806 997978 
1004951 1003027 1005209 1009280 1009733 1006073 1005716 1003198 1008889 1007096 1007819 1008392 1006594 1007111 1009381 1006960 1007605 1009509 1007361 1007251 1006715 1006892 1009445 1010444 1009654 1009442 1006143 1004369 1010012 1005498 
1014457 1015272 1014453 1012490 1014643 1012330 1014347 1013291 1010735 1015940 1012531 1014950 1013592 1015064 1017108 1014871 1013833 1013021 1013112 1015547 1013651 1014416 1014108 1012668 1013897 1013676 1015610 1015013 1015686 1013754 
1015075 1017407 1016146 1016614 1017028 1016191 1013225 1015236 1015974 1013031 1016182 1015027 1015377 1015766 1015191 1015937 1016755 1014233 1015585 1013792 1017144 1016257 1015505 1014012 1014802 1014497 1016015 1014979 1014665 1015454 
1015197 1012931 1015507 1015281 1014666 1015897 1016266 1014274 1015371 1015357 1015580 1013031 1015117 1015566 1016261 1014089 1016828 1016561 1014811 1014510 1014838 1015497 1015540 1015628 1014932 1015151 1014977 1015195 1015478 1014275 
1013846 1013226 1014276 1013682 1014552 1015500 1014460 1014902 1015533 1015572 1013711 1012506 1014871 1014040 1013734 1014065 1013339 1014695 1013997 1015400 1013868 1013297 1014000 1015723 1014606 1014784 1014981 1013582 1013785 1014014 
1014875 1014838 1013015 1013702 1012627 1014546 1013917 1013911 1014240 1012868 1015045 1014193 1013693 1015239 1013154 1013193 1014592 1013077 1014389 1013530 1012732 1013780 1013479 1013707 1015038 1014635 1013959 1013332 1012735 1013664 
1014001 1014308 1014066 1012877 1014021 1013174 1013436 1013994 1013790 1013125 1012566 1012490 1012312 1013306 1013299 1013727 1013023 1013068 1014161 1013876 1013087 1013695 1015385 1013206 1012663 1013513 1013878 1013943 1013528 1014605 
1014125 1013416 1014669 1015090 1015229 1013333 1013584 1012980 1014129 1013550 1013508 1014313 1013823 1014364 1013814 1014398 1012501 1013499 1012543 1014233 1014001 1013838 1013916 1014350 1013429 1013363 1014251 1012913 1014818 1013570 
1015481 1015603 1014908 1014812 1015381 1015582 1014342 1015360 1014957 1013504 1014991 1015118 1015227 1014099 1014667 1012641 1015421 1015083 1014806 1015109 1014953 1015541 1015679 1014996 1014904 1014341 1014584 1013664 1013954 1015008 
1015880 1016114 1016448 1016703 1016731 1016390 1016370 1015246 1016123 1015400 1015756 1015352 1016858 1016395 1016988 1015894 1015805 1015555 1016729 1014878 1016062 1016021 1016787 1015308 1015329 1015791 1017022 1017226 1017211 1016196 
1018370 1018305 1017202 1017752 1018348 1019562 1017500 1019118 1018215 1018981 1018023 1018239 1017991 1018553 1015957 1018062 1019321 1016938 1018317 1017385 1018331 1018780 1017791 1018511 1017773 1017786 1018876 1018609 1018404 1018575 
1019537 1020742 1020847 1019543 1020488 1020508 1020619 1020783 1021255 1020651 1022202 1019963 1020106 1020827 1021319 1020810 1020322 1021249 1022348 1019852 1019676 1021457 1022016 1020623 1021295 1020647 1021390 1019944 1019936 1021175 
1023081 1023360 1025491 1022817 1022987 1024350 1023689 1022910 1023748 1023982 1024502 1024118 1023911 1022901 1024571 1023648 1021999 1025022 1023903 1023584 1023996 1024129 1024179 1024925 1024450 1023865 1023658 1022869 1024319 1026415 
99999 99999 99999 99999 99999 99999 99999 99999 99999 99999 99999 99999 99999 99999 99999 99999 99999 99999 99999 99999 99999 99999 99999 99999 99999 99999 99999 99999 99999 99999 
724862 728045 724626 723289 726007 726914 727437 723413 726724 724328 724042 722340 722707 723049 725998 724866 723794 727361 725393 723793 724251 725819 723676 724304 722600 724143 724046 724955 724434 725117 
906633 905064 910422 908264 909340 914459 907461 910827 907598 907835 909769 908823 906783 907965 912137 908494 909086 906419 907342 908585 906922 907953 913284 906545 910363 904972 904754 910042 912057 907460 
1046721 1048187 1053689 1051852 1048267 1048909 1049155 1041230 1042689 1044973 1051689 1048970 1042413 1044835 1045443 1044842 1044409 1047071 1048806 1047835 1048051 1051705 1049150 1044858 1045774 1045448 1046519 1043673 1044110 1041583 
1158650 1161634 1165111 1155976 1151628 1163162 1161120 1161265 1167430 1157790 1164547 1162125 1162139 1162096 1159774 1164337 1162215 1161141 1163698 1153942 1163572 1167290 1159243 1158667 1159226 1161454 1161643 1162861 1164932 1165284 
1257512 1257986 1261455 1258593 1259249 1262817 1258458 1260373 1264702 1260478 1259720 1259969 1268019 1266256 1261543 1261044 1264726 1259617 1265066 1264569 1261490 1263206 1268799 1269353 1263895 1263094 1273682 1259795 1264763 1263628 
1349115 1346750 1347716 1353381 1348538 1352238 1346635 1351318 1346932 1350845 1353613 1350195 1352905 1351455 1346127 1350687 1355584 1348769 1353772 1344310 1355978 1345904 1348362 1351429 1349207 1350890 1348231 1352996 1351691 1346813 
1438685 1429484 1432478 1430646 1429919 1425510 1430968 1431695 1427878 1434913 1432119 1432778 1437385 1429571 1432489 1436883 1426627 1427999 1424860 1421860 1431428 1429947 1428059 1429860 1428732 1423324 1430565 1420093 1433551 1438260 
1505257 1505152 1505389 1510839 1505563 1501777 1497157 1502877 1504143 1503204 1500810 1496994 1505139 1497996 1501428 1493881 1498510 1502148 1503761 1511214 1502734 1501418 1503865 1511557 1511787 1503734 1511454 1506292 1511584 1499320 
1564035 1569433 1569450 1568687 1566456 1569772 1566264 1572451 1575098 1570130 1572247 1576685 1562290 1567296 1572460 1573914 1570394 1569445 1569427 1573648 1575292 1572511 1571292 1572485 1567349 1567690 1569682 1566101 1569600 1572103 
1630056 1634662 1635090 1631075 1621912 1630070 1628532 1627328 1627920 1633486 1639981 1626076 1635869 1639893 1634123 1641679 1624478 1621364 1638724 1627633 1633935 1628164 1631440 1628699 1627945 1636058 1639761 1629967 1623490 1629263 
1689901 1690304 1687227 1687850 1696236 1686619 1681649 1685842 1687651 1682266 1680289 1683272 1690139 1685783 1687339 1682926 1690069 1686179 1689088 1693307 1687214 1684711 1691688 1687903 1690621 1689294 1684994 1690137 1686663 1683759 
1741277 1739062 1738241 1742935 1740264 1733657 1741604 1734232 1742955 1740050 1745151 1739744 1737860 1730055 1739533 1740379 1738218 1740253 1735183 1741951 1731637 1737265 1739186 1740528 1744126 1741607 1738583 1741753 1742687 1747441 
1791859 1791165 1776598 1789576 1784674 1788455 1786679 1788577 1792020 1779432 1794276 1790570 1783173 1788817 1786275 1789501 1789781 1788735 1786607 1786993 1780849 1794166 1789395 1784632 1782091 1785838 1790209 1785470 1784162 1783250 
1822663 1833584 1823294 1840702 1827910 1831459 1831177 1826825 1836725 1828019 1826333 1829090 1829530 1829479 1823327 1832331 1836273 1837270 1837968 1832524 1827140 1824429 1831851 1829250 1831178 1826711 1836368 1835762 1823692 1834699 
1881216 1885661 1875360 1876590 1866878 1866475 1877642 1869012 1876417 1879652 1875198 1873054 1876303 1863863 1876601 1867918 1879771 1877574 1877132 1873185 1876938 1862102 1868002 1873153 1873781 1866193 1864579 1869094 1870552 1872776 
1910815 1916999 1912780 1916204 1909403 1905118 1912548 1918744 1908677 1916966 1914328 1911260 1909337 1909408 1910518 1903309 1903891 1907015 1908024 1904583 1911856 1904712 1915966 1904939 1898516 1913737 1909652 1903661 1906899 1912069 
1951130 1943936 1944568 1951576 1945354 1942448 1941231 1944527 1942637 1947604 1949176 1948194 1944880 1944171 1953505 1931535 1947026 1946515 1945928 1949526 1951464 1945893 1949914 1937125 1943860 1947674 1944702 1946580 1956444 1939195 
1979087 1978663 1970661 1974749 1975241 1977257 1973695 1973188 1982398 1985508 1982187 1983611 1976999 1975221 1976905 1974611 1980712 1981941 1980745 1975520 1987147 1987036 1964983 1971127 1975510 1976164 1964372 1978403 1972076 1971886 
2000087 2009250 2015422 2007811 2009240 2011652 2012104 2015091 2011872 2012191 2012933 2013604 2014455 2008683 2018471 2014490 2007154 2014449 2002280 2002113 2010447 2002776 2012081 2012160 2015526 2011076 2014884 2006846 2005707 2011015 
2036232 2032889 2047236 2043198 2039465 2040480 2040660 2025109 2036081 2043729 2036972 2044582 2039658 2043374 2041881 2044692 2041580 2041659 2048338 2035442 2043063 2044703 2050477 2043882 2033172 2036557 2039478 2030014 2033199 2045088 
99999 99999 99999 99999 99999 99999 99999 99999 99999 99999 99999 99999 99999 99999 99999 99999 99999 99999 99999 99999 99999 99999 99999 99999 99999 99999 99999 99999 99999 99999 
299440 301028 300137 299011 300221 299800 300135 299114 300614 299836 299586 299317 299307 298957 299276 300458 299540 300593 299781 300037 299509 300107 299872 299710 299411 299184 300278 300176 300327 300522 
391923 391342 392737 392551 392349 394285 390808 394181 391528 393144 392891 391337 390961 392554 392995 392204 392588 392305 391279 393299 392112 391698 392778 391831 392538 390708 391713 392399 392326 392625 
462521 463924 465368 463887 464135 463787 463341 461226 463951 463406 464986 464591 460463 462521 463168 463313 461381 462645 464487 463623 463301 464308 464251 461091 463618 463304 463472 461985 463078 462366 
523305 522868 524052 521869 521308 524058 523016 523697 524699 523099 524249 523424 521894 522360 521794 522653 522934 523337 524183 521545 521717 524783 523042 523287 522279 523866 522256 522559 523593 522608 
575573 575408 574647 575560 574729 574552 573638 575966 576456 575154 576228 575798 577324 576981 575046 576023 575352 575642 574303 577640 576472 575907 576297 577534 576290 577927 578891 576896 574810 574703 
621469 623461 623026 623467 622347 622297 621644 623401 623228 623148 623961 622924 622892 624436 623540 623638 626179 624360 624570 619535 623963 622926 623260 623198 621797 622477 622084 623051 624061 622781 
668094 665177 667559 665708 667162 664143 667900 665777 665141 667562 667392 669012 669300 667926 667150 667820 664812 666934 665388 664979 668044 666459 666593 665568 666247 665244 667027 664791 667319 671120 
707138 707245 709651 709484 708369 707848 706141 706859 707663 706404 707337 704557 708118 705301 706494 705358 706357 707258 706811 709838 706443 706343 706193 710200 710362 707044 710994 707507 710739 703624 
742533 746341 745518 744232 745443 745770 745348 744786 747658 743700 745007 749077 746363 744004 745591 747546 745074 746636 744300 745420 746170 746489 745977 746800 746640 744771 747111 744099 745024 746511 
781019 782313 782788 783748 779304 778066 783217 780390 780243 781672 784122 778046 784655 782366 780522 786644 778914 780824 781417 781235 781967 782122 780570 782044 781931 782107 782929 781578 780520 780477 
815269 815240 816131 815498 819285 814528 811499 816713 817086 814423 815782 815094 814461 815384 816689 815438 815504 816582 815822 820520 814200 815847 816045 815869 815086 815261 813209 817121 818101 814757 
848125 849876 847522 852009 850710 844908 848407 846676 850424 848473 852117 850696 850568 848475 851612 847990 849093 852382 848289 849062 846684 847726 848741 848823 849919 851597 845986 849402 849168 852219 
882294 882934 874769 880082 878636 877878 879738 878004 881841 878599 883190 883626 878741 879207 878341 880850 877273 877542 878341 879721 877217 880401 881402 882680 879888 882067 882960 877222 880170 877864 
908645 909970 902576 914550 908113 909038 908700 909187 912245 908097 907467 907945 909149 909926 908319 911139 911121 912398 912075 913173 908883 904716 910951 906416 910129 908698 911098 912141 908552 913107 
940481 943286 939414 941041 938905 938379 942932 938480 938960 940501 940658 940235 943447 936837 938126 935282 938488 938474 940110 939199 940665 937600 938993 938975 939721 938446 936586 937846 938459 937506 
967100 968757 968791 970017 968393 962581 967380 969214 965512 967188 971062 968483 968442 964269 966618 966286 963942 965593 966629 966979 968658 964038 969844 966324 965167 968600 966694 963395 964498 969145 
995181 992637 991124 994091 995745 994022 993933 989804 995029 996903 994575 993634 994164 992317 998314 989313 993904 990823 992851 993712 996517 993403 997452 990897 990714 993905 991937 993144 996151 992783 
1018734 1023034 1020907 1021711 1019163 1020982 1016929 1018262 1022057 1019636 1017814 1021500 1020736 1020271 1018195 1017834 1022966 1022830 1021667 1019172 1022668 1023650 1019448 1021448 1018132 1019181 1017646 1023066 1019020 1018645 
1041514 1042959 1046319 1042562 1044685 1047412 1044329 1048317 1047132 1046882 1048297 1047359 1045276 1043455 1047512 1044829 1048182 1045460 1046635 1043217 1041830 1042328 1049759 1047492 1046044 1045862 1046191 1045958 1041544 1045218 
1069415 1064847 1076428 1068899 1072375 1069842 1069516 1065271 1067307 1073479 1071541 1070760 1070397 1073761 1072475 1071339 1066431 1069591 1072947 1071805 1072792 1071287 1072915 1072772 1069929 1073255 1072111 1071032 1073389 1073635 
199997 199997 199997 199997 199997 199997 199997 199997 199997 199997 199997 199997 199997 199997 199997 199997 199997 199997 199997 199997 199997 199997 199997 199997 199997 199997 199997 199997 199997 199997 
486876 488155 487955 485519 486973 486065 487432 485953 488605 486629 486958 485346 486110 485106 486715 486053 486512 488120 486497 486884 486284 487247 486335 486876 485601 486087 486662 486463 486159 487736 
585177 585545 586213 585049 586452 587339 583269 586894 585011 585615 586102 584465 584513 585999 585818 586067 586089 585257 584843 585432 585743 584099 585588 584339 585681 584447 584543 586520 586628 586145 
650029 651667 651389 651636 650379 650088 650219 646735 651066 651047 649864 651059 647082 649766 649670 648828 648942 649064 650400 651075 649371 651239 650387 647867 650510 649573 651139 649352 648998 648161 
697816 698495 698001 696300 696469 699366 699223 697042 699816 699773 699257 698202 699153 698357 698001 699090 699011 699851 697530 697968 697706 700069 698211 698548 697895 698640 697491 698150 698715 697953 
737020 736766 737771 738210 736563 737010 736207 736783 737922 737189 737415 736585 738551 738612 736313 738704 736961 736941 737834 739117 738038 738879 737940 739232 738521 739659 739967 737920 737683 736679 
769159 769192 771232 769105 770482 770101 769954 770535 770482 770153 770172 770787 771579 770086 770602 771646 771389 770330 772265 768336 771866 769351 769814 770687 771370 769618 770116 770801 771018 769749 
800290 798165 797921 797711 797570 796719 800077 798224 797935 799322 798471 800530 800131 799916 799698 800140 797947 797702 797168 797745 797277 799713 799546 798257 798398 798067 799267 797178 798681 801304 
823026 824036 824820 825790 824115 824107 823091 825923 822746 823622 824140 822096 822357 822172 821545 821820 823382 823275 823482 825336 821995 822048 822550 825869 824810 823035 824990 824204 825282 821619 
844736 844938 846160 844921 846466 846426 846894 845779 848448 844712 846012 847787 845738 844407 847871 847210 845991 847433 847310 846350 845705 845596 847042 847022 845048 844689 846424 845981 845724 846975 
865875 866669 867210 867093 865129 864921 866057 864940 865238 867234 867700 865417 867478 866824 866331 868685 863555 866607 866790 865480 865626 867115 866735 865544 865127 866756 866868 866353 865079 866093 
885775 884605 885374 884666 887569 883598 882532 884545 884163 883712 883406 883298 883712 885090 885118 884196 883917 884418 885366 887070 885094 884289 884050 886294 885308 883337 883600 884982 885739 883977 
901334 900427 900483 902442 903526 899986 903097 900816 904160 900743 904220 903159 903322 901162 903070 901535 900145 904023 901139 902136 901332 902263 901743 902273 901561 903076 902384 901695 902511 903386 
918697 918765 914258 917653 917635 917628 917915 917722 920241 916367 919205 919166 917281 916333 917851 916374 916846 915613 916402 917959 914215 916698 919078 917697 917603 919389 919975 916200 916766 917071 
930719 932426 928678 934612 931235 932007 931178 930391 933766 930161 931216 931433 933212 930732 931782 932292 932971 933840 931867 932723 931400 929493 932534 929163 932439 933153 933706 933054 931362 933600 
947310 949524 946761 946816 945417 944733 947761 946893 946143 945966 947521 946674 946455 944880 945853 943849 945237 944920 947789 946930 945365 943910 946281 944037 948482 947692 943824 945061 944290 943478 
958382 960238 958564 960490 959242 956027 960377 958526 958183 959622 959622 958712 959779 957232 958089 958620 957506 957254 957966 959072 960664 956934 960074 957843 956521 959939 957242 955445 956358 958348 
972035 968743 970112 970463 972286 969659 970811 967904 972184 971240 972101 972429 971047 971482 972666 968067 970753 969157 970460 969310 971532 970188 973030 967994 968472 971336 969594 969716 971425 968593 
982829 984036 982398 985034 981168 982223 981047 982159 983972 980624 981568 981717 981857 983400 981124 980311 983596 983177 983815 984077 983194 984658 981298 982430 979793 981624 980715 983780 980879 981207 
992458 994147 993962 991114 992582 994919 992893 995324 993158 994127 994004 993900 994622 992812 994465 991975 994698 991908 993274 991319 993211 992847 994336 994374 992349 993999 994249 992505 990220 993920 
1001400 1001252 1006790 1004405 1006790 1004940 1001861 1000892 1002179 1003624 1003881 1003393 1002793 1004376 1005385 1004655 1002942 1002885 1004786 1004100 1004592 1003094 1004638 1002603 1003391 1006084 1004748 1004224 1006162 1004763 
199990 199987 199992 199991 199988 199980 199987 199989 199990 199993 199981 199983 199987 199991 199986 199982 199984 199991 199988 199988 199985 199988 199987 199989 199982 199987 199986 199983 199990 199984 
567516 570179 569063 566683 567979 567026 565568 565806 566427 567042 567282 566015 566734 566650 567396 568651 567288 568884 566284 566291 567647 569330 566030 567417 566290 568751 566364 568777 564585 568456 
667484 665193 669550 669301 665566 669703 665188 667347 666396 670383 667381 667048 667298 666890 669260 667843 667521 668588 667167 667293 667045 664551 667726 667515 666242 663327 664294 664307 665941 667457 
731800 734428 734572 733910 732213 729834 732436 730256 735043 731849 733739 732709 729427 731513 732921 730973 728660 732347 733974 734863 733763 733041 730865 731287 732782 729891 732515 731079 731428 729130 
781657 777541 780890 784727 780670 779870 781025 780146 783613 781204 782454 779656 779289 779760 779323 779438 784083 784091 781934 779309 779742 783098 779960 782792 779448 780325 779015 779102 782764 782035 
820320 819464 820237 820990 819319 820955 818977 818629 820725 816088 822975 820363 820401 822553 818908 823073 817934 821365 820837 822482 822518 819959 821968 821514 822887 824108 821073 822896 821765 820156 
854575 852575 852909 852513 857167 854481 851271 852652 853504 854548 852856 854439 853434 854466 852363 856948 852564 854844 854971 852351 857534 852160 852801 852585 851483 854044 851751 853529 853897 854012 
883635 881008 882692 879990 883787 883211 883066 884209 884055 883611 882885 882830 886042 885658 883837 882758 881512 880637 875116 883819 883818 882759 884252 880769 880621 882605 879492 882421 883630 880963 
909387 905864 908529 907787 907366 906611 908406 908906 906559 906778 908016 903317 906753 905557 906538 905829 905947 910066 904197 904764 906681 905705 906731 909036 908482 907634 910868 907621 908609 905255 
927967 932392 930932 929494 932399 935070 933042 930596 934656 930190 931747 930076 927572 930942 934428 930579 929274 932233 929381 930445 931565 931799 933457 933876 931026 929479 931842 930066 930570 929465 
948343 955630 950224 952176 949528 948506 952417 947858 949621 953671 952619 950484 952179 955304 949710 953636 952201 954789 952496 951932 949818 952458 949263 954332 950977 950106 950298 948800 950602 950628 
971177 970351 969623 970255 974802 969392 968068 970789 967658 969888 971240 968974 971432 973053 972435 970162 968970 970384 971657 969851 970747 971143 970290 971123 971235 971668 969178 971803 970349 971681 
987594 989189 987834 988966 989017 983052 989960 986620 989766 988072 992631 988445 988849 983633 988943 986624 987266 993714 987972 990831 985035 986342 989293 986370 986558 989815 988234 988311 991622 991733 
1003547 1007070 1001123 1001588 1004124 1005064 1001560 1006635 1003737 1002919 1003816 1007087 1007265 1003058 1004289 1004600 1003841 1003732 1003013 1004485 1002990 1006455 1008498 1001659 1006848 1007086 1008418 1003870 1001935 1001565 
1020369 1019070 1016884 1023763 1021053 1019398 1021694 1018802 1020287 1015418 1017474 1016449 1019508 1018322 1016583 1017755 1022770 1019710 1017835 1016818 1020304 1017540 1023158 1016015 1021891 1020868 1019968 1019111 1016865 1021390 
1034631 1034904 1036016 1035689 1031269 1032422 1035263 1034032 1036331 1033805 1033396 1031150 1033848 1037240 1031851 1031830 1034392 1034050 1038911 1032327 1034785 1029188 1029955 1031182 1033238 1037274 1032459 1029942 1033268 1032462 
1050512 1048897 1049666 1048750 1047181 1045165 1048880 1048043 1043917 1045539 1055756 1043975 1047343 1044048 1047634 1044022 1046647 1046935 1042418 1049917 1049097 1045710 1046839 1044865 1042518 1044658 1041550 1045914 1045485 1044419 
1063497 1061635 1057384 1057002 1061017 1058751 1059812 1056634 1062258 1060235 1056416 1058921 1058474 1061121 1061902 1059815 1058484 1055712 1057779 1061974 1060638 1058396 1057971 1053734 1056527 1056075 1061107 1063109 1059907 1059332 
1068273 1072173 1067821 1071801 1072563 1071231 1069740 1071701 1071179 1071312 1070272 1069163 1069012 1070992 1069963 1066358 1076712 1069922 1069603 1075895 1069663 1072958 1069571 1068075 1070959 1068069 1069714 1073472 1070519 1070059 
1079598 1081939 1081161 1079374 1083538 1083488 1077798 1085939 1084138 1084675 1086165 1084308 1087872 1085525 1084896 1083972 1086488 1082263 1083046 1080664 1080475 1077734 1087107 1082257 1084460 1084208 1085008 1085266 1078006 1082102 
1095489 1096620 1095192 1094022 1095961 1094249 1093160 1092452 1088292 1096576 1094801 1092589 1097386 1093354 1091599 1091338 1095294 1092264 1094929 1095284 1093034 1094636 1096178 1093072 1094343 1094464 1097100 1095716 1097313 1093267 
99999 99999 99999 99999 99999 99999 99999 99999 99999 99999 99999 99999 99999 99999 99999 99999 99999 99999 99999 99999 99999 99999 99999 99999 99999 99999 99999 99999 99999 99999 
437941 439953 439716 437272 438764 438327 439010 437732 438733 439548 438363 438456 438869 437336 438393 439167 438432 438877 438330 439044 438006 439025 438457 438280 438024 438814 438399 439600 438447 438525 
512724 511906 512789 512396 512314 513980 511706 513322 510880 513533 512488 511739 511523 512278 512948 512908 512799 512953 512166 512816 512243 511405 512448 512585 512671 511355 511803 512619 512326 512144 
560798 561813 563593 561755 562119 562388 562687 560040 561422 561894 563635 561907 559607 560555 561200 562821 559625 561031 561947 562554 562109 562586 561670 560307 561380 562287 562097 560222 561636 560867 
598626 599117 599478 598085 598399 599827 598214 598267 600046 598363 598931 598970 597227 598725 597698 598055 598826 598512 599421 598046 598674 600059 597878 599930 597422 600095 597934 597945 597864 598234 
628200 628516 628500 629073 629620 627796 627234 630355 629447 627411 629237 630133 630482 630121 628032 629191 627800 628648 629238 630209 630406 628787 629228 629135 629321 630387 630147 628721 628930 629330 
653389 653809 653615 653806 652944 653211 654248 654403 654764 654321 655403 653921 655031 654165 655238 656757 656449 655876 655270 651699 654931 654078 655347 654038 654287 654280 653722 654361 655594 654113 
677538 675373 676643 675542 675617 675801 678334 675625 675266 676895 676296 678053 678240 676782 677086 676058 675047 675528 675750 676302 678077 675669 677138 674740 676124 676051 676415 676734 676875 678791 
696294 695521 697986 697587 695261 697181 695544 695206 696515 695328 695371 694118 697427 695079 695351 695568 696261 695615 696193 697271 695711 695881 696393 696909 696809 696388 697821 696582 696668 694704 
712212 713945 711375 712318 713355 713758 713152 712866 713968 713136 712594 714818 713778 712521 713798 713296 713232 712421 712962 713034 713574 714194 713581 713587 714362 713536 713864 713241 713116 715268 
728406 729544 729052 730610 727415 727641 730762 728073 728494 729207 730238 727318 730276 729993 728254 731614 727684 730195 729272 728559 729680 729140 729133 729299 730222 729542 728729 728994 729245 728815 
743441 743211 743827 742851 744341 742641 742088 745137 743435 741546 743780 743204 742671 742586 744351 742580 744539 743477 744376 746062 743644 744215 742990 744233 743645 744837 742354 744085 745588 744074 
756788 758319 756348 758136 759279 754393 756241 756396 757650 757335 758115 757723 757217 756979 757563 756126 757894 759292 756197 757418 757423 756063 755730 757715 756186 758973 754541 755796 757347 758055 
769347 770312 767749 767654 768851 767705 768115 768722 769080 768810 771482 770772 767735 769061 769201 769130 768266 768416 768950 769276 768636 769257 769869 769953 769471 770422 770622 767650 768696 768650 
779756 780990 777909 781923 780240 779510 779569 781295 780089 779520 779172 779812 781496 781353 779965 780518 779543 780863 780896 782676 780155 779905 781078 778419 780803 780411 780109 782665 779891 782140 
791503 792725 791037 791187 791392 791939 791035 790757 789599 790706 791870 791879 792325 791089 791914 790730 790018 791254 791168 790819 792686 792610 790681 791568 792189 791949 791187 791404 791422 790412 
801192 802077 800948 801237 801292 800360 800589 802273 799666 800487 803176 801998 803531 799439 801255 801890 800271 802013 802190 799122 802606 800932 802253 801552 800552 801604 801359 799831 801208 802307 
810538 811019 811141 811644 812145 811064 811104 810350 809635 811606 811255 809271 811368 809552 811641 809022 809986 810182 809251 810118 810709 810289 812334 809674 809914 809955 808499 811098 810934 810470 
818444 820335 820740 819233 819002 821085 817901 819138 819660 817708 819085 819125 820123 821276 818613 820767 821698 819654 820320 819163 820317 820070 819408 820080 819899 820002 818778 819565 819923 820904 
827802 827428 828111 827411 827155 829081 827069 829771 828958 828104 828371 828582 828789 827607 828657 827914 829516 827779 828914 828358 826684 827922 828766 828768 829205 829032 827674 829382 826837 828776 
836777 835327 838612 836258 836674 836172 835504 834382 836530 838048 838374 834461 836575 837522 837139 836531 834725 836170 836759 838208 838351 837628 836574 837059 835755 838920 836328 836702 837077 837257 
