MergeSort QuickSort TimSort OESM Cook_Kim LIS LIS_treap BothAlgo 
8 21 20
69008 69008 69008 69008 69008 69008 69008 69008 69008 69008 69008 69008 69008 69008 69008 69008 69008 69008 69008 69008 
72158 72154 72154 72067 72067 72061 72061 72199 72199 72199 72113 72113 72201 72201 72122 72122 72058 72058 72190 72190 
73904 73904 73909 73909 73875 73875 73767 73767 73923 73923 73885 73885 73854 73854 73785 73785 73785 73887 73887 73786 
75094 75143 75143 75013 75013 75192 75192 75093 75093 74973 74973 74957 74957 74920 74920 74915 74915 74944 74944 75009 
75825 75954 75954 76007 76007 76034 76034 75818 75818 75834 75834 76004 76004 76092 76092 75853 75853 75853 75896 75896 
76596 76596 76643 76643 76488 76488 76519 76519 76586 76586 76464 76464 76650 76650 76739 76739 76545 76545 76657 76657 
77342 77342 77370 77370 77188 77188 77231 77231 77468 77468 77269 77269 77188 77188 77366 77366 77128 77128 77325 77325 
77838 77838 77784 77784 77847 77847 77820 77820 77795 77795 77781 77781 77677 77677 77677 77543 77543 77906 77906 77626 
78171 78335 78335 78211 78211 78420 78420 78060 78060 78298 78298 78221 78221 78159 78159 78248 78248 78241 78241 78300 
78663 78664 78664 78516 78516 78588 78588 78686 78686 78600 78600 78428 78428 78648 78648 78797 78797 78557 78557 78874 
79085 78993 78993 79095 79095 79145 79145 79007 79007 79014 79014 78919 78919 79284 79284 78964 78964 78825 78825 79053 
79248 79427 79427 79477 79477 79435 79435 79419 79419 79595 79595 79497 79497 79474 79474 79329 79329 79582 79582 79484 
79835 79573 79573 79765 79765 79730 79730 79863 79863 79594 79594 79791 79791 79618 79618 79609 79609 79763 79763 79811 
80062 80152 80152 80096 80096 80012 80012 80262 80262 80311 80311 80139 80139 79956 79956 80023 80023 79877 79877 79993 
80221 80221 80290 80290 80374 80374 80280 80280 80259 80259 80518 80490 80490 80363 80363 80370 80370 80317 80317 80364 
80692 80508 80508 80702 80702 80736 80736 80678 80678 80543 80543 80608 80608 80565 80565 80746 80746 80599 80599 80602 
80834 80856 80856 80693 80693 80830 80830 80762 80762 80898 80898 80905 80905 80740 80740 80892 80892 80895 80895 80863 
81116 81172 81172 81137 81137 81096 81096 80984 80984 81043 81043 81025 81025 81173 81173 81043 81043 81117 81117 81150 
81372 81316 81316 81142 81142 81280 81280 81348 81348 81373 81373 81361 81361 81169 81169 81292 81292 81283 81283 81407 
81639 81311 81311 81485 81485 81579 81579 81431 81431 81563 81563 81523 81523 81556 81556 81568 81568 81524 81524 81455 
81842 81506 81506 81694 81694 81657 81657 81852 81852 81764 81764 81651 81651 81651 81651 81806 81806 81464 81464 81674 
160549 160549 156516 156516 162643 162643 145583 145583 152016 152016 166705 166705 166705 159816 159816 146894 146894 153263 153263 157961 
150189 147283 147283 147960 147960 161851 161851 156264 156264 156264 171710 171710 152557 152557 158486 158486 165781 165781 152931 152931 
153520 153520 168605 168605 162680 162680 153011 153011 158187 158187 155107 155107 152173 152173 151796 151796 151796 166322 166322 154446 
156512 152864 152864 152745 152745 156659 156659 154432 154432 144386 144386 155236 155236 158351 158351 151869 151869 151476 151476 163924 
153477 151213 151213 159115 159115 151018 151018 159132 159132 167702 167702 151743 151743 157719 157719 162168 162168 162168 149366 149366 
160285 160285 157101 157101 152286 152286 150216 150216 165773 165773 149794 149794 148387 148387 160065 160065 158265 158265 151447 151447 
157148 157148 147783 147783 151841 151841 146618 146618 151729 151729 148286 148286 151845 151845 148849 148849 157533 157533 158504 158504 
156102 156102 169520 169520 156996 156996 148082 148082 153397 153397 157304 157304 152349 152349 152349 144444 144444 150363 150363 159436 
159589 148277 148277 150880 150880 147836 147836 146982 146982 159070 159070 164347 164347 147681 147681 156368 156368 151621 151621 168457 
153005 156273 156273 147128 147128 149351 149351 159197 159197 151766 151766 160136 160136 159676 159676 163584 163584 158534 158534 158069 
164696 163519 163519 156690 156690 148173 148173 170313 170313 161682 161682 148913 148913 149435 149435 158681 158681 154606 154606 149215 
152650 155515 155515 156996 156996 156797 156797 149278 149278 156516 156516 151214 151214 152137 152137 150540 150540 153564 153564 153668 
155061 154903 154903 163037 163037 150308 150308 163602 163602 156848 156848 158496 158496 155190 155190 154893 154893 151356 151356 164005 
162042 162683 162683 150395 150395 148998 148998 158186 158186 153378 153378 156988 156988 157817 157817 144961 144961 150908 150908 150964 
164689 164689 157902 157902 149378 149378 151871 151871 155511 155511 162104 150468 150468 159824 159824 157942 157942 153071 153071 150670 
143780 151726 151726 154554 154554 153886 153886 167902 167902 155823 155823 151149 151149 149163 149163 161720 161720 152057 152057 161753 
153400 169935 169935 164940 164940 151931 151931 157088 157088 148562 148562 150113 150113 157370 157370 153963 153963 171443 171443 164091 
166716 153965 153965 177400 177400 166794 166794 161543 161543 148942 148942 148909 148909 151965 151965 162006 162006 152374 152374 153145 
167393 153680 153680 151558 151558 159753 159753 158188 158188 163169 163169 162995 162995 148797 148797 154871 154871 153842 153842 149309 
154876 150897 150897 147900 147900 152044 152044 148894 148894 169270 169270 157732 157732 168059 168059 154816 154816 152077 152077 152190 
155957 153943 153943 156443 156443 154822 154822 153292 153292 157642 157642 149345 149345 158485 158485 152002 152002 154728 154728 150482 
56407 56407 56407 56407 56407 56407 56407 56407 56407 56407 56407 56407 56407 56407 56407 56407 56407 56407 56407 56407 
64079 64259 64259 64045 64045 64070 64070 64388 64388 64388 64090 64090 64117 64117 64069 64069 63854 63854 64181 64181 
68818 68818 68819 68819 68702 68702 68545 68545 68802 68802 68831 68831 68929 68929 68687 68687 68687 68891 68891 68734 
72376 72228 72228 72185 72185 72507 72507 72315 72315 72260 72260 72254 72254 72233 72233 71939 71939 71992 71992 72352 
75248 74842 74842 75216 75216 75112 75112 74862 74862 74850 74850 75291 75291 75114 75114 75058 75058 75058 74762 74762 
77756 77756 77259 77259 76919 76919 77419 77419 77461 77461 77395 77395 77419 77419 77465 77465 77238 77238 77252 77252 
79713 79713 79807 79807 79701 79701 79616 79616 79998 79998 79856 79856 79733 79733 79415 79415 79690 79690 79864 79864 
81472 81472 81538 81538 81375 81375 81727 81727 81244 81244 81393 81393 81187 81187 81187 81205 81205 81902 81902 81439 
82994 82926 82926 83111 83111 83191 83191 82871 82871 82792 82792 83103 83103 82983 82983 83161 83161 83650 83650 83229 
84579 84966 84966 84417 84417 84669 84669 84389 84389 84973 84973 84564 84564 84706 84706 85055 85055 84809 84809 84928 
86326 86419 86419 86056 86056 86329 86329 86149 86149 86231 86231 85969 85969 86265 86265 85938 85938 86078 86078 86024 
87589 87316 87316 87438 87438 87619 87619 87787 87787 87833 87833 87098 87098 88089 88089 86540 86540 88102 88102 87333 
88805 88291 88291 88426 88426 88902 88902 88830 88830 88326 88326 88709 88709 88529 88529 88684 88684 89047 89047 89025 
90089 90199 90199 89721 89721 90062 90062 89893 89893 90073 90073 90164 90164 89658 89658 90002 90002 89313 89313 89991 
91178 91178 90690 90690 91506 91506 90949 90949 90928 90928 91084 91550 91550 91340 91340 91448 91448 91152 91152 91204 
92099 91812 91812 91970 91970 92038 92038 92465 92465 92250 92250 91795 91795 91958 91958 92219 92219 91853 91853 92317 
93272 93099 93099 93040 93040 92657 92657 93128 93128 93143 93143 93551 93551 92860 92860 93416 93416 93003 93003 93038 
94538 94084 94084 94048 94048 94012 94012 93565 93565 94460 94460 93145 93145 94288 94288 94010 94010 94195 94195 93940 
95029 94613 94613 94686 94686 95182 95182 95456 95456 94869 94869 94782 94782 95088 95088 95252 95252 95311 95311 95245 
96120 95773 95773 96360 96360 96148 96148 96351 96351 95613 95613 95596 95596 95392 95392 96163 96163 95606 95606 95584 
96395 96372 96372 96856 96856 96514 96514 96400 96400 96353 96353 96273 96273 96781 96781 96278 96278 96253 96253 97040 
9999 9999 9999 9999 9999 9999 9999 9999 9999 9999 9999 9999 9999 9999 9999 9999 9999 9999 9999 9999 
62018 63029 63029 61108 61108 63081 63081 61159 61159 61159 64206 64206 61445 61445 63009 63009 60579 60579 59851 59851 
71956 71956 72259 72259 71636 71636 72042 72042 71965 71965 72052 72052 71763 71763 71967 71967 71967 72035 72035 72860 
71115 71458 71458 71437 71437 72183 72183 71246 71246 71328 71328 71332 71332 71272 71272 70992 70992 71444 71444 71261 
72960 72089 72089 72641 72641 72032 72032 72454 72454 73272 73272 72766 72766 73303 73303 72925 72925 72925 72797 72797 
75087 75087 75590 75590 74992 74992 75512 75512 75350 75350 74410 74410 75567 75567 74861 74861 74580 74580 75065 75065 
78162 78162 78610 78610 78216 78216 78016 78016 78135 78135 77410 77410 78881 78881 78625 78625 78296 78296 79303 79303 
81226 81226 80134 80134 80173 80173 80745 80745 80885 80885 80595 80595 79662 79662 79662 79842 79842 81051 81051 79883 
82030 81838 81838 81826 81826 82299 82299 82558 82558 82152 82152 82639 82639 82822 82822 81461 81461 82188 82188 82381 
84269 83989 83989 83371 83371 83852 83852 84200 84200 83581 83581 83699 83699 83714 83714 83558 83558 83968 83968 83612 
85301 84560 84560 84501 84501 84396 84396 84896 84896 84413 84413 83691 83691 85186 85186 85245 85245 84281 84281 84221 
85144 85340 85340 85619 85619 84950 84950 84972 84972 85618 85618 85127 85127 84984 84984 85170 85170 85247 85247 85089 
85381 85914 85914 85330 85330 86092 86092 85612 85612 85783 85783 85824 85824 85435 85435 85278 85278 85602 85602 86022 
85793 85764 85764 85862 85862 85727 85727 85826 85826 85798 85798 85104 85104 86049 86049 85714 85714 86109 86109 85449 
85618 85618 85975 85975 85766 85766 85889 85889 85886 85886 85670 85607 85607 85750 85750 85762 85762 85998 85998 85878 
85987 86169 86169 85717 85717 86123 86123 86042 86042 86063 86063 86603 86603 86335 86335 85938 85938 86183 86183 85646 
86068 86008 86008 85796 85796 85737 85737 86372 86372 86095 86095 86225 86225 86197 86197 86295 86295 85826 85826 86025 
86368 86065 86065 86153 86153 86402 86402 86169 86169 86138 86138 86325 86325 86271 86271 86573 86573 85989 85989 86563 
86098 86195 86195 86008 86008 86227 86227 86671 86671 86526 86526 86334 86334 85962 85962 85973 85973 86189 86189 86001 
86181 86493 86493 86093 86093 86131 86131 86195 86195 86359 86359 86404 86404 86125 86125 86460 86460 86558 86558 86458 
86593 86556 86556 86137 86137 86401 86401 86584 86584 86489 86489 86345 86345 85966 85966 86646 86646 86356 86356 86458 
9999 9999 9999 9999 9999 9999 9999 9999 9999 9999 9999 9999 9999 9999 9999 9999 9999 9999 9999 9999 
45786 46557 46557 46008 46008 46165 46165 46479 46479 46479 45450 45450 46176 46176 45598 45598 45550 45550 46261 46261 
57036 57036 56470 56470 56625 56625 55445 55445 57106 57106 56845 56845 57658 57658 56066 56066 56066 57320 57320 56615 
64907 64876 64876 64534 64534 65182 65182 64598 64598 64998 64998 64627 64627 64917 64917 63736 63736 65228 65228 64826 
71707 70226 70226 71600 71600 71736 71736 71077 71077 70816 70816 72079 72079 71083 71083 71804 71804 71804 71260 71260 
78279 78279 78077 78077 76005 76005 77327 77327 77200 77200 77115 77115 76932 76932 77324 77324 76518 76518 76660 76660 
83084 83084 81699 81699 81620 81620 82420 82420 83314 83314 83720 83720 82875 82875 83183 83183 83224 83224 83177 83177 
86541 86541 87403 87403 86495 86495 87573 87573 86032 86032 87128 87128 87299 87299 87299 86211 86211 88898 88898 86436 
90914 91330 91330 91574 91574 91681 91681 90373 90373 91123 91123 92424 92424 91988 91988 90996 90996 92882 92882 90117 
94942 95595 95595 93802 93802 94680 94680 95968 95968 96371 96371 95490 95490 96510 96510 97797 97797 96769 96769 96041 
98813 99618 99618 100336 100336 100501 100501 100912 100912 99769 99769 99151 99151 100654 100654 100113 100113 98551 98551 99248 
102231 102797 102797 102391 102391 104094 104094 102359 102359 103434 103434 103106 103106 104217 104217 100794 100794 103993 103993 103251 
106440 106117 106117 107113 107113 106531 106531 105037 105037 105576 105576 106253 106253 106069 106069 106675 106675 106967 106967 106908 
110393 109667 109667 108564 108564 110562 110562 109692 109692 110078 110078 110191 110191 109183 109183 110372 110372 108069 108069 110260 
111601 111601 112082 112082 112873 112873 111771 111771 112995 112995 111591 114170 114170 112821 112821 114026 114026 114113 114113 113850 
114925 116762 116762 116082 116082 115576 115576 116081 116081 116920 116920 115267 115267 117510 117510 115587 115587 116774 116774 114815 
118509 118092 118092 119424 119424 116902 116902 118806 118806 118022 118022 118638 118638 118649 118649 118517 118517 119621 119621 118606 
119747 121936 121936 121256 121256 123346 123346 120295 120295 121831 121831 120045 120045 122037 122037 120930 120930 119698 119698 122435 
124177 124168 124168 123172 123172 123822 123822 125300 125300 123405 123405 124429 124429 124825 124825 123086 123086 123344 123344 123220 
126835 125652 125652 126952 126952 126154 126154 126049 126049 125379 125379 126503 126503 127431 127431 126801 126801 125827 125827 126383 
128015 127461 127461 128619 128619 128325 128325 129111 129111 129546 129546 128838 128838 129408 129408 128713 128713 126940 126940 129773 
19997 19997 19997 19997 19997 19997 19997 19997 19997 19997 19997 19997 19997 19997 19997 19997 19997 19997 19997 19997 
30797 31073 31073 30678 30678 30781 30781 31121 31121 31121 30802 30802 30646 30646 30736 30736 30310 30310 30803 30803 
36847 36847 36749 36749 36559 36559 36296 36296 36862 36862 36852 36852 36825 36825 36541 36541 36541 36967 36967 36667 
40726 40921 40921 40662 40662 40964 40964 40714 40714 40741 40741 40668 40668 40945 40945 40368 40368 40394 40394 40644 
43948 43513 43513 43810 43810 43934 43934 43735 43735 43699 43699 44199 44199 43800 43800 43692 43692 43692 43665 43665 
46658 46658 46336 46336 45938 45938 46027 46027 46363 46363 46265 46265 46250 46250 46224 46224 45945 45945 46180 46180 
48927 48927 48391 48391 48172 48172 48218 48218 48760 48760 48695 48695 48420 48420 48382 48382 48468 48468 48753 48753 
50398 50398 50374 50374 50085 50085 50176 50176 49885 49885 50215 50215 49845 49845 49845 49946 49946 50689 50689 50005 
51799 51501 51501 51754 51754 51819 51819 51657 51657 52034 52034 51679 51679 51600 51600 51648 51648 52333 52333 51635 
53140 53527 53527 52531 52531 53104 53104 53164 53164 53138 53138 53125 53125 53344 53344 53350 53350 53318 53318 53381 
54483 54366 54366 54501 54501 54943 54943 54695 54695 54647 54647 54419 54419 55303 55303 54310 54310 54319 54319 54256 
55386 55760 55760 55764 55764 56081 56081 55667 55667 55688 55688 55900 55900 56161 56161 55059 55059 56287 56287 55823 
57146 56827 56827 56988 56988 57071 57071 56771 56771 56869 56869 56737 56737 56826 56826 56704 56704 57138 57138 57188 
57957 57879 57879 57594 57594 57861 57861 58098 58098 58115 58115 58118 58118 57794 57794 58152 58152 57712 57712 57973 
58987 58987 58860 58860 59024 59024 58959 58959 59022 59022 58726 59177 59177 59078 59078 59018 59018 59250 59250 58962 
59706 59757 59757 60003 60003 60091 60091 60149 60149 59723 59723 59828 59828 60152 60152 60153 60153 59992 59992 59976 
60934 60654 60654 60544 60544 60228 60228 60822 60822 60460 60460 60998 60998 60913 60913 60797 60797 60998 60998 60535 
61502 61782 61782 61145 61145 61513 61513 61395 61395 61653 61653 61442 61442 61522 61522 61628 61628 61427 61427 61085 
62070 62143 62143 62159 62159 62466 62466 62324 62324 62325 62325 62446 62446 62992 62992 62123 62123 62220 62220 62333 
63291 62783 62783 63184 63184 63588 63588 63407 63407 62940 62940 63038 63038 62912 62912 63519 63519 62996 62996 62793 
63784 63442 63442 63629 63629 63687 63687 63951 63951 63983 63983 63767 63767 63509 63509 63738 63738 63263 63263 64004 
19990 19990 19990 19990 19985 19985 19983 19983 19991 19991 19989 19989 19989 19986 19986 19990 19990 19989 19989 19988 
39097 39603 39603 39266 39266 39468 39468 39381 39381 39381 39109 39109 39414 39414 39236 39236 38367 38367 39393 39393 
47588 47588 47467 47467 47332 47332 46829 46829 47558 47558 47784 47784 47613 47613 46618 46618 46618 47920 47920 47229 
53107 52914 52914 53851 53851 52979 52979 52507 52507 53362 53362 52894 52894 52916 52916 52194 52194 52644 52644 52728 
57056 56829 56829 57179 57179 57175 57175 56654 56654 56298 56298 57185 57185 56532 56532 56313 56313 56313 56663 56663 
60278 60278 60493 60493 59428 59428 59858 59858 60817 60817 60041 60041 59962 59962 60351 60351 58940 58940 59697 59697 
63564 63564 62722 62722 62779 62779 63323 63323 63634 63634 63359 63359 63281 63281 62558 62558 63120 63120 63518 63518 
65545 65545 65477 65477 65130 65130 65457 65457 64397 64397 64736 64736 65594 65594 65594 64487 64487 66392 66392 65662 
67279 67458 67458 66641 66641 67005 67005 67353 67353 67310 67310 66963 66963 66614 66614 67549 67549 67781 67781 67382 
68858 69788 69788 68581 68581 68722 68722 68557 68557 69420 69420 69095 69095 70347 70347 70199 70199 69209 69209 69938 
70507 71205 71205 71309 71309 72149 72149 71203 71203 71463 71463 71459 71459 71896 71896 71372 71372 70600 70600 70976 
72900 72033 72033 73068 73068 73413 73413 72515 72515 73377 73377 72313 72313 73023 73023 71558 71558 73298 73298 72529 
74384 74192 74192 74385 74385 74949 74949 74160 74160 74315 74315 74185 74185 74198 74198 74203 74203 73845 73845 74537 
75873 76101 76101 75472 75472 76317 76317 76018 76018 75320 75320 75097 75097 75283 75283 76539 76539 75005 75005 75602 
77533 77533 77260 77260 76765 76765 77278 77278 76993 76993 76795 77156 77156 77433 77433 76977 76977 77970 77970 76423 
78850 78997 78997 78532 78532 78717 78717 79340 79340 78524 78524 78409 78409 79339 79339 77965 77965 78992 78992 78439 
79892 78777 78777 80229 80229 78871 78871 80554 80554 79444 79444 79757 79757 79527 79527 79633 79633 80285 80285 78522 
81159 80187 80187 79891 79891 80660 80660 80399 80399 80440 80440 80486 80486 81473 81473 81094 81094 80928 80928 80320 
81543 81646 81646 81540 81540 82012 82012 82638 82638 81492 81492 82468 82468 81806 81806 81580 81580 81158 81158 82314 
83159 82754 82754 83595 83595 83398 83398 83349 83349 83338 83338 83021 83021 82917 82917 83459 83459 82596 82596 81469 
83286 84475 84475 84618 84618 83590 83590 84167 84167 84408 84408 83981 83981 83393 83393 84565 84565 83277 83277 83981 
9999 9999 9999 9999 9999 9999 9999 9999 9999 9999 9999 9999 9999 9999 9999 9999 9999 9999 9999 9999 
31010 31279 31279 30996 30996 30973 30973 31334 31334 31334 31073 31073 31211 31211 30970 30970 30784 30784 31134 31134 
36438 36438 36587 36587 36366 36366 36157 36157 36654 36654 36465 36465 36297 36297 36352 36352 36352 36557 36557 36264 
40418 40248 40248 40384 40384 40679 40679 40313 40313 40150 40150 40055 40055 40353 40353 39867 39867 40081 40081 40369 
43410 43007 43007 43318 43318 43278 43278 42956 42956 42886 42886 43406 43406 43472 43472 43332 43332 43332 43054 43054 
45871 45871 45645 45645 45250 45250 45360 45360 45470 45470 45314 45314 45737 45737 45670 45670 45187 45187 45324 45324 
47783 47783 48227 48227 48189 48189 48092 48092 48366 48366 48150 48150 47767 47767 47806 47806 47779 47779 47762 47762 
49735 49735 49334 49334 49796 49796 49937 49937 49736 49736 49641 49641 49540 49540 49540 49490 49490 49843 49843 49347 
50664 51304 51304 51399 51399 51480 51480 51058 51058 51375 51375 51199 51199 50837 50837 51505 51505 51381 51381 51251 
52856 52900 52900 52421 52421 52746 52746 52778 52778 52691 52691 52607 52607 52341 52341 52723 52723 53076 53076 53047 
54151 54483 54483 54270 54270 54568 54568 54320 54320 54629 54629 54023 54023 55006 55006 53861 53861 53779 53779 54152 
55275 55324 55324 55643 55643 55556 55556 56260 56260 55620 55620 55964 55964 55610 55610 55242 55242 55981 55981 55342 
56527 56760 56760 56777 56777 56370 56370 56533 56533 56084 56084 56942 56942 56489 56489 56487 56487 56855 56855 57330 
58242 57820 57820 57897 57897 57774 57774 57806 57806 58276 58276 57977 57977 57966 57966 58012 58012 57269 57269 57387 
58484 58484 58527 58527 59388 59388 58716 58716 58605 58605 58877 59458 59458 59289 59289 58921 58921 58794 58794 58933 
59964 59648 59648 59936 59936 60115 60115 60021 60021 59875 59875 59495 59495 60104 60104 60191 60191 59995 59995 60033 
60965 60545 60545 60764 60764 60808 60808 60681 60681 60932 60932 60940 60940 60958 60958 60890 60890 60602 60602 61004 
61812 61980 61980 61583 61583 61408 61408 61411 61411 61889 61889 61096 61096 61804 61804 61873 61873 61763 61763 61787 
62462 62226 62226 62481 62481 62124 62124 61886 61886 62565 62565 62640 62640 62917 62917 62894 62894 62557 62557 62699 
63495 62920 62920 63181 63181 63575 63575 63020 63020 63834 63834 63630 63630 63410 63410 63943 63943 63344 63344 63300 
64601 63956 63956 64409 64409 64143 64143 64474 64474 64433 64433 64050 64050 64354 64354 64743 64743 63243 63243 64770 
