MergeSort QuickSort TimSort OESM Cook_Kim LIS LIS_treap BothAlgo 
853904 883954 901481 913377 922716 930411 936822 942276 947445 951229 955460 958426 962381 965227 967883 971346 972816 976455 979349 980543 982382 
2031027 1985339 2022403 2060782 1941301 1992307 2040991 2055328 2059376 1962468 2058974 2003247 2022053 2008762 2037439 2229425 2057725 1972958 1963805 1924648 1979390 
724843 802099 848143 882463 910740 934659 955919 975795 991677 1008782 1022381 1036132 1049517 1059602 1071873 1082130 1089464 1100606 1111702 1119485 1125243 
99999 718379 709196 771906 854490 866589 865202 860827 858298 860497 864176 867948 874280 882099 895682 907006 914093 931990 947365 955965 965381 
99999 463216 569469 647611 718034 776488 830363 879878 923158 968305 1009103 1049025 1084634 1116167 1154357 1184985 1213348 1244806 1278367 1296732 1326386 
199997 341290 425033 481468 525934 564406 593854 619242 643409 663929 683600 702082 718040 732204 748059 761010 771380 784631 797822 804653 816118 
199986 392055 471791 524581 565561 601382 627036 654122 676044 697111 710510 730174 747812 757152 773891 785451 796432 809680 824009 832125 841076 
99999 311342 364047 400327 429955 455274 475626 495370 510860 526935 540952 552936 566225 576822 586323 597387 604258 616693 626218 631865 639304 

