MergeSort QuickSort TimSort BlockMergeSort OESM Cook_Kim LIS LIS_small LIS_treap BothAlgoBothAlgo_small            
356 390 392 412 414 425 405 436 435 451 443 457 444 445 460 452 452 473 444 472 456 
905 639 640 682 677 585 591 574 588 618 703 641 699 659 671 619 645 600 626 581 664 
224 286 307 348 398 389 374 439 462 460 493 498 489 485 565 526 573 516 514 575 598 
248 306 327 351 386 383 384 462 446 469 445 459 470 454 479 512 500 490 429 547 507 
99 440 440 455 473 496 456 502 489 496 514 505 500 489 523 521 511 511 518 509 487 
99 363 444 488 606 587 525 660 670 688 761 681 758 731 775 715 772 753 704 847 791 
197 285 330 367 405 437 418 486 524 494 562 548 571 504 619 535 613 553 550 635 625 
99 253 301 329 400 439 375 463 481 491 514 517 489 461 578 509 584 522 548 583 566 
192 335 451 429 481 580 474 553 617 633 627 595 599 573 693 648 679 651 663 634 697 
1995 1254 1241 1054 930 1050 965 867 905 848 919 873 873 852 824 881 918 826 864 785 849 
99 240 247 290 327 296 297 373 376 374 365 386 398 378 445 409 414 410 395 455 469 

