MergeSort QuickSort TimSort BlockMergeSort OESM Cook_Kim LIS LIS_small              
69008 105786 108836 110638 111032 111922 112698 112776 113116 113342 113426 114212 114340 114398 114594 114650 114510 114672 114674 114720 114788 
156269 157253 158022 151281 158201 159246 152021 162853 164058 163343 163193 159181 159696 153581 153069 154335 154981 150849 150893 156365 162346 
56406 134113 158833 159858 160220 161670 161688 163198 160988 162516 162462 161826 161220 161956 162434 161952 161916 162846 162802 161946 161852 
59520 106740 115469 116818 117184 118394 118476 118790 119124 118992 119832 119996 119856 120602 120226 120272 120226 120424 120316 120192 120668 
9998 106674 112918 115440 116282 117710 118486 119082 119924 120428 120358 120936 121048 121162 121166 121554 121610 121882 122002 122294 122038 
9998 161235 249287 247736 246996 248384 246954 245476 243770 243136 245266 244240 242636 243592 242534 241526 242942 241152 239604 241478 239128 
19989 160801 242836 254203 257045 265418 267639 274458 277830 276228 278987 281991 282248 282698 287470 287825 286418 287985 288185 291241 294357 
9998 105196 153125 160274 162784 166050 168012 169736 170694 172218 172660 173490 174424 175094 175750 176360 176980 177176 177772 178042 178530 

