MergeSort QuickSort TimSort OESM Cook_Kim LIS LIS_treap BothAlgo 
8 21 10
69008 69008 69008 69008 69008 69008 69008 69008 69008 69008 
72701 72815 72796 72812 72733 72752 72721 72901 72793 72752 
74390 74490 74273 74322 74358 74392 74405 74452 74419 74266 
75427 75538 75459 75564 75497 75476 75501 75401 75520 75359 
76300 76168 76395 76335 76286 76189 76379 76222 76425 76334 
76939 77065 76964 77018 76977 77160 77201 77040 76921 77026 
77527 77569 77775 77506 77712 77510 77830 77640 77548 77488 
78265 78075 77998 78072 78197 78277 78265 78179 78324 78190 
78571 78555 78644 78556 78612 78543 78743 78460 78404 78482 
78995 78961 78764 79195 78938 78988 78945 78977 79030 78973 
79438 79426 79282 79229 79201 79220 78976 79413 79462 79528 
79579 79713 79643 79729 79554 79720 79787 79490 79720 79649 
80087 79986 80083 80082 79980 79888 80034 80071 79915 80088 
80435 80264 80212 80352 80255 80390 80308 80141 80309 80093 
80611 80602 80667 80578 80566 80543 80528 80713 80431 80622 
80738 80835 80779 80783 80797 80768 80811 81056 80809 80864 
80867 81024 80937 81106 80935 80925 80854 80964 80835 81126 
81382 81275 81373 81225 81210 81208 81512 81298 81412 81206 
81522 81366 81542 81501 81445 81675 81358 81582 81510 81459 
81848 81857 81712 81618 81883 81676 81586 81559 81673 81766 
81995 81918 81813 81748 81977 81908 81797 81889 81811 81785 
147308 152549 154000 146799 150046 145026 144576 155255 169074 159399 
195217 169572 146042 156400 146666 165912 146874 156925 157168 160711 
158430 155575 155900 154320 151006 171686 147910 149697 149939 160442 
153010 153254 166154 157620 151590 157031 152663 149233 162815 154329 
168180 152690 153068 158856 150998 155577 163930 151413 159111 157479 
173579 147719 160436 167942 162250 159591 160910 147575 150253 152346 
154511 166147 161082 152717 157007 152762 163427 148918 154059 157307 
149294 159803 165910 148583 148958 147503 153889 150973 162551 146480 
167836 151676 161914 154555 144815 158902 148193 154108 148281 152246 
154732 158006 148264 155500 150779 162357 151628 162096 164497 144601 
156601 156724 165820 161087 155786 153793 154560 155581 158506 162889 
153217 163585 162008 156443 152063 150346 144969 149208 156063 159270 
164155 155993 149673 143832 158190 159709 151820 158340 157836 155596 
149929 157803 154762 164113 154470 157045 155415 149460 151241 182345 
148894 173937 164767 157216 164355 146354 162045 159907 160512 155317 
157969 146542 161701 161092 155431 148191 158054 151972 155397 165575 
147091 154285 154531 170009 156749 149386 171488 166870 150075 155599 
152791 152232 148021 152909 147740 172533 153239 161898 161329 156023 
154474 159851 156157 157957 162218 157423 150791 161983 149523 170272 
150667 148178 157136 153280 156824 150232 158639 160243 161693 154678 
154135 149804 154211 148051 150103 152378 150113 149928 149128 149642 
56407 56407 56407 56407 56407 56407 56407 56407 56407 56407 
66080 66135 66166 66107 66178 66143 66135 66262 66356 66160 
70690 70952 70785 70666 70804 70834 70693 70868 70527 70790 
74202 74043 74237 74254 74347 74135 74389 74376 74353 73844 
77077 76974 77229 77033 76762 77205 77108 77047 76835 77127 
79180 79550 79521 79676 79459 79606 79715 79490 79481 79441 
81534 81523 81940 81363 81421 81383 82187 81150 81215 81184 
83224 83471 82882 83193 83722 83909 82990 83581 83581 83437 
85312 85039 85185 84900 85207 85283 85262 84935 84815 85140 
86617 86703 86284 87207 86202 86746 86409 86382 86983 86483 
88445 88365 87916 87784 87776 87217 87487 88013 87977 87888 
89380 89406 89370 89537 89548 89282 89622 88991 89503 89375 
90373 90414 91105 90859 91128 90633 90237 90511 90562 90673 
91733 92140 92278 91555 91698 91364 91693 91271 91528 90978 
92808 93209 93125 93370 92583 92906 92975 92803 92555 93027 
93756 93661 93672 94224 93511 93607 93893 94297 93936 93388 
93962 94586 94475 94953 94649 95086 95113 95326 94935 94707 
96279 95694 95988 96340 95375 95366 95958 95048 95485 96046 
96494 96305 96445 96101 97097 96505 96607 96516 96265 96052 
97239 97505 97227 97037 97764 97652 97195 97261 97956 97261 
98663 98000 97949 98125 98248 97925 97801 98508 97707 98281 
9999 9999 9999 9999 9999 9999 9999 9999 9999 9999 
64886 66990 66562 67094 66435 65849 66980 65594 67476 65473 
71498 71670 71089 71587 71201 71141 71900 71511 71323 71074 
71287 71515 71524 71821 71677 71867 71825 72029 72028 71243 
73663 73279 74500 73628 73513 73186 73260 74099 73587 74182 
77042 77204 76614 77156 76920 76315 77591 77322 75744 76900 
80195 80412 80280 78263 79543 79011 79194 79308 78891 79122 
79833 81680 81800 81831 81390 82552 81948 81862 81822 81801 
83611 82878 83235 82898 82954 82980 83318 82807 82553 83311 
84774 84281 84454 84269 84322 84774 84124 84518 83773 84679 
85590 85374 85011 84755 84734 85308 85072 85579 85648 84865 
85782 85674 85279 85535 85863 85385 85535 84972 85706 84880 
85567 85322 85831 85687 85684 85787 85999 85526 85982 85805 
85782 85463 85746 85979 85888 85826 85812 86111 85828 86161 
85688 86236 85856 85965 85648 85793 86001 86135 86268 86066 
86136 85784 85703 86239 85990 85925 86192 85697 86027 86339 
86352 85781 86128 86393 86114 86269 85920 85959 86201 86302 
86119 86222 86278 86448 86228 86249 86259 86290 86283 86267 
86200 86263 86662 86337 86159 86196 86196 86324 86415 86386 
86586 86378 86727 86406 86408 86367 86333 86160 86675 86349 
86596 86814 86291 86342 86668 86612 86509 86547 86614 86652 
9999 9999 9999 9999 9999 9999 9999 9999 9999 9999 
52287 52396 52545 52698 52803 52747 52089 52818 52960 52680 
61914 63307 62206 62489 63162 63375 63218 62679 62061 62751 
71331 70398 72217 70519 71982 70683 70844 71686 71110 70754 
77939 78459 78442 77640 77895 77893 77222 77744 77566 77729 
82453 82790 82825 83299 83151 84099 84146 83356 82913 82882 
87918 87780 89373 88401 88573 88110 89105 87056 89089 88736 
92701 94933 92543 93358 94589 94341 93645 92394 93056 93626 
97601 97590 96960 97811 97390 97245 97339 97658 98255 97645 
101316 102881 101646 101136 101088 102476 101650 101639 102269 102089 
106112 105341 105655 104930 104611 103561 105481 106678 105617 105250 
109203 110119 108836 109437 108718 108093 109177 107522 110303 109280 
111916 111076 115128 111406 111655 112488 111898 111687 112166 113456 
116295 115816 115858 116878 115063 114381 114973 115638 113676 113866 
119725 117467 119810 118813 119270 118306 117387 118609 117332 118210 
121049 120262 121164 121396 120718 119180 119932 121328 120754 120994 
121957 123352 121475 123981 124039 122509 121904 123465 123820 123862 
127056 125550 126540 127015 126548 125557 127019 126206 125406 125294 
128034 128798 128701 129787 128634 128500 126712 129958 128022 127611 
130695 131920 130376 130018 130370 130751 132302 131389 129009 130595 
135369 132306 133650 132358 133384 132036 133601 134214 131755 134064 
19997 19997 19997 19997 19997 19997 19997 19997 19997 19997 
33107 33354 33198 33284 33445 33167 33291 33379 33264 33235 
38955 38979 38907 39106 38721 38845 38630 39070 38705 38887 
42936 42886 42805 42826 42926 42631 42882 42842 42810 42310 
45703 45805 45854 45833 45426 45697 45859 45859 45416 45575 
47990 48466 48316 48512 48096 48298 48763 48228 48428 48209 
50211 50639 50700 50177 50534 50106 50561 49847 50236 50254 
51917 52577 51924 52501 52452 52716 52030 51836 52339 51871 
53618 54081 53509 53607 53752 53534 54010 53900 53471 53456 
55330 55093 54852 55295 54846 55459 54870 54945 55246 55099 
56626 56449 56038 55896 56109 55899 55946 56400 56724 56227 
57698 57453 57479 57958 57349 57618 57680 57081 57850 57687 
59000 58783 59302 58983 58511 58722 58613 58877 58855 58942 
60120 59986 59853 59916 59864 59868 59881 59300 59472 59324 
61296 60864 60976 61044 60595 60759 60636 60616 60743 60423 
61517 61568 61194 61524 61400 61372 61361 61804 61816 61603 
61840 62480 62264 62435 62330 62278 61874 62337 62560 62715 
63375 63217 63109 63267 62804 63521 63375 62850 63224 63073 
63938 63662 64175 63908 63762 63990 63488 64443 64012 64310 
64763 64684 64957 64368 65116 64720 64445 64692 64680 65249 
65812 65034 65181 65595 65640 64965 65726 65649 65124 65393 
19990 19987 19985 19980 19990 19990 19987 19987 19990 19987 
42928 43587 43277 43805 43375 43402 43122 43875 43509 43077 
50878 51001 50839 50749 51182 50596 50696 51121 50790 50818 
56361 56414 55840 56026 55991 55772 56435 56602 56720 55498 
59458 59941 60394 60663 59826 60235 60017 59525 59315 60109 
63133 63700 62859 63597 62969 63573 63585 63747 63145 63213 
66207 65978 66700 65620 66072 65219 66651 65040 65647 65830 
67461 69304 68305 68922 68331 68701 68468 67805 68704 68307 
70767 70030 70023 70379 70063 69515 70834 70637 71301 70359 
72972 71185 70723 72629 71932 72547 72124 71301 72205 72185 
75587 73933 73901 72975 74037 72631 72824 74186 74680 74167 
75582 75787 76147 76908 74931 76068 76473 74671 75434 75590 
76666 77240 77127 77541 76869 77579 77363 76801 76308 77823 
79473 78631 78367 78566 77865 78677 78396 78320 77686 77854 
80662 79720 80150 79943 79304 80699 79810 79442 79795 79448 
81313 81756 80878 80260 80689 80143 79914 80951 81018 81477 
81802 81542 82935 81985 82578 81781 81554 81998 83004 81766 
83048 82453 82603 82519 83541 83304 83562 82954 84454 83055 
85088 83790 84726 83455 82847 83869 84440 84966 83439 85694 
86082 86337 85334 85616 86374 84874 86149 84833 85645 85989 
86623 86157 85742 86887 85486 85811 85866 86291 86317 85178 
9999 9999 9999 9999 9999 9999 9999 9999 9999 9999 
34171 34417 34402 34515 34164 34333 34351 34538 34684 34193 
39567 39924 39536 39530 39810 39841 39623 39710 39511 39667 
43372 43140 43073 43449 43453 43418 43449 43741 43355 42976 
45906 45858 46584 46283 46036 46240 46325 46336 46182 46284 
48287 48929 48737 48688 48575 49268 49234 48782 48722 48396 
50692 50776 50740 50642 50594 50629 51067 50459 50078 50414 
52331 52679 52149 52382 52541 53066 52754 52710 52803 52541 
54110 54382 54424 54086 54391 53950 54174 54128 54130 54054 
55166 55523 55003 56049 55491 55693 55363 55232 55431 55311 
57403 57113 57016 56667 56807 56707 56277 57293 57062 57104 
58355 58057 58085 58357 58188 58351 58010 57984 57992 58143 
59282 59108 59805 59237 59407 59414 59109 59134 59472 59910 
60668 60493 60384 60568 60262 60482 60513 59888 60033 59805 
61520 61177 61830 61786 61382 61642 61717 61707 61185 60950 
62000 62537 62147 61946 61960 61670 62314 62361 62151 62132 
62804 63180 62718 63115 63199 63210 63005 62911 63219 63617 
64231 64164 64076 64321 64055 64045 64292 64092 63954 63842 
65041 64663 65104 64834 64932 64877 64547 64964 64883 64848 
65916 65868 65820 65500 66316 65438 65557 65183 65890 65687 
66585 66076 66102 66485 66654 66526 66575 66578 65944 66249 
