MergeSort QuickSort TimSort OESM Cook_Kim LIS LIS_treap BothAlgo 
69008 79003 81966 83656 84678 85506 86401 86868 87532 87636 88264 88797 88975 89147 89621 89646 90077 90607 90869 90717 91148 
157844 158511 157783 150938 146257 147670 169401 152331 154499 158060 178857 167673 153778 155930 147841 146459 153627 148250 149917 148504 163041 
56407 81170 93046 99851 105189 108697 111888 113581 115976 117602 119422 120428 121347 122281 122996 123528 124728 126034 126757 126860 128128 
9999 85192 86784 87791 89323 91194 92058 92985 94368 94365 95483 95690 96087 96239 96469 96481 96682 96956 97259 97139 97500 
9999 75730 114546 137888 153535 164288 170781 177805 183542 186356 192357 193671 194417 197631 198900 201125 201984 204878 204498 206879 209598 
19997 59915 78222 88571 95277 100046 104036 107283 110435 112054 115389 117328 118441 120420 121629 123214 124562 126282 127101 128811 129479 
19986 62452 80713 90610 96885 102788 106713 109532 113009 114910 117929 120295 120270 122885 125105 128417 128402 129699 130064 132246 132608 
19998 54432 64523 70342 74125 78440 81193 83443 85888 87718 90149 92127 92807 94766 96222 96848 98101 98996 99935 101023 102016 

