MergeSort QuickSort TimSort OESM Cook_Kim LIS LIS_treap BothAlgo 
8 21 30
10066432 10066432 10066432 10066432 10066432 10066432 10066432 10066432 10066432 10066432 10066432 10066432 10066432 10066432 10066432 10066432 10066432 10066432 10066432 10066432 10066432 10066432 10066432 10066432 10066432 10066432 10066432 10066432 10066432 10066432 
10446713 10445748 10446027 10445843 10445737 10445747 10446710 10445474 10445175 10446847 10445962 10445360 10444062 10446422 10445931 10446771 10444802 10445567 10446017 10445243 10446267 10446473 10445799 10446220 10445905 10445730 10445602 10447086 10445358 10446811 
10635084 10634174 10636824 10635313 10635106 10635841 10636808 10635675 10636287 10634828 10636171 10635678 10635551 10636017 10634563 10636158 10635373 10636331 10636162 10635377 10635417 10636772 10635549 10634982 10634666 10635922 10635074 10635994 10635136 10635493 
10760328 10760924 10761771 10761771 10760154 10761273 10759429 10761417 10760430 10759949 10760431 10761271 10760157 10760340 10761250 10759765 10760574 10760813 10760419 10760200 10762042 10760505 10761584 10759781 10761172 10761262 10759660 10760871 10761008 10759807 
10854978 10854414 10853878 10854672 10853980 10854087 10855816 10855004 10854355 10854037 10853389 10855315 10854638 10854743 10854791 10855693 10855608 10854597 10855822 10855013 10855051 10854363 10855635 10855451 10854827 10852834 10854315 10853683 10854248 10855937 
10931669 10930857 10931249 10931375 10930266 10931481 10930480 10931150 10929160 10930570 10930603 10931208 10929697 10930751 10930362 10930897 10929675 10930607 10930271 10929634 10929972 10931271 10931409 10928862 10931188 10931305 10931779 10929974 10930268 10930687 
10994235 10993457 10992575 10994812 10994032 10993449 10994529 10994304 10993583 10994003 10995495 10993223 10993997 10995301 10994076 10993128 10993429 10994295 10995162 10993971 10994564 10994261 10994363 10994552 10994338 10994779 10993615 10994682 10995334 10994242 
11049688 11049289 11048251 11048081 11048265 11049208 11048429 11050381 11048140 11048222 11050481 11049679 11048800 11049434 11049055 11049153 11047456 11049162 11048209 11049769 11049658 11049003 11047541 11049840 11048915 11049995 11048833 11048216 11048731 11050965 
11097509 11098289 11097349 11097279 11096979 11096959 11095541 11097519 11096305 11097783 11097537 11096857 11095232 11097776 11097949 11096568 11098468 11096622 11096508 11099266 11098406 11098092 11096477 11098379 11098201 11098766 11096387 11095972 11095639 11097162 
11140422 11139472 11140703 11139442 11139073 11139551 11139554 11140692 11140049 11140508 11139268 11140358 11140764 11139421 11141415 11138803 11140202 11139176 11141246 11139881 11140981 11138796 11140084 11138891 11138756 11140471 11140870 11139833 11139596 11139725 
11179963 11178177 11179706 11176585 11179082 11179528 11179733 11179228 11178624 11180517 11179784 11179060 11178173 11177337 11178895 11178190 11178320 11179013 11179559 11179273 11179654 11178603 11178623 11180359 11179819 11178644 11178591 11178871 11179764 11179168 
11214347 11213305 11214034 11213102 11214396 11213735 11215896 11215745 11213880 11214884 11213988 11212496 11215441 11213067 11216584 11213978 11215415 11212544 11213506 11214108 11214750 11213969 11215327 11214057 11213853 11213436 11213666 11215252 11213212 11214948 
11246614 11247594 11246604 11247829 11246412 11247406 11245500 11247736 11246009 11248156 11246768 11246624 11246554 11246502 11246805 11245773 11247561 11247259 11246688 11247782 11246674 11247341 11247726 11245319 11247306 11246008 11247887 11246597 11247858 11246126 
11275882 11277337 11276467 11276243 11277735 11275547 11276864 11276650 11278899 11276823 11276155 11277216 11277780 11276639 11275172 11278532 11275823 11277178 11276794 11276314 11276948 11278051 11276040 11277449 11275748 11275982 11276826 11277543 11276975 11277268 
11303815 11304233 11304246 11303766 11303366 11305202 11303247 11304007 11303804 11305447 11304150 11306293 11304186 11305436 11305839 11303293 11304171 11305596 11304589 11303890 11304587 11306106 11305314 11305412 11305104 11305820 11305762 11304679 11304671 11304671 
11333105 11330735 11332748 11329714 11331364 11329193 11329391 11331390 11330266 11331259 11332181 11330133 11330769 11331747 11330480 11330358 11330891 11329294 11330393 11331313 11331545 11330272 11330380 11328783 11330032 11331294 11330634 11329460 11329305 11332543 
11354379 11355062 11356011 11355040 11355172 11354449 11354968 11355463 11356627 11354510 11355168 11354634 11356182 11353092 11356736 11356148 11354293 11356698 11354755 11353263 11354416 11355833 11355533 11356811 11355007 11354290 11355033 11353766 11355651 11355667 
11377298 11377537 11377805 11378583 11379048 11377863 11376937 11377100 11378156 11377519 11380002 11377679 11378312 11377799 11379551 11377834 11378299 11378730 11378396 11376417 11377379 11379486 11378070 11377828 11379626 11377141 11378769 11378446 11377508 11378600 
11400156 11399247 11399474 11399647 11399960 11400973 11400943 11399058 11400171 11401440 11399656 11401745 11400150 11399448 11401170 11402566 11398259 11400505 11399788 11400604 11399310 11399754 11400131 11399938 11400346 11397968 11399395 11401720 11399904 11398199 
11421625 11420103 11420928 11419344 11420353 11421941 11420986 11421656 11421150 11420854 11420088 11419048 11420565 11420885 11419624 11420424 11421804 11420986 11420852 11421580 11421439 11419506 11421419 11421579 11420368 11420108 11419998 11420831 11419379 11422019 
11439937 11440688 11438272 11441136 11441281 11440008 11441065 11440688 11438686 11439285 11441825 11439970 11438663 11440796 11440402 11441062 11440894 11440370 11440592 11440308 11439393 11440343 11440529 11439584 11441150 11439606 11440370 11441165 11440700 11439397 
25664238 24861523 24556600 26365050 24527314 24779225 24004960 23899188 24632839 26270254 24461157 26208871 24035572 24354408 23952540 25100077 25153415 25305946 25721722 24120990 25181154 25044244 25004699 25805883 24594473 24158394 26086433 25313224 24924737 24614940 
25031483 24111721 25102702 24668213 24892842 24219497 25618022 25306166 25899564 24846311 25172300 24885616 24796804 24996412 24971430 25100614 26170680 24174582 26217979 24432851 24484382 24384142 24254026 24563360 25495054 24776289 25225528 24886454 23895417 24505645 
24516007 23977144 23746176 24743288 24163497 25557388 24504943 25268527 25544183 24010231 25146477 23704164 25048895 24771515 24015062 23902544 24942439 25019335 24862820 24259980 25359266 25119170 24673808 24328702 24644611 24778575 24357784 24074798 25603477 24346316 
25684007 24518398 24543021 24353086 24480950 25096660 27505887 24624481 25064880 24192517 25056570 24535441 25798999 24052536 24403266 24604416 24964116 26953476 24767811 25365611 24747726 25075529 24975161 24755524 24231088 25504933 24690595 26279745 24410180 24191412 
24915262 24307740 23745254 24155988 25231825 25378304 25033574 25032343 24961720 25922364 25036227 24533397 25260598 24314037 24703899 25079812 24655543 24661591 24377005 24422838 25951449 24351636 24140599 26795350 24177074 25702378 24851004 25739722 25115425 25623416 
25329905 24088612 24242297 24648786 24698826 25020810 24355363 25304103 23883566 26050307 23863135 25325302 24640508 25327645 24019968 24689955 24744677 24440742 25243351 24676464 25020948 24067680 24204798 24914490 25568519 26144715 24783956 24625938 25371207 25831256 
26575766 24811998 23790334 24802378 24391690 23930774 25133851 23811422 24692943 24652618 24454394 23595385 25716387 24703408 25245685 24074490 25256615 24572147 24008290 23956826 25181273 24533404 24451030 24930779 23739838 24845871 24136307 28474462 24114521 24887865 
25433119 24520891 25155728 26190266 25306298 23880919 24289696 24980398 26756415 24120734 26146444 24811908 24278575 24901137 25923798 24823200 23707669 24611817 24695438 24608287 25039692 25741019 25158828 24510918 24470479 25180700 24272005 25440407 23746894 24227930 
24467357 24006880 24249157 26128589 25161026 25182209 25817656 24714793 23715536 24776224 25483668 24501442 24265948 24427372 24479886 23832303 24112729 25258279 24917212 24138666 24163461 25162781 23623891 24434019 23915636 24720988 24183522 26621596 26008092 25706855 
24807015 25492440 24483686 24526288 24750526 23918053 24502505 24175974 27130528 24990874 23946287 24323195 25355745 24945923 24286760 24854673 25479794 24185262 24002054 24674521 25434629 26046479 26891527 24215453 24387935 24857753 24492130 24628971 24933560 24349834 
25300824 23971128 24057753 24462263 23722088 24154050 24057852 25793417 25859056 24440877 24439567 24362659 25333391 25260475 23808816 24213785 24097938 25129698 24427950 24626508 25258681 23725393 24186719 23735749 26751002 25009118 25115241 25031531 24545663 25833835 
24270818 24123544 25855901 25040271 25271478 26673247 23710417 24107767 24239060 25059705 24175731 24747298 24447681 24965312 25451605 24622182 24495771 24938678 24263323 24338390 26136360 23722913 24754468 25078990 23940423 24818327 24186458 25224261 24588688 24979936 
24933567 24188774 24943152 24584129 23856639 24676090 24225648 23673382 24607997 24926949 25408142 24480922 25401260 23850049 24371048 24122713 24679035 24911223 26120341 24303558 24888856 24457108 24592696 24589010 24477947 23966757 24979466 25019307 24857775 24081491 
24639170 23646327 24695788 26909232 24201650 24108307 24373564 25022925 25198528 24355621 24296883 25670127 24446160 24587760 23714772 25230565 24020357 25216907 24831445 24383466 24282359 24784595 23724354 24371378 24180612 23539447 25070786 23679178 23778615 24680900 
24530229 26070643 24985426 25204616 23944558 24976969 25171855 24002934 25168229 24320830 24308934 23842872 25096141 24832148 23789994 24116433 25232116 24036630 24913527 24370295 24471072 23926297 24728396 24364965 25117414 23808962 24196448 25031705 25347450 24986908 
24339179 27178575 24497248 24106018 24712572 24789329 24434327 23916550 24242882 25242554 25249347 24746029 24316625 24170288 24444665 25648696 24558597 24564211 25223670 25099409 24915308 24438738 24395983 23838295 24668326 24621502 25332554 25571306 24039927 26305825 
25135666 25174335 25081841 24701410 24203399 24843002 24605694 24936450 24997886 24283134 25328429 24346315 24006546 24436830 23957297 24930519 26133886 25086464 24692513 24175169 25445310 25412341 24531772 24799852 24164673 24883847 24973559 24841014 24085394 25083543 
24812287 24564944 25713280 24758132 24652746 24635133 26593020 24703633 25131923 24457349 25103753 25480172 24596346 24047677 25812771 24748230 24741609 23839858 24263847 23806516 25391772 23859216 24513405 24088495 24489915 24586451 24387683 24412070 24404841 24354508 
23834180 25348344 24270323 24823801 24815439 26087353 24043992 24993772 24630373 24700877 24513751 25187303 24503759 25582136 24285273 24761245 25759948 25787038 23834668 25843690 24855072 24603720 25388159 25700137 25827251 24218513 25264933 24011271 24516021 24275509 
24744025 24981001 26028594 24478929 24929355 26047835 26161641 23810306 23966860 24300300 24423014 24227032 25710865 24030995 24404218 24814502 25256631 24749154 25355451 25179032 25074927 24888869 24137341 25978734 24973491 23980474 23925207 24178801 25770795 24550465 
26358510 23788686 24605948 24397551 24586809 24511653 24712573 24013876 25182278 27328396 24859718 24896673 25005340 25216963 25427043 24192765 24631685 24697525 25568103 24898723 24690147 23834028 24619438 24012574 24369739 24334724 25384567 25456566 24902487 24437355 
8564302 8564302 8564302 8564302 8564302 8564302 8564302 8564302 8564302 8564302 8564302 8564302 8564302 8564302 8564302 8564302 8564302 8564302 8564302 8564302 8564302 8564302 8564302 8564302 8564302 8564302 8564302 8564302 8564302 8564302 
9336316 9334823 9335060 9333867 9334589 9334632 9335546 9333737 9333670 9337120 9334151 9335915 9332775 9334375 9335421 9337075 9333376 9333736 9335737 9334618 9335761 9336139 9334458 9335324 9336248 9332634 9336270 9335920 9334013 9336147 
9795323 9795444 9797514 9794380 9794963 9798211 9797183 9796895 9797099 9794600 9796531 9796762 9795038 9796360 9795705 9796892 9796741 9796848 9796530 9794249 9796740 9798745 9796468 9795329 9795957 9795722 9794567 9795768 9796705 9794434 
10137863 10141215 10139381 10139485 10138857 10141434 10138192 10138866 10139579 10137718 10135489 10140785 10137361 10140347 10138437 10139457 10138753 10137962 10138070 10137667 10142782 10139863 10140079 10137324 10140496 10139087 10137508 10139256 10138875 10137748 
10420378 10417907 10415492 10419360 10414609 10416564 10420971 10418013 10417732 10418112 10416197 10420217 10418836 10416149 10418411 10417037 10420653 10417590 10421034 10418178 10416740 10417046 10417196 10422866 10417741 10418412 10417867 10417175 10416746 10423299 
10658952 10654776 10656385 10657174 10656666 10658904 10657512 10657291 10655230 10657182 10652365 10657524 10655869 10658328 10657114 10659063 10652706 10655711 10654904 10653574 10657468 10655788 10658922 10654767 10657708 10655844 10662740 10656153 10658821 10656266 
10863059 10866022 10864605 10867272 10865546 10864127 10863553 10863502 10867779 10866866 10864654 10862621 10869445 10867812 10866429 10866254 10862504 10865647 10864164 10864635 10863252 10864407 10866275 10862380 10862017 10866848 10863026 10863981 10868993 10867212 
11053551 11053069 11048786 11052858 11046593 11051270 11049536 11053147 11053403 11049548 11052572 11052853 11050149 11053768 11053036 11051724 11050630 11053319 11048475 11047244 11048410 11051929 11047437 11053958 11052530 11052669 11050768 11050930 11050057 11055082 
11218801 11219445 11221454 11216895 11218734 11215783 11215567 11219411 11216731 11217561 11220496 11220898 11217431 11221160 11216522 11216410 11223993 11220885 11220462 11222623 11218615 11219255 11216438 11218912 11215759 11220937 11217756 11214714 11215561 11220461 
11370118 11373667 11371994 11375717 11370279 11372954 11369844 11374788 11370136 11373621 11371297 11375365 11371105 11369943 11374056 11372426 11370118 11367161 11374617 11374467 11370787 11373041 11374517 11373155 11369097 11372998 11373067 11368372 11370486 11372861 
11512668 11510336 11514127 11510365 11514936 11512948 11513943 11516837 11509403 11514075 11512476 11511374 11512008 11512907 11513984 11512785 11514057 11513701 11509699 11513606 11511830 11510766 11513683 11514792 11514339 11513205 11508895 11515983 11512610 11512227 
11640869 11642802 11643585 11641505 11643381 11640953 11642741 11641011 11642257 11643193 11645091 11641799 11642497 11642971 11644248 11645619 11645846 11638628 11640765 11642820 11644548 11639381 11643738 11645430 11644293 11647010 11645345 11643481 11645198 11642553 
11764410 11767076 11762820 11766815 11765047 11764099 11765183 11766098 11764313 11765783 11760371 11765668 11762670 11764862 11765752 11760690 11765225 11766152 11764286 11763866 11766248 11763826 11762464 11765157 11763905 11762976 11767959 11767034 11763081 11762129 
11876732 11880287 11882607 11878704 11878557 11871566 11877649 11879472 11878024 11876305 11875329 11878266 11876641 11874389 11876523 11878722 11876450 11875335 11878680 11871601 11876752 11880793 11879515 11880992 11876078 11874011 11876107 11873570 11877268 11875695 
11984587 11981965 11983035 11978875 11982863 11984228 11979026 11984698 11986879 11986267 11980129 11984924 11978436 11983797 11984482 11985171 11982570 11983271 11985122 11979544 11984995 11981678 11983882 11984734 11983291 11987245 11983444 11984978 11979037 11987179 
12083611 12084852 12086923 12081713 12083735 12079439 12082067 12081766 12081439 12085529 12081179 12083199 12081680 12087806 12078859 12079745 12085428 12076110 12083213 12082681 12084584 12083590 12079875 12080937 12077191 12086903 12084051 12085179 12077654 12084085 
12178081 12179380 12176131 12179496 12174336 12173843 12179485 12176470 12180638 12178799 12182699 12173007 12178305 12178581 12181145 12181244 12177018 12176478 12172352 12173066 12179381 12171481 12175852 12173378 12177518 12177475 12176783 12174042 12177161 12178806 
12261136 12267476 12267644 12264233 12264369 12266341 12263657 12260025 12267945 12263647 12267625 12263621 12263626 12259337 12266509 12264440 12265815 12269362 12263560 12260259 12268837 12267291 12268732 12266775 12267896 12259565 12266295 12268434 12261123 12269743 
12349539 12343242 12355313 12346749 12356158 12352791 12345028 12350034 12348485 12350498 12353244 12354504 12346013 12351209 12350585 12353960 12350527 12351119 12351536 12347580 12349426 12352940 12350050 12350096 12352162 12352925 12347531 12350805 12349109 12347497 
12430853 12425443 12435179 12431414 12428487 12429641 12427159 12427861 12431554 12427656 12427304 12430320 12429290 12425984 12430750 12432182 12430448 12432823 12431634 12432839 12429321 12429093 12430730 12430588 12427400 12433041 12429010 12431255 12427329 12432136 
12507650 12507538 12498775 12503834 12504250 12507954 12509234 12506373 12503144 12501021 12508670 12506541 12500938 12507224 12507764 12506982 12509065 12503956 12502992 12505550 12499534 12505560 12504532 12502829 12502977 12500789 12507662 12505314 12508826 12504785 
999999 999999 999999 999999 999999 999999 999999 999999 999999 999999 999999 999999 999999 999999 999999 999999 999999 999999 999999 999999 999999 999999 999999 999999 999999 999999 999999 999999 999999 999999 
7020434 7023974 7022103 7022836 7021173 7021558 7021119 7027998 7018552 7029578 7025686 7024380 7021174 7021107 7021931 7031654 7024743 7028416 7024941 7022636 7027129 7027658 7026859 7025473 7020616 7022658 7020363 7030544 7020658 7024296 
7613018 7664987 7565558 7683605 7624668 7617753 7774045 7552354 7544892 7520049 7643260 7697678 7574694 7529762 7800158 7598321 7809193 7702271 7565590 7707380 7615121 7653181 7611772 7637012 7613984 7654049 7679991 7748028 7590827 7615729 
8685347 8691206 8684454 8697463 8668884 8681481 8710386 8696819 8716665 8715933 8701099 8679308 8699085 8662177 8700183 8709952 8722237 8715444 8725254 8712560 8697140 8712955 8736179 8719638 8726773 8691761 8689412 8708547 8695448 8730281 
8568780 8566797 8570590 8569810 8575671 8572651 8572649 8570973 8573648 8567397 8561784 8562158 8565061 8578632 8574231 8565368 8566159 8557099 8567108 8561624 8560730 8569652 8559571 8577719 8565940 8562923 8563527 8561637 8570577 8570336 
8536235 8535737 8533711 8531744 8530065 8534178 8539007 8533130 8540919 8530797 8538004 8534665 8531976 8530080 8534056 8537021 8534940 8533623 8539349 8529334 8539834 8533132 8539557 8531951 8533910 8528518 8531584 8534075 8532373 8531979 
8548237 8544203 8537503 8537141 8534422 8530217 8540635 8530673 8535665 8544280 8528623 8543086 8542108 8558068 8551844 8535317 8547310 8548987 8545509 8543346 8525893 8533826 8540569 8525348 8538617 8536099 8536980 8536556 8544918 8546454 
8597984 8579816 8592902 8561901 8583933 8599667 8596809 8596959 8604746 8583551 8579488 8593093 8583279 8586822 8582777 8605784 8583043 8569758 8595372 8592096 8570307 8579108 8574073 8589567 8610596 8579607 8579488 8594575 8612251 8577974 
8697919 8695209 8697182 8714459 8710765 8680049 8678583 8687182 8701074 8726515 8681134 8688331 8721569 8664478 8729378 8708725 8709963 8682213 8689799 8715449 8697221 8699305 8692792 8710868 8706024 8692473 8698728 8704243 8711464 8717797 
8884116 8921199 8955339 8923710 8883429 8917155 8885177 8899204 8888250 8924971 8917571 8890934 8918030 8901980 8896563 8889399 8904897 8927974 8892974 8952884 8880020 8918426 8922690 8917277 8953883 8931568 8918691 8879763 8914100 8843112 
9212822 9150616 9157846 9177775 9154941 9181838 9189346 9161130 9158490 9192209 9210170 9151103 9225149 9173860 9187961 9229846 9207971 9197814 9194102 9189859 9211294 9144926 9199253 9244509 9192863 9168948 9170008 9230649 9181228 9189984 
9530852 9487848 9459992 9560911 9476994 9556831 9498632 9505705 9481893 9500975 9451597 9479452 9465935 9460175 9486148 9504305 9523386 9531816 9420931 9525930 9457655 9550088 9505728 9529697 9499196 9523280 9500701 9487226 9487494 9531150 
9812227 9792117 9749550 9775541 9813412 9770576 9785369 9783228 9802397 9796232 9806658 9749221 9793939 9743289 9790981 9787250 9728824 9807304 9748670 9793870 9854772 9778497 9836366 9808283 9767830 9741690 9778335 9818088 9806332 9775317 
9985960 10038508 10059248 10011061 10043419 9998274 9989658 10067867 10049135 10034721 10018587 9986842 9995877 10022099 10008333 10010132 10025984 9989601 10004898 9994545 10011894 9952658 9992442 10037846 10026810 10043459 9967199 9993757 9985601 10016895 
10143850 10123627 10107571 10114636 10147541 10164415 10138870 10131005 10157290 10126564 10131032 10137877 10134747 10161221 10136224 10156267 10137432 10148648 10153515 10128948 10160157 10131980 10158246 10159491 10163629 10166542 10118018 10121668 10138437 10102537 
10196754 10184184 10184993 10176353 10217000 10172444 10182022 10196479 10193314 10181060 10179712 10198009 10198047 10187670 10176777 10175832 10210423 10199104 10176168 10186947 10194362 10197096 10201377 10200319 10189618 10189179 10201308 10172478 10196909 10187237 
10182390 10198498 10206849 10202796 10207527 10196000 10190776 10178548 10197512 10193876 10197626 10190577 10193791 10201393 10196873 10202136 10194091 10210947 10206054 10187096 10202239 10184350 10196597 10178948 10197301 10206927 10191673 10209903 10194802 10216508 
10178126 10190505 10196435 10176146 10164153 10160448 10178223 10168355 10175057 10175680 10183223 10175965 10171651 10187182 10187233 10196756 10178129 10183440 10174816 10178231 10183686 10173813 10165872 10189368 10167729 10177856 10178201 10174768 10182851 10176474 
10156271 10160185 10160518 10149153 10135992 10157030 10152858 10154977 10150259 10159228 10159272 10139768 10150416 10148241 10150911 10159952 10157418 10157806 10145626 10152277 10157781 10151389 10154404 10152890 10157559 10158169 10145987 10159044 10160205 10165259 
10127322 10139178 10141636 10139715 10131279 10128441 10121998 10127701 10128613 10132623 10129562 10132510 10141131 10131303 10135364 10127946 10144050 10132028 10134535 10133579 10123288 10123559 10134971 10129758 10127479 10135408 10123852 10135681 10126468 10132384 
10108936 10111842 10110528 10113453 10106900 10117642 10119023 10115444 10109337 10115736 10107896 10106116 10112408 10112828 10113809 10116003 10105423 10111732 10110073 10113180 10103094 10114371 10115870 10112140 10118082 10115003 10113760 10113678 10115712 10106374 
999999 999999 999999 999999 999999 999999 999999 999999 999999 999999 999999 999999 999999 999999 999999 999999 999999 999999 999999 999999 999999 999999 999999 999999 999999 999999 999999 999999 999999 999999 
4623230 4619146 4623299 4622793 4622176 4623480 4625268 4621585 4620648 4630942 4619883 4624218 4618750 4626129 4624313 4625778 4621790 4621985 4622293 4626436 4623559 4629374 4623170 4627098 4627929 4620465 4623782 4622973 4618118 4629383 
5688468 5678251 5693870 5682809 5689398 5691649 5685965 5687960 5688671 5684798 5692677 5687734 5686510 5682154 5684980 5695704 5688059 5686410 5691135 5678628 5695654 5694334 5689024 5685399 5678967 5681716 5683419 5684541 5691566 5686099 
6485748 6499510 6497580 6497662 6494481 6498790 6487084 6490347 6492217 6492254 6485300 6498689 6486799 6497654 6483214 6494712 6492705 6486832 6493755 6485819 6501600 6496733 6496032 6491131 6496345 6498951 6485545 6494295 6498554 6488635 
7159100 7164724 7156751 7167070 7157796 7159187 7171508 7171419 7161628 7168799 7156516 7172969 7165905 7157609 7162744 7164551 7170512 7164140 7170615 7161224 7161602 7163375 7159590 7176565 7168091 7164431 7176322 7161754 7163857 7175221 
7763173 7750721 7759678 7747509 7751896 7756389 7746420 7755394 7745876 7754960 7739464 7755598 7758941 7750872 7759592 7755193 7747947 7761850 7751667 7749801 7754288 7751647 7762275 7749173 7747435 7759363 7772199 7748678 7766549 7760395 
8268912 8286629 8284121 8304265 8284800 8286765 8283283 8278998 8288068 8296110 8279565 8279224 8286920 8290387 8288454 8291474 8272855 8291578 8280055 8285437 8272060 8287858 8292976 8275036 8279444 8286201 8280840 8275817 8289792 8290572 
8775383 8772700 8759521 8772892 8761559 8763445 8775659 8773340 8767316 8758321 8769064 8775384 8765080 8780131 8777989 8755159 8761491 8781887 8762358 8756419 8755352 8775234 8763117 8771294 8780116 8765416 8776240 8762423 8761722 8786136 
9221106 9214362 9222422 9210255 9216266 9204437 9193713 9210098 9210223 9211301 9223597 9216752 9217483 9228695 9206813 9209182 9229112 9225162 9224401 9231135 9218283 9212013 9208774 9204192 9204475 9219044 9212528 9215835 9209236 9214799 
9622965 9643076 9639552 9633928 9630132 9633193 9635278 9628987 9631297 9643136 9637253 9632332 9628519 9628500 9638658 9631073 9630090 9632856 9630532 9637625 9636355 9631708 9627701 9628306 9624727 9632301 9629888 9631989 9633802 9630684 
10019273 10010475 10033557 10030300 10040702 10032869 10020570 10025473 10034223 10022032 10031578 10029682 10026485 10025667 10037209 10016990 10024436 10023309 10024865 10022915 10013168 10024574 10025796 10018965 10041298 10014209 10020048 10038507 10030963 10039708 
10403484 10397355 10404031 10399752 10397244 10388734 10410665 10413109 10396480 10402689 10404903 10398425 10401362 10402922 10400488 10404062 10412064 10375047 10399836 10398434 10401710 10389858 10403802 10410965 10402703 10405564 10398567 10398850 10402376 10399882 
10753879 10760750 10752513 10756174 10738312 10754482 10756976 10768574 10746359 10749296 10747336 10745011 10749982 10762839 10761686 10745901 10763821 10746810 10761162 10761455 10745624 10747794 10752303 10754347 10754146 10744014 10759669 10776659 10748165 10751020 
11092470 11094712 11113936 11100864 11092289 11083139 11097783 11094544 11095949 11090922 11082007 11099401 11086208 11076642 11085459 11076975 11088747 11092923 11076345 11080861 11112547 11093166 11078652 11094507 11098111 11088761 11103416 11072716 11089582 11086756 
11405957 11413153 11422160 11422365 11416857 11419802 11401620 11405651 11411831 11421998 11425520 11431230 11414716 11407368 11419913 11415971 11406396 11418942 11418311 11410742 11412203 11392068 11420654 11414434 11402415 11424891 11406394 11419614 11408562 11410290 
11726506 11723342 11742728 11722680 11732780 11708185 11726767 11733878 11723137 11736965 11733860 11715802 11717601 11734302 11722000 11717805 11740270 11716443 11718855 11734225 11724242 11727121 11741006 11727530 11722381 11722561 11718253 11721859 11721181 11730349 
12034967 12019594 12028844 12027243 12018851 12021034 12039700 12014414 12025704 12000116 12024000 12037684 12031758 12033039 12032087 12043471 12029029 12027265 12028556 12023009 12029813 12008468 12029054 12016977 12018077 12036157 12034264 12027310 12028064 12029015 
12290279 12297524 12315818 12307973 12311945 12311704 12299965 12323238 12331385 12307028 12324258 12318249 12301632 12312284 12335514 12316988 12309400 12320143 12321723 12317997 12322992 12319581 12322369 12330072 12332576 12306531 12322889 12320147 12308051 12323921 
12595376 12601187 12621878 12594808 12598247 12585793 12587439 12574358 12597018 12590044 12598688 12588761 12585183 12592288 12587937 12608253 12587194 12587852 12591864 12609082 12589178 12588838 12593680 12598773 12583186 12602389 12583435 12597547 12576361 12587210 
12881116 12858248 12886085 12866679 12875696 12859801 12873306 12857709 12865726 12862020 12853200 12859704 12864831 12846609 12859787 12868093 12856848 12869954 12847522 12856589 12864437 12875037 12883972 12857027 12848096 12862830 12857563 12864522 12852518 12865565 
13120058 13129707 13126946 13131629 13125611 13132223 13120557 13123383 13126152 13128013 13129220 13117480 13120078 13143605 13133164 13128989 13135641 13119690 13122848 13116263 13109890 13141960 13123890 13138840 13126491 13116579 13130670 13131300 13108811 13120452 
1999997 1999997 1999997 1999997 1999997 1999997 1999997 1999997 1999997 1999997 1999997 1999997 1999997 1999997 1999997 1999997 1999997 1999997 1999997 1999997 1999997 1999997 1999997 1999997 1999997 1999997 1999997 1999997 1999997 1999997 
3078397 3078143 3078704 3077583 3079020 3077929 3080283 3077080 3078413 3080293 3079004 3078532 3074588 3078382 3079138 3080708 3076971 3078914 3078713 3078907 3080246 3078776 3079301 3079989 3077769 3075914 3080284 3079868 3076684 3081703 
3665518 3665024 3670310 3665601 3666124 3669124 3667547 3667604 3670690 3667689 3668587 3668502 3667053 3667964 3668843 3670437 3668167 3667652 3668150 3665330 3669121 3671737 3669416 3667154 3667304 3667687 3663523 3667265 3671183 3666022 
4059504 4066356 4063014 4066826 4061541 4066901 4061423 4065154 4063184 4063964 4060510 4064263 4061507 4063924 4062702 4062527 4064351 4065719 4064254 4060709 4068681 4065555 4064295 4061888 4064195 4064234 4060977 4064436 4062725 4063473 
4365886 4364957 4363804 4365285 4362466 4362934 4368144 4363860 4366514 4364131 4360783 4369069 4365628 4363602 4365239 4364131 4367389 4366798 4370018 4365923 4365353 4366707 4363932 4368158 4368136 4366106 4367993 4362974 4363358 4367668 
4616143 4611125 4611346 4611671 4612866 4614444 4615545 4614703 4608307 4611178 4610766 4612970 4609895 4613385 4610642 4614870 4607954 4611834 4612553 4608594 4612739 4610930 4617461 4609913 4611875 4611596 4616612 4609122 4613722 4615453 
4818885 4819938 4821206 4824255 4820169 4821591 4819570 4818491 4820126 4820271 4821734 4819142 4822002 4822688 4819679 4820370 4819029 4819812 4820754 4820461 4818678 4821716 4822125 4817992 4820994 4821498 4818293 4819377 4821673 4822387 
5005256 5002647 5000748 5002432 4997257 5003044 5000816 5002989 5000816 4998919 5000452 5004623 5001703 5003781 5003635 4999441 5001699 5006803 5001225 4996361 4999401 5006810 5000572 5003221 5002937 5001351 5002110 5001190 5001524 5005108 
5161904 5158514 5162686 5159179 5161448 5154765 5156381 5160446 5161967 5163006 5163379 5162020 5162583 5166544 5162069 5158987 5166707 5164769 5162348 5164961 5159317 5162084 5158921 5158385 5160936 5163333 5159246 5157078 5158628 5163043 
5304121 5304133 5304053 5306406 5300353 5304593 5304939 5304389 5302851 5307403 5302977 5307315 5308231 5301956 5305664 5304833 5301905 5301798 5304710 5307147 5300912 5303675 5306475 5305695 5301381 5307352 5304738 5304302 5305606 5309136 
5435123 5430510 5437244 5436740 5434074 5435306 5434476 5437249 5433394 5436403 5433620 5433486 5431662 5433233 5437005 5433156 5431140 5436015 5433785 5435847 5438264 5433495 5433370 5432565 5436896 5431482 5433500 5436164 5434614 5438173 
5553995 5551404 5551102 5552818 5549794 5550850 5554215 5553192 5551669 5554043 5554542 5549319 5551612 5554531 5553557 5555139 5554614 5546694 5552479 5554361 5552812 5552636 5552109 5556818 5553295 5553750 5553151 5552374 5555357 5550778 
5662070 5666823 5659792 5661318 5660938 5662251 5660311 5666550 5662694 5663713 5657159 5660342 5658265 5663230 5667681 5659460 5665947 5659320 5663153 5660087 5663410 5659010 5659805 5661005 5662481 5658788 5663084 5666246 5661294 5662025 
5764831 5763794 5767112 5761001 5766233 5758171 5763553 5764912 5765695 5766371 5758544 5762171 5763661 5758268 5762319 5762380 5759482 5763225 5759041 5760443 5761143 5764420 5759401 5761409 5760693 5760115 5761736 5758646 5764353 5763297 
5855427 5857343 5855902 5855027 5854880 5857716 5853401 5856040 5857585 5855058 5857009 5858774 5852896 5857302 5856074 5855123 5854450 5856677 5856063 5854796 5852941 5854973 5859281 5857335 5855861 5858226 5856428 5858340 5851474 5855892 
5945055 5942696 5948112 5943882 5946874 5941195 5945327 5944788 5943085 5948290 5941829 5940807 5945931 5947360 5942789 5943554 5947943 5942856 5944468 5947269 5947604 5942670 5944250 5943706 5941853 5944878 5942409 5944876 5943524 5945015 
6027572 6027341 6028942 6025817 6027002 6028216 6028790 6022691 6026419 6023986 6027630 6025967 6025668 6026807 6028837 6030841 6028178 6029318 6028871 6024861 6026100 6023250 6022782 6026377 6025524 6024870 6026856 6025105 6026814 6027441 
6098372 6104571 6103226 6103607 6102009 6101965 6101455 6103114 6108573 6103492 6109663 6105069 6103551 6104964 6105879 6102656 6104456 6104079 6105862 6104030 6102827 6106017 6103414 6107990 6105898 6105566 6100942 6104705 6102571 6104563 
6178249 6178118 6179053 6175861 6181536 6178555 6176954 6176057 6175154 6176246 6176953 6180032 6176530 6172953 6177584 6180829 6176057 6173651 6178641 6176087 6175958 6178467 6178849 6179700 6181416 6181687 6178386 6182327 6173437 6175884 
6253300 6243238 6254151 6244121 6246447 6247007 6249248 6247684 6250041 6246357 6246389 6245784 6248860 6246733 6244987 6247072 6251370 6248484 6246902 6245662 6246589 6246214 6248185 6246155 6243896 6250708 6243359 6247044 6244864 6244567 
6311209 6315293 6315031 6317031 6316587 6316647 6316214 6313020 6312500 6311898 6316513 6315865 6313172 6317027 6314630 6318723 6318289 6312248 6310360 6310696 6312143 6315059 6314082 6313515 6309950 6311877 6314085 6314881 6312063 6312227 
1999978 1999980 1999983 1999982 1999979 1999982 1999988 1999986 1999988 1999985 1999983 1999983 1999982 1999988 1999989 1999982 1999978 1999982 1999980 1999975 1999984 1999981 1999980 1999983 1999979 1999985 1999976 1999988 1999988 1999984 
3912879 3913437 3911609 3909458 3917152 3915647 3915994 3911023 3912525 3915515 3915766 3914655 3905284 3914255 3914779 3918365 3909647 3911144 3915078 3915068 3912796 3915767 3911925 3915478 3916632 3912080 3915483 3912115 3914397 3917986 
4719439 4723598 4724979 4719805 4718610 4725514 4728091 4719219 4730148 4719182 4726605 4724326 4720906 4724742 4725577 4728659 4722675 4721191 4729022 4720021 4727513 4729447 4718655 4721221 4721082 4724454 4715831 4725928 4727258 4725610 
5251451 5263223 5257779 5261654 5258695 5258241 5253192 5264855 5251623 5256875 5251205 5258686 5254994 5257873 5260251 5258796 5260147 5258481 5252894 5255113 5261035 5261609 5257131 5257302 5261394 5262287 5256717 5260626 5257282 5257584 
5660018 5669299 5662692 5663283 5657864 5653010 5669639 5662276 5665629 5663674 5660153 5666064 5659216 5662570 5666610 5660810 5666325 5663099 5670120 5660275 5663727 5662706 5666842 5664395 5665686 5659996 5664430 5661406 5660062 5664076 
6003329 5991372 5998107 5996789 5995085 5993102 5995465 5995890 5993794 5986853 5993397 5989112 5987761 5991812 5992924 5992876 5987677 5995991 5998528 5992932 5996450 5993582 6004640 5996279 5994892 5992545 6002804 5987287 6000659 5995582 
6263362 6276609 6276053 6280381 6280989 6274078 6276401 6272320 6275490 6280931 6269607 6265676 6278149 6275283 6275709 6276323 6271039 6278610 6270150 6271021 6271002 6276149 6274801 6274419 6273014 6277493 6271416 6269969 6275786 6273711 
6516609 6520127 6520700 6519251 6511159 6521656 6512082 6512972 6514987 6516988 6519581 6519241 6512253 6521457 6518750 6513332 6525793 6530639 6507859 6509280 6518601 6518846 6518351 6518520 6516782 6515332 6519859 6514142 6513350 6524265 
6731344 6726881 6740353 6730961 6727564 6727684 6726688 6731527 6733549 6742219 6732528 6738925 6730248 6736547 6733340 6726615 6743492 6738020 6731367 6742255 6736846 6733189 6736110 6726934 6723960 6731313 6731743 6731119 6735755 6733660 
6924419 6922147 6935684 6925461 6919347 6927830 6931367 6925816 6920845 6924680 6929325 6937269 6934757 6922360 6935501 6923486 6918355 6921655 6924712 6922623 6919542 6926070 6921718 6930554 6927822 6930716 6922233 6930184 6925450 6930803 
7107222 7098424 7108570 7108739 7105410 7103500 7106741 7108421 7095348 7097931 7105992 7097722 7097390 7101424 7102171 7105395 7094008 7107845 7099683 7102204 7104796 7099775 7098791 7096786 7106592 7099084 7098234 7102777 7098650 7102082 
7267642 7255877 7252434 7264331 7262810 7261274 7253556 7261324 7262461 7259515 7276007 7258281 7259471 7270924 7265281 7265886 7267453 7249852 7262150 7257805 7256670 7262166 7265398 7262095 7258799 7269328 7266950 7255736 7264350 7261118 
7407566 7415658 7399955 7409278 7407883 7414818 7416292 7413359 7416686 7422118 7404275 7407723 7412908 7417332 7419626 7410583 7418385 7394902 7414449 7415033 7417051 7408058 7412065 7405735 7414064 7408265 7415494 7413646 7412653 7414023 
7552400 7555251 7556604 7549265 7551918 7537374 7549533 7555744 7548372 7556858 7550137 7539938 7551733 7544333 7550831 7548144 7547600 7543429 7545660 7544251 7545380 7553303 7545392 7547569 7550546 7553477 7551346 7545374 7552718 7549947 
7679404 7673451 7680845 7676716 7674558 7687373 7683710 7673728 7672259 7684893 7679805 7688044 7668016 7677418 7677000 7672317 7676710 7681999 7675151 7677480 7679628 7679953 7686947 7673513 7681835 7676059 7677303 7674813 7683618 7679123 
7804975 7807621 7810879 7804005 7802786 7788150 7802834 7802966 7796053 7804375 7791202 7800455 7803411 7814698 7799243 7800744 7805723 7793529 7797425 7802694 7800128 7799359 7797153 7796497 7798680 7801510 7799325 7794306 7802588 7802502 
7907999 7920494 7920282 7919530 7914359 7906474 7914894 7915831 7911071 7907922 7914473 7912853 7919050 7918704 7912734 7917697 7912122 7921419 7924011 7913671 7907365 7908922 7912008 7913386 7906800 7909012 7916744 7916106 7922793 7910103 
8014599 8021637 8013758 8025540 8020281 8014618 8011049 8024261 8028188 8015488 8030409 8021785 8015167 8024018 8022987 8026301 8025573 8016953 8023587 8021065 8019436 8023414 8014183 8030673 8015392 8011486 8021553 8023580 8022557 8025124 
8117443 8123464 8126649 8126725 8131510 8128960 8119317 8130341 8120045 8114005 8124248 8131101 8124813 8123102 8131179 8126269 8117587 8117264 8122549 8116667 8127268 8138657 8126599 8131272 8127019 8131330 8122944 8140247 8116974 8117975 
8225731 8211527 8225920 8224273 8215588 8215947 8223208 8217416 8222912 8223316 8216743 8216681 8218236 8221948 8218693 8212988 8225358 8225000 8223305 8228318 8216580 8222677 8237546 8220477 8214296 8229566 8217984 8223680 8221778 8224235 
8309607 8311572 8310774 8312023 8318287 8315289 8319697 8311289 8315941 8310890 8308649 8312637 8315373 8315246 8326426 8316425 8321657 8317174 8309491 8307778 8310209 8315752 8316669 8315405 8309684 8309149 8320956 8314114 8305225 8298504 
999999 999999 999999 999999 999999 999999 999999 999999 999999 999999 999999 999999 999999 999999 999999 999999 999999 999999 999999 999999 999999 999999 999999 999999 999999 999999 999999 999999 999999 999999 
3110977 3107979 3109694 3108148 3107927 3108275 3109774 3107196 3107927 3111569 3106855 3109878 3107399 3108582 3108250 3111588 3107224 3106776 3111208 3109692 3109043 3109983 3107523 3109476 3112286 3106003 3109266 3109715 3108729 3110574 
3636044 3634942 3639876 3632095 3635634 3638689 3640096 3636988 3637301 3634366 3637188 3639082 3636344 3637339 3634049 3638127 3636747 3637827 3637105 3633866 3637630 3639605 3636525 3636066 3635682 3636167 3634137 3637632 3635413 3635050 
4009522 4011091 4012648 4012270 4010024 4010662 4009136 4015209 4009756 4008732 4007714 4012724 4009006 4010847 4010537 4009785 4009368 4007902 4010495 4008504 4013583 4011183 4011964 4008558 4012295 4011033 4009984 4010532 4011505 4010964 
4307382 4308251 4301459 4306157 4301125 4303196 4306784 4306378 4302111 4305935 4301645 4310714 4305359 4306490 4306192 4305090 4308404 4305502 4308718 4305073 4304129 4303795 4305102 4309413 4304282 4303527 4305909 4304690 4305125 4307380 
4554975 4548971 4552565 4552336 4551176 4552479 4549753 4550771 4547911 4551824 4547996 4550446 4549085 4552019 4550880 4550677 4546720 4551756 4547090 4550121 4554294 4549094 4554001 4545840 4552703 4551709 4556903 4550477 4551528 4553762 
4761950 4760679 4761499 4763650 4761033 4759709 4757919 4760782 4764204 4762501 4762175 4759439 4764910 4766909 4764685 4759486 4760809 4761522 4763978 4763648 4761659 4761153 4762467 4759239 4760850 4761400 4756625 4760898 4766997 4766172 
4946506 4947535 4946439 4948370 4942745 4949690 4945717 4949534 4945163 4945443 4949964 4948764 4945833 4951936 4946745 4945426 4944616 4949971 4945140 4944243 4948061 4942238 4942065 4949419 4947796 4950522 4948056 4945457 4944807 4949465 
5112354 5111945 5113409 5111508 5113084 5108186 5108164 5114351 5112798 5115275 5115488 5114216 5108013 5111889 5112877 5110666 5114487 5110910 5111972 5116143 5112263 5108236 5110651 5112961 5110525 5111740 5110777 5108535 5107649 5109917 
5258998 5258691 5261762 5259768 5260094 5261315 5258286 5265121 5257034 5260736 5264474 5262181 5262492 5258458 5261486 5258903 5258443 5257214 5261633 5262722 5262774 5259515 5261633 5261290 5257883 5261849 5263151 5260825 5257599 5259361 
5397644 5395448 5399097 5394189 5395366 5394257 5398183 5397037 5393368 5398238 5399855 5395180 5398402 5394710 5395470 5394236 5397351 5398058 5393104 5395651 5399518 5395076 5394462 5395785 5397602 5396769 5398021 5399486 5395213 5395331 
5523133 5515836 5516583 5515964 5519389 5518239 5519680 5523348 5520172 5522062 5519108 5513257 5522399 5518914 5524915 5522366 5526657 5515690 5520200 5518991 5518804 5517488 5520904 5524773 5517864 5522760 5521217 5522155 5518429 5523976 
5636545 5636867 5634123 5638703 5636701 5637067 5634420 5637407 5630756 5636895 5635801 5639528 5634380 5635790 5636493 5634445 5639152 5632869 5635838 5637667 5635398 5638817 5638719 5633925 5637807 5628765 5642317 5640675 5639908 5632221 
5745805 5744326 5748762 5743321 5743913 5741866 5746688 5747685 5748682 5744131 5741359 5745718 5744711 5738478 5746689 5747525 5743815 5740911 5743122 5743977 5743133 5746225 5743199 5748174 5742221 5742836 5746557 5740628 5745248 5745831 
5845207 5842974 5844599 5839789 5842005 5847163 5841472 5845497 5848785 5850135 5842884 5846835 5841177 5849413 5845042 5845928 5842633 5847624 5846790 5847281 5847449 5848210 5843365 5845937 5845749 5848295 5843183 5847722 5840327 5846876 
5947470 5941745 5944307 5937765 5940411 5934786 5937598 5938448 5941996 5942399 5939969 5942962 5942707 5940630 5939158 5938080 5942506 5938423 5940147 5939266 5941252 5940761 5939611 5938075 5936124 5945493 5943501 5941748 5938300 5941468 
6028619 6032005 6032552 6029443 6030152 6028182 6032804 6027421 6034640 6030568 6030639 6027052 6030310 6029498 6031892 6034198 6025274 6031800 6032068 6026737 6030184 6026292 6030138 6030008 6028987 6027778 6027091 6029077 6030992 6029053 
6109771 6113700 6112919 6113889 6114786 6114991 6111239 6110531 6114667 6115475 6120269 6111050 6113345 6110149 6114998 6111333 6113085 6114237 6113725 6113006 6115589 6119415 6116430 6110739 6116645 6114990 6116914 6117986 6111105 6116051 
6192113 6193082 6195304 6192890 6197255 6197742 6196088 6196647 6191621 6193775 6195248 6196811 6194577 6196841 6195295 6200479 6191860 6192891 6195746 6193166 6194380 6199031 6191947 6195376 6195119 6192247 6195146 6200161 6195559 6193457 
6270749 6269128 6276607 6267534 6270739 6274543 6273064 6270774 6272321 6270359 6272234 6269635 6272254 6271171 6270966 6271869 6272902 6273804 6274301 6274123 6272784 6272636 6277664 6272940 6268016 6270891 6269257 6274205 6265996 6275829 
6343422 6345027 6342507 6344685 6346422 6348564 6344528 6343973 6341956 6344287 6346735 6344814 6344493 6347800 6345543 6346301 6344604 6341022 6342615 6344213 6341566 6343663 6346464 6341959 6342916 6344804 6345253 6340638 6345909 6345937 
