MergeSort QuickSort TimSort OESM Cook_Kim LIS LIS_treap BothAlgo 
853904 971720 1001035 1017646 1029629 1039227 1046197 1052805 1058760 1063847 1067454 1071969 1075412 1079321 1081934 1085247 1087730 1089713 1092287 1094694 1096867 
2025163 2029767 2006140 1933852 1953306 2053051 1990958 2018612 2057259 1978851 2034923 1951900 2073262 2027527 2003900 2014156 1996886 1998921 2014485 2035832 2038931 
724842 1030576 1155264 1225130 1273163 1309555 1335717 1358157 1377841 1393742 1406428 1419481 1427916 1438462 1447359 1455803 1464358 1468322 1474305 1482064 1488620 
99998 935630 1015024 1017102 1020762 1033761 1048344 1065679 1084074 1097259 1108848 1118328 1126394 1131483 1138437 1141303 1145162 1146086 1149455 1150814 1152192 
99998 935963 1434427 1724751 1919376 2058423 2173913 2262083 2326432 2386738 2434452 2472991 2510714 2540079 2570210 2593032 2617075 2640368 2662222 2683460 2701841 
199996 686571 878145 974781 1039274 1089144 1129461 1161625 1193067 1220019 1240522 1261463 1280762 1296475 1314035 1328535 1342595 1356660 1368076 1381336 1392224 
199987 712669 895944 997744 1063014 1115730 1157170 1192403 1226235 1253198 1277747 1298941 1321908 1334812 1357284 1375695 1392453 1408005 1419784 1432421 1443939 
199998 602278 703371 764776 811501 850632 882016 910010 934865 956000 973626 991162 1005741 1019478 1033138 1046510 1057865 1068729 1079387 1089033 1098603 

