MergeSort QuickSort TimSort BlockMergeSort OESM Cook_Kim LIS LIS_small LIS_treap BothAlgo            
0 0 0 0 0 0 0 0 0 0 0 0 0 0 0 0 0 0 0 0 0 
1 1 2 1 1 1 5 2 0 1 2 1 1 0 4 2 1 1 1 3 1 
0 0 0 0 0 0 0 0 0 0 0 0 0 0 0 0 0 0 0 0 0 
0 0 0 0 0 0 0 0 0 0 0 0 0 0 0 0 0 0 0 0 0 
0 0 0 0 0 1 0 0 0 1 1 2 1 1 1 0 2 3 3 0 1 
0 1 1 0 2 2 1 1 0 4 6 6 3 4 1 3 3 8 6 7 5 
0 0 0 0 0 0 0 0 0 0 1 0 0 1 0 0 0 2 2 0 1 
0 0 0 0 0 0 0 0 0 0 1 1 1 1 0 0 0 2 3 0 2 
0 0 0 0 1 0 1 0 0 1 0 0 0 2 0 1 1 1 2 1 1 
80 79 79 80 78 78 75 74 80 76 69 66 72 73 77 72 72 64 64 67 68 

