MergeSort QuickSort TimSort OESM Cook_Kim LIS LIS_treap BothAlgo 
853904 873153 889470 903436 914725 923910 932284 939567 946479 951389 956360 960596 964677 968382 971442 974379 977857 979749 982126 984538 986284 
2036976 1969350 1964765 2080414 1976489 2029167 2024644 2013104 1936627 2085108 2038150 1979420 1945564 2001605 1975911 2028541 1996814 2054842 1992613 2029017 2035819 
724842 763942 798724 830377 859839 884091 907799 929979 949640 967049 984342 998971 1013575 1029107 1039674 1053777 1064858 1074320 1084775 1094128 1102469 
99998 770804 848115 872268 868059 863435 864331 865643 868777 875806 882052 887653 902777 907461 919410 936343 942939 951339 962155 973115 980122 
99998 282718 328086 380600 439848 499683 560245 626927 685532 744435 803415 856870 908647 962824 1005806 1053659 1099973 1136143 1175281 1205338 1245294 
199996 261253 315811 366077 414349 454660 493282 530135 561875 592239 620888 646470 669440 694113 711402 732063 748656 765215 779168 792785 806943 
199987 266311 326415 382057 434125 477861 516617 557342 588996 619884 647925 673508 695025 719142 736890 757960 774596 788299 804457 816656 831391 
199998 329018 362046 396377 428074 455315 480462 503300 523125 540288 556299 569644 583323 594600 604832 614746 624394 631701 639969 647929 654993 

