MergeSort QuickSort TimSort OESM Cook_Kim LIS LIS_treap BothAlgo 
69008 78896 82089 83531 84645 85587 86343 86911 87461 88057 88161 88751 89077 89496 89817 90027 90436 90323 90706 90503 91340 
155798 152540 157055 151985 159971 152271 176759 151441 161346 155814 154811 161130 150393 159034 166934 157848 149163 149346 153310 151579 162046 
56407 81447 92785 99758 104482 109245 111032 113792 115598 117656 118836 119546 121268 123484 123656 125097 125138 126034 127007 126806 127922 
9999 84479 86621 87746 89183 90949 92100 93058 93895 94415 94819 95654 96111 96197 96175 96536 96741 96840 97194 96937 97306 
9999 75805 115198 137977 152233 162724 169771 179422 181319 185947 189486 193243 195877 198121 200598 203389 204346 204346 205642 205911 208976 
19997 59748 78344 88099 94813 100092 104181 107189 110160 113359 114587 116234 118609 120871 122601 124752 125666 125981 127112 127730 129516 
19988 62262 80556 90083 96929 102065 105703 108868 111718 115338 116248 117057 122374 124614 124878 127980 129619 129251 130547 132740 132994 
19998 54191 64763 70084 74149 78081 81193 83436 86186 88212 89316 91557 93310 94711 95811 97420 98164 99291 100908 100556 102229 

