MergeSort QuickSort TimSort OESM Cook_Kim InsertionSort LIS LIS_treap BothAlgo2 LIS_small BothAlgo_small BothAlgo_small3 DirtyClean4 
13 21 1
356 
356 
356 
356 
356 
356 
356 
356 
356 
356 
356 
356 
356 
356 
356 
356 
356 
356 
356 
356 
356 
635 
649 
645 
600 
715 
710 
791 
593 
623 
787 
629 
564 
646 
586 
664 
531 
628 
570 
620 
676 
568 
224 
224 
224 
224 
224 
224 
224 
224 
224 
224 
224 
224 
224 
224 
224 
224 
224 
224 
224 
224 
224 
99 
99 
99 
99 
99 
99 
99 
99 
99 
99 
99 
99 
99 
99 
99 
99 
99 
99 
99 
99 
99 
99 
99 
99 
99 
99 
99 
99 
99 
99 
99 
99 
99 
99 
99 
99 
99 
99 
99 
99 
99 
99 
99 
99 
99 
99 
99 
99 
99 
99 
99 
99 
99 
99 
99 
99 
99 
99 
99 
99 
99 
99 
99 
197 
197 
197 
197 
197 
197 
197 
197 
197 
197 
197 
197 
197 
197 
197 
197 
197 
197 
197 
197 
197 
191 
193 
190 
193 
192 
191 
193 
194 
195 
194 
196 
196 
192 
193 
191 
191 
193 
191 
192 
194 
195 
99 
99 
99 
99 
99 
99 
99 
99 
99 
99 
99 
99 
99 
99 
99 
99 
99 
99 
99 
99 
99 
99 
99 
99 
99 
99 
99 
99 
99 
99 
99 
99 
99 
99 
99 
99 
99 
99 
99 
99 
99 
99 
99 
99 
99 
99 
99 
99 
99 
99 
99 
99 
99 
99 
99 
99 
99 
99 
99 
99 
99 
99 
99 
99 
99 
99 
99 
99 
99 
99 
99 
99 
99 
99 
99 
99 
99 
99 
99 
99 
99 
99 
99 
99 
192 
192 
193 
190 
189 
193 
190 
191 
189 
189 
186 
185 
193 
182 
192 
183 
192 
191 
186 
189 
188 
