MergeSort QuickSort TimSort BlockMergeSort OESM Cook_Kim LIS LIS_small LIS_treap BothAlgo BothAlgo_small 
19 19 19 19 19 19 19 19 19 19 19 19 19 19 19 19 19 19 19 19 19 
23 24 23 27 27 25 29 20 25 21 31 22 28 33 27 25 23 29 24 32 22 
9 9 9 9 9 9 9 9 9 9 9 9 9 9 9 9 9 9 9 9 9 
9 9 9 9 9 9 9 9 9 9 9 9 9 9 9 9 9 9 9 9 9 
9 9 9 9 9 9 9 9 9 9 9 9 9 9 9 9 9 9 9 9 9 
9 9 9 9 9 9 9 9 9 9 9 9 9 9 9 9 9 9 9 9 9 
17 17 17 17 17 17 17 17 17 17 17 17 17 17 17 17 17 17 17 17 17 
9 9 9 9 9 9 9 9 9 9 9 9 9 9 9 9 9 9 9 9 9 
17 17 17 16 16 14 13 16 17 14 16 16 15 14 16 15 16 15 16 15 14 
18 18 18 18 18 18 18 18 18 18 18 18 18 18 18 18 18 18 18 18 18 
9 9 9 9 9 9 9 9 9 9 9 9 9 9 9 9 9 9 9 9 9 

