MergeSort QuickSort TimSort BlockMergeSort OESM Cook_Kim LIS LIS_small LIS_treap BothAlgo BothAlgo_small 
15 15 15 15 15 15 15 15 15 15 15 15 15 15 15 15 15 15 15 15 15 
22 21 34 21 20 21 26 24 23 28 22 25 21 28 27 22 30 20 20 22 29 
45 45 45 45 45 45 45 45 45 45 45 45 45 45 45 45 45 45 45 45 45 
45 45 45 45 45 45 45 45 45 45 45 45 45 45 45 45 45 45 45 45 45 
26 26 26 26 26 26 26 26 26 26 26 26 26 26 26 26 26 26 26 26 26 
34 34 34 34 34 34 34 34 34 34 34 34 34 34 34 34 34 34 34 34 34 
17 17 17 17 17 17 17 17 17 17 17 17 17 17 17 17 17 17 17 17 17 
18 18 18 18 18 18 18 18 18 18 18 18 18 18 18 18 18 18 18 18 18 
14 17 13 15 16 15 14 13 14 14 14 14 16 15 16 15 13 14 15 16 15 
57 57 57 57 57 57 57 57 57 57 57 57 57 57 57 57 57 57 57 57 57 
50 50 50 50 50 50 50 50 50 50 50 50 50 50 50 50 50 50 50 50 50 

