MergeSort QuickSort TimSort BlockMergeSort OESM Cook_Kim LIS LIS_small LIS_treap BothAlgoBothAlgo_small  
316 316 316 316 316 316 316 316 316 316 316 316 316 316 316 316 316 316 316 316 316 
677 626 569 586 727 793 642 646 629 692 638 759 760 677 676 619 618 664 681 626 630 
1566 1566 1566 1566 1566 1566 1566 1566 1566 1566 1566 1566 1566 1566 1566 1566 1566 1566 1566 1566 1566 
726 726 726 726 726 726 726 726 726 726 726 726 726 726 726 726 726 726 726 726 726 
505 505 505 505 505 505 505 505 505 505 505 505 505 505 505 505 505 505 505 505 505 
727 727 727 727 727 727 727 727 727 727 727 727 727 727 727 727 727 727 727 727 727 
197 197 197 197 197 197 197 197 197 197 197 197 197 197 197 197 197 197 197 197 197 
198 198 198 198 198 198 198 198 198 198 198 198 198 198 198 198 198 198 198 198 198 
192 194 191 193 193 191 193 191 192 193 193 195 195 188 191 194 189 196 194 193 193 
1146 1146 1146 1146 1146 1146 1146 1146 1146 1146 1146 1146 1146 1146 1146 1146 1146 1146 1146 1146 1146 
1146 1146 1146 1146 1146 1146 1146 1146 1146 1146 1146 1146 1146 1146 1146 1146 1146 1146 1146 1146 1146 

