MergeSort QuickSort TimSort BlockMergeSort OESM Cook_Kim LIS LIS_small LIS_treap             
120543 81893 77708 75641 74279 73392 72680 72227 71732 71316 71037 70855 70609 70510 70332 70212 70095 69977 69886 69850 69742 
161945 146447 152950 152407 154546 157501 161734 148621 156251 156815 152399 157355 154155 154299 149431 149301 155627 147057 163835 166635 153893 
170995 106910 89125 79944 73919 70258 67424 65955 64294 63044 62329 61642 60863 60440 59917 59614 59292 58924 58651 58501 58313 
126835 85635 78794 75022 72084 70111 68257 67315 66127 65173 64595 63982 63489 63063 62694 62421 62122 61785 61540 61444 61246 
126119 93273 88015 85075 79186 75891 73686 72544 72108 70117 69239 67935 61995 64146 61104 58202 58423 57475 56563 56689 57296 
248540 149858 105842 81992 67971 60115 53486 49408 46167 42905 41289 39641 37641 36621 35575 34920 34246 32853 32132 31826 30905 
297223 72770 54684 45791 40029 36660 33412 31759 30045 28454 27542 26546 25811 25303 24530 24152 23742 23217 22923 22684 22473 
221620 62804 47689 39990 34639 31232 28228 26428 24398 22805 21508 20416 19525 18704 17824 17266 16744 15993 15422 15145 14827 
364411 88679 66479 55703 49007 44618 40721 38888 36269 34238 32905 31611 30449 29633 28662 28138 27404 26581 25976 25806 25297 

