MergeSort QuickSort TimSort OESM Cook_Kim LIS LIS_treap BothAlgo2 
8 21 30
120503 120435 120498 120410 120424 120407 120509 120514 120562 120446 120377 120544 120534 120307 120459 120476 120456 120369 120493 120516 120484 120443 120503 120426 120518 120547 120444 120455 120491 120429 
82077 82179 81890 81712 82234 82203 81996 82011 81960 82022 81978 81909 81764 81957 81867 82088 81409 81973 81811 81896 81915 82139 82058 82115 82414 81980 81937 82265 82080 81679 
77956 78033 77991 77990 78024 78055 77973 77947 78036 78288 77942 78124 78233 77989 78039 78194 78034 78118 78091 77951 78009 78034 78033 78038 77924 78273 78132 77752 78114 78257 
76315 76011 76025 76132 76123 75863 75996 76020 76161 76169 76069 76129 76015 75883 76090 75977 75973 76015 76161 75933 76154 75964 76058 75941 75801 76029 75814 75825 75875 76133 
74778 74686 74841 74633 74714 74760 74657 74689 74734 74646 74672 74704 74837 74870 74811 74715 74540 74792 74673 74777 74761 74788 74660 74568 74724 74585 74596 74583 74873 74605 
73820 73946 73872 73749 73876 73928 73681 73782 73846 73688 73855 73816 73831 73679 73742 73649 73799 73944 73838 73861 73930 73793 73851 73782 73705 73830 73879 73734 73741 74017 
73139 73303 73240 73308 73024 73045 73233 73207 73145 73172 73109 73119 73029 73167 73099 73242 73345 73181 73125 73161 73113 73215 73389 73176 73167 72968 73273 73101 73060 73186 
72591 72669 72681 72772 72752 72770 72540 72738 72655 72635 72586 72601 72626 72762 72686 72672 72593 72745 72610 72707 72568 72697 72571 72666 72592 72684 72740 72538 72525 72718 
72265 72286 72239 72100 72327 72346 72123 72312 72271 72443 72270 72324 72256 72184 72188 72297 72214 72229 72239 72268 72226 72278 72196 72249 72212 72287 72369 72125 72195 72270 
71852 71840 71913 71909 72003 72020 71893 72010 71979 71905 71951 72058 71856 71856 71961 71922 71993 71964 71909 71845 71842 71934 71770 71946 72047 72031 71991 71882 71978 71848 
71584 71657 71651 71667 71609 71556 71698 71668 71676 71730 71723 71648 71558 71640 71601 71705 71640 71702 71662 71723 71707 71721 71625 71610 71610 71643 71731 71802 71522 71651 
71354 71484 71559 71413 71361 71328 71443 71444 71514 71443 71407 71418 71419 71450 71414 71300 71438 71467 71380 71414 71441 71485 71354 71477 71383 71467 71520 71404 71526 71414 
71287 71224 71286 71138 71290 71202 71253 71249 71201 71248 71164 71201 71170 71203 71312 71112 71214 71230 71270 71191 71201 71289 71108 71209 71124 71296 71222 71252 71284 71286 
71052 71057 71012 71093 71009 71042 71105 71070 71066 71017 71037 71021 71104 70965 71027 71043 71096 71044 71013 71017 71065 71066 71191 71079 71064 71102 71006 71081 71138 71035 
70916 70945 70906 70977 70892 70872 70824 71072 70896 70875 70892 71003 70882 70937 70911 70933 70946 71021 70999 70910 70888 70907 70823 70975 70897 70959 70895 70889 70961 70859 
70901 70764 70821 70785 70825 70851 70776 70755 70783 70800 70816 70846 70811 70861 70841 70840 70853 70818 70774 70833 70829 70785 70795 70822 70828 70790 70821 70719 70869 70814 
70623 70668 70632 70658 70708 70669 70655 70805 70703 70649 70663 70757 70646 70701 70709 70762 70655 70641 70708 70587 70727 70653 70671 70695 70697 70725 70645 70648 70674 70615 
70528 70644 70635 70566 70617 70627 70621 70538 70533 70581 70589 70603 70594 70603 70579 70609 70548 70675 70525 70576 70562 70577 70559 70609 70624 70553 70554 70559 70565 70558 
70508 70489 70488 70533 70542 70456 70488 70446 70507 70501 70495 70497 70464 70513 70531 70440 70584 70465 70542 70469 70564 70491 70477 70501 70535 70455 70488 70470 70517 70554 
70404 70420 70421 70454 70382 70395 70544 70415 70534 70405 70374 70414 70375 70469 70457 70367 70344 70419 70432 70410 70398 70419 70424 70320 70444 70313 70377 70430 70391 70430 
70359 70328 70371 70319 70389 70336 70342 70439 70329 70321 70346 70306 70388 70376 70341 70310 70335 70347 70327 70325 70344 70322 70316 70335 70345 70322 70333 70239 70343 70324 
153869 147720 161253 150846 156405 164797 151889 149359 147220 147200 151328 149720 150778 157244 157081 157993 158759 150423 152815 152641 149952 161211 152065 160631 160194 147845 169946 150522 158419 153857 
150964 142979 163191 165872 147335 157474 148686 151437 149463 164442 150284 149408 151819 173151 168671 153594 155463 150371 161412 156289 172127 164997 152482 148438 147651 152840 168612 150825 156361 180575 
165521 164130 161268 147821 146295 168027 149717 162125 148762 154609 150827 145390 153978 145371 157470 151417 152166 156639 163017 151338 159718 152959 151992 146001 158758 155253 147407 163997 147473 150974 
150925 153328 155170 158108 146072 165496 147083 150553 150801 148652 157129 145380 159923 153820 153335 159041 149850 157810 155508 158311 161551 152478 154479 152786 172138 153409 158613 150916 158241 152687 
159173 160618 157258 146590 148856 143234 142615 161613 149514 160368 160870 158345 152062 164410 148069 161278 166725 150158 163419 145387 152953 163039 152358 161379 154261 162507 158195 155275 161567 153873 
152715 149205 158265 150875 144598 153874 152759 158733 152937 151464 144804 157228 165038 158621 153709 154286 155355 147890 159773 158329 158210 165516 155067 157230 149046 163486 152809 144503 163078 152802 
165540 158611 154072 154466 151302 152882 155827 159175 152183 149473 158912 152298 167473 148076 149971 152570 150264 157105 148555 151468 161860 149740 156474 168544 166135 167204 174956 158197 157151 166356 
159038 152074 148972 157851 154200 151037 165159 156647 150816 154337 161303 153781 147096 171571 161650 146006 149669 156634 149959 152569 152810 152329 158427 154056 156152 154044 153731 151611 171700 161327 
143364 156157 165319 151081 150958 156499 167974 159082 154481 145845 157454 154151 158447 152864 148641 150533 160158 164442 158136 161418 156251 154125 155651 164464 161785 161252 181746 156699 153769 177289 
149402 155845 154573 146525 155870 162001 165562 163876 154163 167150 150558 170606 157076 156747 150729 157483 165592 158122 143616 157454 163566 154191 153728 152333 149648 170966 148887 149031 151969 156713 
154976 148583 164476 158245 151225 158033 146668 157423 151604 152967 154434 159712 160926 152612 145640 155250 161223 156658 150061 163975 148776 143720 153809 147346 157768 155058 151630 148532 146837 161452 
155183 159563 156387 152602 155100 153205 159955 149518 174791 153283 149241 155459 160215 150092 168357 149620 159698 151576 159982 150913 157981 143682 154403 148253 150952 145422 162397 161372 151985 152319 
151214 160906 157855 158382 156391 165931 167899 150276 148293 153645 159672 157251 156342 155448 152806 156612 143405 162782 150967 153177 156730 151184 151217 162943 157072 149153 170167 161836 160155 149610 
152095 157644 153738 152272 149883 165114 155324 160279 151390 150914 157235 158568 167826 157849 152639 152967 154806 167423 148665 156289 152361 153346 164594 150296 155383 166099 152919 152106 151713 169716 
152411 152046 147516 156367 158230 148386 152144 158316 156069 155349 154281 178819 156446 153591 146516 144856 152204 149811 156749 159263 163357 153980 152711 155891 150272 150248 146453 156774 167897 152244 
154246 147668 148663 158662 160363 150467 159252 148600 149597 153077 162926 160576 155452 159848 152439 162605 154840 153625 169424 161369 150757 154546 155642 157856 149790 162198 155121 162019 161842 149501 
155773 153826 151979 155886 159505 149498 147380 154644 151507 170210 157645 155765 156285 158801 168289 151502 163584 148120 150293 159400 149270 151563 157765 142651 153487 153519 150105 152457 158103 150068 
144719 156850 154746 155505 150114 153600 157685 160288 154446 146961 150382 148469 142298 151865 150269 157657 151891 151504 152746 156926 148510 145996 163891 150394 153284 168051 156057 149140 156064 148514 
151476 164421 146410 152632 156932 147141 156228 153988 157314 155030 160821 150870 145931 162817 171022 165857 154020 147315 167587 148675 152837 154720 152657 144010 156714 153051 156328 150982 151978 147598 
148387 158851 149908 163871 150835 186782 168845 157143 154374 156751 163098 158335 155319 157187 178314 147751 157452 155354 156026 156411 154372 148215 148744 154352 158834 161779 167563 150432 153128 151968 
158528 151130 157468 154418 148409 154442 150747 149205 158828 161808 151282 152003 151603 153896 157175 159491 146862 157859 149179 166816 156663 163001 150554 157875 152442 159783 147759 159323 162937 157702 
172612 172794 172228 172269 170679 170932 171725 171621 172491 171531 171730 173232 171872 171222 171765 171993 171278 172052 171675 171837 171398 172684 171314 171360 172815 171384 172363 171928 172116 172118 
107480 109874 107197 107489 109918 110081 109704 108049 109518 110033 107878 108520 108133 107726 106456 107938 106325 108370 106520 108255 108384 107330 108158 108400 107775 108771 108701 108664 109586 107827 
91297 91232 90941 90713 91355 90423 91028 90755 92197 91554 91659 91427 90942 90752 91492 92152 92247 92060 91807 91433 90904 91151 91059 91407 91344 92809 92175 91422 91448 92145 
82806 82195 82570 82641 81647 81986 82844 82083 82415 82126 83339 82576 82242 81882 82535 82137 82513 82337 83117 81772 83243 81596 82450 82376 81389 82389 81600 81261 81918 82430 
76659 76386 76744 76163 76210 75976 76519 76175 76814 75864 76255 76657 77227 76548 77526 76580 76070 77233 76781 76939 76380 77111 76756 76072 77049 76115 76201 76072 76529 76480 
72705 73275 72549 72406 73252 72408 71956 72602 72684 72156 73193 72708 72532 72431 72535 72073 72663 73020 72745 72612 73213 73069 72962 72245 72262 72417 72862 72091 72308 73654 
69767 70645 69969 70269 70045 69724 70560 70269 69918 70140 70433 69840 69911 70232 69891 70350 70823 70374 70005 69692 70121 70357 70869 70172 70028 69517 70232 69839 69695 70242 
68158 68203 67575 68244 68225 68757 67741 68086 67860 68137 67664 68006 68164 68056 68193 68179 67613 68367 68175 67894 67985 67611 67911 68418 67867 68283 68348 67977 67890 68372 
66620 66734 66553 66383 66844 66750 66219 66448 66787 66977 66605 66766 66437 66636 66178 66633 66718 66683 66383 66847 66573 66416 66243 66692 66699 66494 66911 66329 66633 66718 
65430 65269 65454 65353 65312 65706 65336 65511 65254 65423 65477 65570 65089 65168 65383 65455 65551 65338 65443 65211 65398 65657 65057 65464 65695 65576 65817 65327 65733 65237 
64360 64527 64591 64384 64207 64259 64454 64500 64406 64583 64297 64236 64082 64502 64356 64586 64266 64391 64516 64551 64485 64368 64383 64569 64382 64634 64532 64333 64133 64531 
63130 63566 63927 63535 63610 63427 63726 63698 63781 63624 63534 63645 63570 63465 63553 63640 63600 63634 63283 63566 63721 63716 63415 63640 63588 63604 63705 63646 63705 63462 
62954 63074 63093 62819 63088 62858 62873 63044 62800 63055 62807 62916 62813 62940 63019 62890 63105 63013 63116 62765 62917 63029 62812 62997 62739 63107 62947 62879 62936 63178 
62370 62357 62282 62708 62274 62215 62446 62418 62426 62284 62623 62292 62469 62355 62542 62545 62298 62270 62329 62213 62376 62536 62638 62361 62141 62334 62303 62186 62563 62288 
61766 62126 61691 61986 61835 61792 61585 62007 61989 61931 61803 61961 61868 61885 61815 61941 61967 62131 61981 61700 61835 61728 61956 62003 61941 61943 61935 61923 61905 61827 
61660 61279 61450 61428 61475 61509 61495 61410 61476 61459 61311 61584 61538 61576 61576 61556 61456 61471 61456 61542 61604 61562 61406 61609 61692 61291 61475 61492 61431 61471 
61071 61156 60993 61128 61250 61246 61142 61219 61231 60945 61159 61261 60997 61065 61024 61197 61225 61155 61190 61006 61160 61108 61143 61058 61133 61121 61068 61050 61104 60866 
60564 60864 60816 60979 60838 60789 60875 60758 60743 60773 60801 60725 60783 60906 60847 60743 60728 60881 60592 60718 60653 60645 60785 60956 60810 60829 60768 60842 60889 60646 
60558 60594 60520 60625 60530 60441 60558 60528 60618 60570 60521 60424 60452 60416 60515 60575 60654 60471 60650 60447 60815 60479 60476 60554 60464 60331 60501 60481 60649 60519 
60223 60167 60226 60291 60286 60120 60453 60307 60439 60300 60161 60244 60204 60310 60367 60245 60113 60341 60225 60356 60368 60261 60256 60113 60240 60001 60285 60201 60161 60217 
60046 59958 60082 59989 60113 60118 60064 60225 60022 60009 59973 60075 60052 60089 60008 60133 60063 59935 60018 60004 60050 60122 59906 60014 60173 60028 60026 59844 60071 60061 
126069 125858 125995 125976 125981 126095 126032 126128 126061 125889 126159 126057 126009 125971 125993 125953 126037 125974 126011 126084 125986 125941 126112 126129 126038 126054 126260 126059 125953 126148 
92877 94049 94185 92442 93594 93399 94026 93572 93715 93395 92991 92786 92930 92960 92937 94703 92407 93656 92440 94243 93646 93855 93383 93764 94382 94176 94011 93527 93835 91993 
88729 88057 87790 87121 87684 87917 87611 86835 88036 87813 88415 87731 88372 88112 87929 87740 88485 88183 89144 88413 88053 88168 88213 87468 87412 88041 88528 87928 87959 88561 
86091 84641 85626 86114 82742 84500 86484 84580 85354 84860 84918 85061 85069 84651 84361 85560 84952 85733 85549 84709 85141 85236 85257 83577 83895 84902 85743 82962 85250 85096 
81422 78827 80580 80807 82155 80455 80599 79159 78979 79663 81071 80638 80422 81210 82515 79904 79479 83397 82093 81089 80327 80965 81013 80597 80431 79433 79476 80810 80435 78919 
76548 78905 76942 75600 77897 75014 74815 76084 75563 74807 76658 76358 75448 77065 76308 76167 76881 76666 75638 75127 77443 76847 76660 77279 74195 75604 77586 75393 75731 78004 
73543 74483 72698 73344 72531 73993 75207 73497 73382 74288 74008 74390 74472 74127 74097 74838 74247 74088 74894 73661 73281 74617 76053 73488 73928 72887 73651 72930 73489 73139 
72621 73532 72202 72683 72874 73038 72302 73237 72303 72437 72156 73171 73277 72498 72800 74286 72426 73239 73478 73213 72583 72361 72154 73168 72837 73459 73987 73393 72352 73995 
72906 72969 73243 72121 72510 72405 72028 72304 72341 72516 73099 73341 72094 71984 72805 72688 72771 73278 71385 73504 71745 72303 71888 72444 71983 72512 72721 72397 72213 72709 
72606 72817 71727 73291 70670 72664 72386 71993 72350 71288 71915 71796 72305 71004 71480 71469 72407 72230 71280 72942 71707 71038 72191 71617 73018 71753 71765 71050 72921 72250 
68199 70098 69148 70694 68538 69583 69424 69583 68856 71825 70914 68351 66837 68824 72198 71236 69950 70442 70055 69705 68840 69829 69505 70976 71322 69763 69011 69672 67026 69068 
64241 67765 68055 68678 68648 67821 67187 66904 68133 67431 66919 66917 69498 67776 69172 67745 66823 67515 65926 67374 68734 67164 64219 65755 68257 69264 67838 68507 69857 66934 
65484 63591 67185 64158 66690 65472 64680 64943 62157 66730 67015 64637 63577 65772 64532 64945 65514 69080 65384 63766 66641 66973 63552 67280 63959 65716 67074 66677 66101 68662 
62073 64058 59235 64489 62141 62104 64144 62192 62487 60927 66422 63117 63576 63896 63493 62883 61139 61870 62485 64284 63781 63727 64133 62702 63225 63536 62948 62509 63646 65376 
57532 63447 58637 62455 61159 60139 58671 63836 62324 59984 63871 60913 61844 62070 59363 61603 62803 63345 63862 59373 61049 58179 60418 62194 62371 62463 59958 60417 61260 58923 
60877 58860 59505 58939 61445 59436 60891 58712 60443 60486 57710 58851 61725 61722 59932 58135 58865 60186 60713 60218 59835 61602 59989 61711 62534 60829 61663 63583 58121 59726 
57906 61173 58196 59026 57827 60523 59600 61654 57957 56848 58192 57848 59408 59976 58704 59173 58746 58627 60030 59065 59573 59562 57904 59066 60127 60972 58765 57715 59156 57347 
57768 57918 57326 58319 57864 59509 59042 58964 57453 56409 56251 57299 59225 58303 58500 56155 58289 59249 57176 56531 57389 58569 58214 58322 59077 57957 57756 57832 58026 58116 
57529 56200 58814 56584 56834 56838 57134 58509 57991 56770 57463 57063 58317 56473 56868 57160 56565 56461 58155 57970 58631 56846 58313 57419 57866 56865 57640 56385 58219 56715 
58329 56629 57777 56126 57380 57715 56964 56930 58306 57404 56377 58177 56172 58671 56893 57789 56477 58032 57994 58031 56555 57634 58516 57467 58538 56029 57056 57540 56214 56283 
56827 56518 55935 56838 58011 57180 56563 57778 57518 56685 56248 58082 56799 57617 56523 58267 57692 57169 57244 56358 56710 56642 56423 56971 58413 55963 55874 57163 57321 57868 
248586 246444 248754 247048 250845 249046 246479 249925 249495 249049 248743 249568 251945 248706 245801 249672 247877 250084 249597 245852 247667 249943 250952 247377 250119 243505 247213 249612 248344 247130 
151126 156117 153355 150388 153973 155425 154540 153011 154629 154216 152738 152836 153235 149179 152850 155132 150391 154932 151218 152081 151924 152210 153968 153183 154679 154356 154197 154424 154717 152720 
111682 110363 110319 109730 110820 108217 110332 107563 112509 110989 110813 108126 110483 110856 109592 112997 111331 111853 111234 110261 108706 110448 109432 110071 108352 112708 111071 111584 113316 111825 
90610 88992 87787 89795 88244 89053 90327 87420 89754 88321 90737 91113 88652 88766 87135 88464 88342 89384 90558 87847 91447 89055 89774 88161 87330 88746 89119 86494 88544 88314 
76213 75521 75502 75028 75581 75240 76142 74946 76131 73868 75314 76120 76860 76273 76324 75796 73826 75998 75757 75913 76785 75655 75519 75012 76299 75455 74852 73764 75609 74782 
66775 68762 66620 66407 67109 65736 64203 66825 67172 65628 67051 67794 66099 65989 66426 65820 67327 67081 67435 66638 68426 67479 68283 64876 66590 66029 68082 65599 66392 68059 
60404 62048 59970 61439 61227 60361 61210 61304 60348 60983 60879 60202 60503 61097 60427 60659 62381 61322 61615 60970 60441 60899 62471 60870 59306 59810 60527 60536 59929 61276 
56728 56231 56003 56780 56193 57133 55594 56279 56058 55929 55589 55951 55615 56883 56735 56794 55529 56546 56149 56847 56615 55389 55938 56430 55789 57175 57300 56130 56798 57067 
53023 53461 53292 52293 53106 53130 51762 53032 52759 53461 52897 53764 53109 52711 51718 53086 53324 52979 52521 52845 52608 52835 51890 53258 53011 52551 52862 52403 53474 52744 
50338 49903 50031 50297 49820 50351 50034 49878 49725 49486 50084 50978 49201 49297 50549 50176 50871 50786 50004 49672 50419 50733 49053 51426 49900 50455 50933 49432 50007 50210 
47533 48317 48957 47838 47421 47700 48021 48287 47292 48986 47734 47225 47285 47800 47421 48046 48257 47682 47629 48171 48549 47896 48179 48180 47563 48155 48282 47569 47267 48088 
45552 45912 47500 45801 46160 45965 46509 46321 47021 45825 45914 46449 46567 45265 46122 46305 46317 46265 45376 45741 46250 46664 45062 46098 46138 46378 46465 46083 46670 45746 
44642 44503 44302 44288 44447 44184 44137 44693 44409 44517 44135 45006 44191 44537 44809 44369 44396 44770 44395 44620 44768 44891 44374 44436 44047 44679 44444 44766 44440 44930 
43064 43010 42885 43472 43113 42679 43008 43531 43195 43251 43602 43417 43147 42658 43324 44180 43187 43016 43129 43001 42882 44193 43756 43354 42528 43710 42989 43267 43804 43225 
41228 42060 42033 42521 41878 41739 41323 41993 42338 41605 42169 42189 41677 42379 42145 42371 42033 42644 42236 42038 41894 41799 42654 41925 41739 42477 41952 41793 41973 41984 
41414 40937 40909 40904 40897 41426 41132 40121 41284 41004 41209 41341 40895 41817 41199 40844 40770 41134 40867 41186 41356 41127 40910 41497 41454 40044 41153 41145 40578 41130 
40011 40384 39724 40321 40399 40374 39963 40414 40142 39624 40168 40944 40005 40048 39429 39839 40472 40108 40218 40005 40070 39392 40094 39904 39804 39605 39884 40192 40390 39195 
38985 39328 39248 39558 39488 39313 39318 39190 39267 39236 39160 39327 39801 39447 38935 39213 39133 39085 39064 39911 38964 39264 39122 40284 39574 39520 39203 39461 39602 38628 
38896 39338 38725 39010 38885 38188 38591 38703 39055 39285 38709 38756 38664 38683 38703 38857 39168 38443 39305 38260 39225 38849 38849 38721 38577 38656 38400 38465 39165 38662 
37989 38044 37525 37859 37840 37816 38373 38527 38480 37812 38090 37976 37565 38742 38299 37735 37569 38356 37708 37697 38384 37965 38219 37698 37704 37207 37772 37812 37545 37702 
37500 37309 37464 37076 37533 37624 37574 37764 37262 37558 36956 37544 37665 37608 37211 37274 37201 37087 37640 37489 37134 37388 37086 37088 37907 37219 37512 36881 37311 37240 
311072 310499 311673 312129 310598 309420 307368 313231 311666 308849 311316 309815 310698 309251 311144 310468 310936 307834 309361 308328 313271 309703 312079 310753 309425 311213 309554 311098 313194 310313 
82819 84717 83484 82872 84757 83474 83833 83867 83329 84339 83552 83231 82337 82632 82117 84815 80349 83095 82100 83463 82008 83549 83029 83822 83962 84462 83807 84087 83708 82286 
62776 62084 61925 62177 62480 61507 61817 61248 62757 62713 62797 61944 61990 62325 62117 62784 62278 62606 62631 62157 61710 62025 61909 62170 61554 64138 62910 61825 62893 63124 
52858 52274 51742 51975 51974 52068 52564 51892 52257 52019 52680 52404 52107 52059 51553 52024 52165 51932 52610 51700 52739 51428 52369 52079 51440 52224 51889 51082 51986 52482 
46065 45167 45798 45412 45659 45547 45406 45370 45383 44951 45428 45739 46017 45637 46152 45431 44750 46190 45790 45962 46015 45547 45645 45159 45857 45510 45174 45042 45934 45298 
41191 41913 41282 41186 41729 40927 40444 41272 41374 41053 41445 41671 41054 41356 41176 40584 41095 41749 41688 41300 41535 41454 41707 40568 40660 41034 41868 40908 40851 42063 
38030 38815 38147 38244 38297 38115 38657 38448 37708 38764 38645 38085 37901 38475 37950 38614 38974 38315 38496 38115 38345 38401 38715 38198 37919 37719 38136 38204 37873 38262 
36021 35823 35223 36103 35807 36302 35498 35788 35418 36081 35530 35842 35806 36136 35793 35868 35193 36048 35612 35496 35617 35583 35609 35889 35614 35711 36060 35751 35728 35858 
34041 33733 33831 33546 34021 34095 33463 33594 34020 34355 33656 34309 33642 33672 33514 34072 34335 33842 33380 33588 33820 33926 33239 34079 33875 33911 33920 33612 34137 34067 
32255 32040 32539 32172 32367 32391 32408 32484 32266 32252 32640 32824 31941 32133 32324 32446 32668 32301 32129 32083 32395 32554 32086 32362 32656 32517 32682 32212 32868 32153 
31060 31342 31297 30973 30744 30919 31131 31269 30960 31386 30961 31008 30768 31115 30859 31015 30976 31233 31081 31165 31182 31046 31050 31119 31364 31261 31174 30803 30854 31237 
29513 29908 30421 29754 30068 29833 29993 30175 30075 30071 29935 30147 29890 29843 29977 30074 30108 29888 29748 29955 30041 30100 29770 29959 29946 30133 30404 30185 30338 29836 
29064 29160 29415 28754 29337 28971 29057 29074 28821 28895 28892 29142 29026 29051 29248 29068 29138 29168 29138 28979 28950 29085 28851 29139 28623 29157 29166 29058 29085 29405 
28353 28178 28262 28659 28030 28048 28357 28392 28206 27940 28452 28034 28433 28322 28613 28460 28290 28128 28135 28138 28378 28526 28585 28186 27983 28166 28205 28112 28465 28123 
27484 27839 27429 27654 27577 27515 27255 27709 27719 27580 27594 27431 27505 27574 27581 27682 27656 27775 27670 27378 27549 27285 27758 27554 27668 27649 27625 27519 27670 27449 
27120 26916 26923 26982 27005 27076 27082 26945 27059 27061 26749 27019 27160 27223 27151 27073 27143 26869 27093 27089 27192 27246 26953 27068 27224 26764 27053 27022 26967 26942 
26492 26493 26255 26428 26607 26549 26455 26494 26591 26278 26614 26855 26418 26427 26342 26672 26641 26558 26649 26323 26532 26483 26508 26466 26515 26455 26518 26403 26573 26139 
25649 26050 26005 26179 26141 26246 26159 25878 25859 26009 26036 26001 26062 26141 26164 26033 25995 26045 25686 25889 25860 25996 26082 26083 26229 26089 26032 26146 26258 25958 
25742 25686 25594 25651 25701 25544 25735 25669 25737 25728 25607 25535 25617 25434 25637 25681 25817 25634 25857 25619 25936 25594 25566 25732 25571 25520 25639 25506 25945 25583 
25204 25250 25240 25361 25137 24990 25624 25408 25510 25306 25194 25257 25160 25511 25299 25233 25043 25280 25170 25311 25406 25195 25123 25108 25321 25038 25279 25076 24955 25308 
24931 24867 24988 24884 25053 25013 24992 25159 24851 24983 24893 24998 25085 25183 24846 25146 24964 24858 24949 24835 24971 25109 24836 24755 25079 25081 24929 24717 25017 25060 
379555 361608 367585 370951 381243 368406 367887 376876 378141 365666 374424 375092 362100 374243 370972 366987 361754 364097 362205 381296 359414 369075 359315 371326 371199 361105 367237 372283 372163 367235 
90846 91465 91046 91442 92128 90734 91071 91509 89425 91588 90569 89328 88359 90095 89247 92102 86579 91570 89606 90360 88923 91558 89437 90669 90921 90943 90398 90822 91190 89371 
69579 67527 69068 68677 69202 68129 68516 67965 68377 70356 69384 68051 68804 68786 68667 69460 69415 69213 69442 69472 68584 68889 68679 68774 68342 70114 69352 67298 70039 68813 
59365 58760 58181 59389 58286 59100 59218 58287 58969 58425 59158 59055 58334 58134 58292 58219 58810 58901 59886 58306 59468 58519 59611 58511 58286 58466 59031 57678 58554 58478 
52662 51493 51774 52244 52905 52013 51991 52607 52430 51490 51945 52512 53190 52264 52791 52406 51966 52492 52304 52656 53156 52759 51765 51631 52099 52088 51867 51363 52822 52126 
48075 48262 47922 47159 48584 47719 46960 47556 48198 47467 47971 48853 47557 48042 47894 47701 47767 48080 48216 47684 48375 47993 48745 47458 47646 47400 48332 47377 47654 48526 
44882 45346 44502 44872 44935 44403 45461 44998 44153 45130 45277 44856 44881 44902 44406 45302 45466 45272 44949 44734 44778 44840 45445 44554 44872 44010 44734 44677 44209 45426 
41994 42427 41712 42547 42626 43149 41577 42299 42189 42346 41833 42481 42523 42536 42119 42555 41533 43006 42339 42132 42075 42055 42541 42197 42103 42508 42582 41433 42153 42880 
40356 40014 40262 40024 40874 40602 39736 39883 40273 40824 40071 40533 40483 40120 40094 40415 40820 40283 39466 39688 40141 40030 40203 40159 40238 40297 40604 40043 40557 40358 
38602 38499 38741 38673 38665 38720 37700 38401 38667 38435 39311 39427 38735 38519 38237 38737 38442 38161 38813 38833 38209 38915 37972 38861 38497 38716 38391 38393 39042 38471 
37342 36887 37550 37321 36936 37212 37426 37558 37139 37561 37438 36900 36565 37304 36806 37261 36549 37117 37197 37377 37402 37128 37413 37529 37327 37213 37193 37130 37312 36933 
35627 36125 36189 35938 36078 35275 36094 36023 36269 36113 35948 36386 36076 35875 36286 36212 36591 35924 35566 35589 35934 35986 35743 35771 36023 36438 36432 36026 36677 35745 
35077 35135 35072 34737 35088 34660 34809 35347 34918 34867 34753 35006 34823 34708 35064 35084 35122 34709 34762 34507 34742 35558 35099 34759 34775 34837 34668 34899 34931 35160 
33688 34240 33849 34501 33892 33768 34078 33753 33994 33722 34757 33949 34060 33595 34443 34371 33798 33643 33645 33663 33762 33747 34388 34029 34071 34024 33762 34105 34291 33540 
32933 33279 32688 33254 32632 33379 32706 33541 33385 33141 33116 33642 33303 33344 33424 33488 33143 33226 33319 33454 33521 32761 33248 33333 33105 33345 33252 33160 33442 33211 
33280 32638 32220 32681 32222 33047 32576 31963 32355 32670 32157 32663 32152 32691 32783 32523 32378 32429 32702 32734 32692 32561 32483 32522 32645 32535 32642 32370 31908 32343 
32096 31831 31488 32351 32154 31826 31657 31873 31817 31611 32141 32183 32050 31906 31974 32098 32120 31630 31987 32035 32003 32122 32205 31768 32150 31582 31951 31835 32182 31131 
31075 31300 31358 31217 31433 31275 31880 31379 31018 31237 31507 31067 31364 31807 31196 31272 30849 31033 30933 31783 31096 30840 31243 31691 31574 31428 31293 30955 31641 31248 
30717 30958 30893 30784 30972 30421 30992 30648 30888 30623 30728 30308 30491 30887 30646 30666 30911 30686 30866 30754 31117 30523 30595 30865 30657 30593 30642 30390 31077 30834 
29996 30202 30122 30313 29999 30088 30605 30369 30675 30277 30512 30239 30272 30798 30283 30106 30342 30382 30083 30485 30545 30107 30430 30188 30042 29643 29937 29850 30038 30326 
29482 29667 30137 29645 29743 29607 29558 30241 29673 29781 30088 29829 30113 30216 29790 30048 29732 29633 29313 29445 29725 29875 29685 29665 29943 29970 30074 29428 29720 29608 
309331 308911 310770 311589 310836 310225 309316 309856 310279 309711 311325 309207 310211 309508 309329 308858 310103 308480 308230 308159 310993 309759 309746 308356 309451 309945 309337 309473 308229 308726 
80219 81635 81005 79460 81344 80908 81503 81076 80728 81441 79749 79887 79574 80121 79688 81800 77851 80568 79183 80717 79754 80546 80799 81254 80822 81270 80733 80895 81862 79316 
62237 61281 61001 60965 61687 60686 60951 60080 61876 61936 61520 60862 61326 61379 61161 61832 61595 61677 61872 61206 61262 61452 61115 61141 60959 62662 62346 61248 62055 61806 
52772 52421 51699 52403 52270 52005 52623 51791 52550 51791 52501 52419 52172 51923 51512 51985 52114 52061 52156 51820 52821 51959 52300 52043 51118 51974 51751 51158 52125 52114 
46417 45914 46327 45975 45970 45942 46218 45880 46303 45627 45756 46221 46939 46019 46682 46274 45615 46401 46340 46497 46184 46296 46227 45814 46599 45830 45552 45617 46033 45717 
42077 42539 42353 41999 42745 41880 41480 41991 41945 41303 42221 42190 41753 41725 41775 41543 42314 42399 41916 41970 42855 42536 42046 41608 41737 42116 42397 41663 41597 42872 
39017 39820 39031 39672 39287 38972 39383 39338 38914 39507 39642 38998 38988 39363 39042 39306 39814 39467 39352 38981 38996 39450 40022 39129 38978 38542 39255 39021 38765 39171 
37129 36770 36479 37216 37023 37457 36487 36846 36725 37098 36211 36989 36517 36736 36795 36726 36356 37287 36849 36797 36676 36581 36744 36994 36574 37271 37065 36979 36621 37458 
35280 35277 35164 34912 35499 35266 34637 35112 35130 35569 35150 35522 35086 35169 34705 35267 35240 35008 35046 35267 35222 35041 34746 35053 35348 35022 35386 34736 35162 35218 
33571 33568 33620 33691 33773 33982 33451 33911 33534 33654 33794 34087 33332 33469 33585 33798 33718 33550 33514 33475 33456 33989 33169 33750 33863 33804 34055 33629 34087 33615 
32378 32790 32464 32397 32208 32134 32576 32461 32338 32810 32401 32300 31976 32425 32223 32684 32366 32424 32602 32384 32536 32365 32438 32540 32468 32528 32813 32266 32047 32643 
30895 31556 31740 31344 31243 31185 31472 31498 31526 31278 31307 31582 31467 30992 31271 31472 31528 31487 30950 31298 31485 31666 31217 31363 31344 31614 31633 31329 31576 31182 
30534 30567 30709 30260 30609 30366 30322 30627 30282 30453 30280 30456 30238 30558 30717 30601 30665 30552 30737 30245 30636 30625 30369 30427 30396 30623 30643 30465 30517 30818 
29716 29644 29757 30190 29608 29621 29890 29750 29814 29579 29946 29567 29843 29630 30097 30201 29538 29632 29738 29692 29822 30065 30273 29803 29494 29832 29611 29714 30072 29431 
28949 29381 28928 29273 29051 28974 28769 29421 29252 29076 28984 29239 28969 29059 29098 29117 29186 29476 29234 28933 29217 28979 29182 29309 29047 29074 29082 29080 29134 29069 
28762 28369 28505 28510 28493 28643 28653 28407 28565 28548 28431 28551 28517 28831 28877 28623 28457 28654 28624 28530 28832 28680 28476 28758 28852 28299 28570 28474 28408 28375 
27909 28099 27939 27983 28228 28230 27977 28038 28171 27846 28087 28254 27977 28010 28017 28027 28111 27967 28079 27876 28076 28055 27877 28113 28085 28005 27925 27903 28107 27663 
27314 27630 27495 27813 27746 27435 27644 27552 27549 27577 27608 27434 27510 27828 27679 27362 27584 27677 27382 27501 27444 27455 27507 27801 27655 27397 27406 27705 27638 27343 
27202 27387 27092 27392 27323 27146 27292 27000 27341 27242 27234 27079 27182 27080 27155 27075 27498 27200 27396 27085 27490 27176 27090 27161 27107 26770 27116 27099 27352 27137 
26827 26673 26581 26862 26698 26567 26988 26818 26912 26734 26604 26667 26514 26993 26776 26736 26504 26861 26883 26855 26928 26660 26756 26477 26714 26316 26759 26661 26717 26678 
26481 26366 26449 26223 26446 26410 26481 26701 26457 26294 26375 26465 26444 26439 26446 26490 26552 26371 26487 26299 26474 26600 26382 26338 26656 26486 26397 26091 26524 26430 
