MergeSort QuickSort TimSort OESM Cook_Kim LIS BothAlgo  
8 21 10
1180442 1179557 1173467 1178985 1173427 1176608 1174935 1171743 1177897 1171620 
979989 981112 981512 980033 980278 981815 980966 979683 980861 980454 
940574 941657 941029 941197 940945 941537 940853 939714 941750 940442 
920346 920654 920317 920633 920997 920432 920429 921106 921614 920319 
906953 907172 907113 907690 907002 907277 907447 907498 907684 906794 
897646 897996 897759 898403 898398 898606 897617 897704 897856 898104 
891563 890930 891450 891288 891478 890934 891324 891318 891191 891437 
886196 885918 886083 886334 886161 885983 885839 886236 886031 885896 
881631 882156 881799 881718 881700 881710 882208 881897 881774 881482 
878243 878330 878274 878457 878462 878349 878398 878246 878158 878500 
875904 875958 875871 875632 875899 875966 875911 875921 875683 875246 
873041 873272 873459 873321 873461 873457 873359 873097 873124 873145 
871587 871180 871405 871151 871312 871704 871617 871298 871465 871325 
869852 869883 869746 869767 869807 869742 869530 869813 869853 869970 
868504 868284 868407 868329 868311 868346 868411 868232 868291 867989 
867084 867207 866965 866945 867384 866795 867136 866862 867189 866916 
865956 865956 865846 865709 866023 865995 865939 865742 865928 865824 
865061 865058 864935 865263 865242 865013 864919 865096 865230 864958 
864303 864277 864273 864360 864079 864206 864083 863869 864237 864145 
863439 863575 863269 863554 863370 863482 863561 863550 863349 863365 
862731 862668 862929 862709 862791 862941 862720 862815 862591 862755 
1988023 1914538 2008925 2028242 2024126 2182187 2067926 2100891 1969397 2034579 
1971676 2192253 2017612 2125949 1963615 2036710 2111606 1989504 2036535 1948533 
2008367 1987147 2143973 1905953 2043531 1972028 1948973 1899426 2155529 1985938 
1993920 2002910 2097116 2012096 2035071 1991910 1966064 1938137 1981962 2258889 
1995610 1977813 1939943 2154908 1967810 1929759 1931015 1909835 2035664 1984950 
2145476 1980555 1984045 1968239 2007436 2025541 1962268 2287208 2022403 1979535 
1939062 1973733 2162217 2059717 2038945 1995518 2154012 2132719 1943816 2028399 
1999072 2214284 2055225 1989603 1966585 1987857 1967589 2058848 2030569 2095350 
2065825 1940957 2020024 1982779 1978486 2061022 1974870 2180573 2017423 2011902 
2020080 1944139 2026331 2055108 1938557 1960537 2075817 2105694 1944143 2078643 
1984285 2003863 2118375 1966121 2042589 1979275 2013185 1984916 2011942 2015162 
1961184 1939960 1957601 2058358 2005126 2015756 1988509 1975230 2007134 2003032 
1981883 2012273 1917581 1948741 1923465 2020917 2073933 2020857 2083703 2011894 
1961995 2110630 2061121 2074770 1941378 2039041 2026747 1937177 1973309 1932092 
2167968 1987846 1998879 1896526 1959675 2055497 1990071 2025001 1989247 1946175 
2061373 2062188 2059006 2015330 2175235 2072885 1987728 2102886 2019019 2081975 
1990272 2005248 1967379 1935600 1980713 1960570 2053571 1924032 1985839 1959100 
2080815 1963256 1974923 1969485 2003678 2062768 2021990 2094133 2021069 2051210 
1951338 2047075 2009673 2000892 2023827 1988009 1949216 2050828 1949711 1994635 
2000894 1956401 2094821 1938326 2028299 1936727 2060805 1964907 2018029 1965353 
2019817 2004071 2020604 2002458 1968473 1947194 1948327 2041117 2047680 2027446 
1669813 1674369 1664473 1671782 1665146 1675481 1675030 1665904 1669590 1673675 
1214750 1221233 1223366 1217675 1218275 1220967 1221788 1215886 1219443 1217322 
1051107 1052995 1051607 1050823 1053197 1053595 1052987 1050042 1051639 1051739 
962736 963389 961928 963431 965398 960942 959032 963054 966367 961895 
904872 908527 905629 907122 905761 906747 906601 909958 910160 904758 
868242 870691 867214 871921 872066 872082 868423 868852 870413 869355 
845395 843512 845631 843629 845493 843282 843677 844198 844160 843760 
825613 824801 825507 826200 825000 824534 823677 825201 825493 824541 
809876 811153 810667 809143 809477 811072 811915 809878 810518 809194 
798309 798581 798137 798854 798878 799081 799454 798952 798600 799865 
790393 790346 790151 790204 789974 790407 789744 790863 789596 788695 
782427 782460 783193 782768 782928 782759 782451 782374 781860 782691 
776480 775882 775980 775237 776058 776725 776612 776074 776526 776171 
771706 771397 771132 771489 771520 771082 770573 771693 771173 771720 
766863 766414 766150 767002 767049 766875 766930 766911 766297 765576 
763032 763079 762797 762262 763541 762595 762957 762303 763118 762936 
759884 760062 759618 759119 759619 759869 759755 759194 759742 759404 
756772 757223 756448 757453 756913 756673 756508 756792 757032 756851 
754668 754133 754693 754516 754140 754398 754144 753936 754729 753802 
752153 752194 751904 752073 752024 752257 752315 752417 752077 752079 
750200 749655 750367 749854 750033 750224 750210 750256 749733 749953 
1266471 1265406 1260157 1263771 1261122 1266993 1265095 1262150 1264018 1260976 
1059422 1071870 1063190 1056111 1060082 1066883 1060381 1054184 1062159 1061494 
1004286 1001538 1010269 1004327 1003395 998780 1000483 998512 1007052 1003273 
911601 915537 911562 919692 909002 902891 910866 922024 920490 907266 
877511 882729 875759 878840 874726 873344 878416 879993 875732 872431 
871432 871851 863260 865129 867092 872585 878657 873938 864866 873696 
857668 842469 863904 845063 849530 842271 855262 850264 829630 844544 
805654 808418 787926 785707 796978 797085 801646 787791 811764 804217 
744727 745168 747908 744303 749108 749725 755250 770929 761684 741535 
730211 736796 726693 727910 720959 725787 727900 725831 722777 742089 
718915 720321 723607 716454 712637 724068 715493 724674 726024 711619 
718534 721410 717065 718483 717988 713521 715904 713355 715248 717393 
711997 721643 719974 715120 718876 714231 716806 718553 714759 720097 
719284 715703 717348 716816 716926 722085 722809 719287 721932 716868 
721209 735791 715248 728107 713574 724640 719117 725961 720855 716598 
721634 705646 702538 710239 706856 710506 713321 715282 694127 719611 
692927 713049 701598 683222 694551 696192 688033 685858 680599 699679 
676911 681201 680772 667527 677018 647776 665224 672842 657717 678259 
675222 637827 660111 659033 632794 654878 615226 627319 656263 651708 
609798 613024 630837 635491 650675 622289 626291 611728 632187 608459 
644470 588939 604818 603936 625264 617495 620579 614091 606961 597989 
3192046 3185414 3193203 3189199 3184853 3193885 3194130 3191606 3189463 3189646 
1641337 1659682 1666677 1639864 1637929 1664400 1647768 1644507 1649378 1644651 
1098348 1106214 1103150 1099732 1102082 1108659 1097430 1094698 1104719 1095524 
854769 856212 848221 852900 855712 848174 846321 851033 859434 846538 
707143 710622 705259 711347 702217 705098 706916 714310 714820 701705 
614464 616659 610613 618280 619526 619909 614187 612527 615620 614065 
556074 554044 554212 553378 560016 552240 553522 555931 555301 554555 
510776 508768 507202 512432 508363 508704 506759 510368 510300 508954 
473628 478057 476112 471361 471743 475529 480733 474087 475285 472261 
447101 449684 447117 448358 448470 449352 449006 449898 450016 450199 
429026 427655 427558 427282 428613 428656 425780 430878 426134 425648 
411114 409694 411554 410974 410770 411844 409872 410751 410019 410895 
396760 395844 395399 395584 396363 397916 396313 394786 396501 396055 
385290 384276 383854 383963 385510 383425 383703 384310 383377 384510 
374041 372589 371043 372928 374247 374309 373473 374021 371924 371042 
365323 364348 363934 363256 366267 363774 364396 363075 364684 364354 
356943 356997 356586 356031 356041 357193 356787 354875 357396 355430 
348846 350567 348173 351058 349771 347918 348500 348845 350638 350160 
345279 344523 345611 343005 343214 342976 342571 341624 344245 340689 
337187 338861 337397 337190 336828 337269 338525 339215 337397 336270 
332308 330816 333803 331012 331684 333036 332446 334235 332271 332024 
1329368 1340343 1313523 1329481 1321246 1335946 1335050 1315718 1324598 1316829 
611715 618468 618037 612872 612971 618793 614835 614039 615216 613794 
483103 484989 484089 484263 483514 485782 482944 482096 484736 482549 
418178 417986 417406 419225 419462 417458 417515 418485 420286 418381 
374494 377405 375183 376901 374212 376399 376047 377518 377384 373998 
345588 346439 344667 346931 347302 346836 345523 344842 345776 346119 
325342 324013 324351 323984 325502 323540 324648 324889 324619 324046 
307959 307266 306882 307763 307003 306570 306271 307806 307135 307088 
292610 294426 294022 292352 293118 293940 294764 293321 293443 292468 
282002 282283 281888 282241 282278 282391 283630 282675 282374 283028 
273772 273754 273626 273892 273207 273278 273149 274203 273263 272526 
265559 265706 266325 265996 266011 266013 265582 266072 265327 265836 
259307 258770 258841 258409 259276 259737 259489 259029 259429 258983 
254218 254201 253919 253778 254346 253687 253216 254251 253799 254401 
248904 248601 248260 249048 249369 249261 248927 249163 248531 247943 
244855 244943 244585 244186 245451 244305 245091 244098 244764 244685 
241382 241440 241313 240734 241013 241102 241012 240523 240920 240688 
237572 237930 237299 238309 237662 237302 237343 237854 237744 237747 
235003 234615 235344 235096 234479 234846 234637 234395 235262 234448 
232172 232369 232040 232165 232046 232458 232536 232685 232354 232264 
229844 229338 230112 229716 229894 230087 230115 229952 229577 229815 
2169775 2204685 2149366 2174684 2166357 2190628 2167422 2137669 2157467 2142835 
863319 876175 876760 868438 863003 875368 869815 867160 869698 866165 
656826 659122 660558 659049 654639 661172 656644 654997 662072 654804 
558095 557844 557146 561087 559611 556410 555860 555583 559885 557630 
491726 496952 490723 494686 491904 493609 493565 493752 494120 491112 
448611 448341 445335 451240 451587 451352 448930 448549 449725 448807 
417146 416914 418162 416431 418729 415156 417348 417402 419209 416219 
393135 391123 391322 393043 391872 389610 390054 391656 391499 391919 
369705 370404 371537 368938 370093 371511 372704 369294 370731 368557 
353494 353518 351959 352735 352951 353689 354923 353066 354039 353789 
340853 340364 340574 339338 338726 338965 339540 341475 340452 339163 
326863 327284 328596 326954 328491 328022 327955 328851 326960 328086 
318638 316867 317290 316286 317617 318440 317774 316886 318051 316772 
309530 309929 308860 308718 309238 307982 307573 309098 307404 309787 
300196 301263 299548 301046 301551 301055 301401 302068 300215 298822 
294559 295017 294437 292331 295103 293167 293927 293538 293700 293452 
287245 288687 287991 287244 287955 288101 287523 286965 288169 286998 
281377 282448 282131 284075 282629 281237 281545 281917 281522 281842 
277033 277037 278377 277551 275901 277280 276779 276094 277018 275855 
272783 272648 272033 272351 271944 272526 272850 273644 272737 272368 
268017 267503 269140 267838 268134 268748 268356 268970 267294 269090 
1821258 1836255 1793630 1820114 1809919 1829089 1828564 1803466 1815558 1802451 
754196 763911 765999 754776 754724 763678 760089 756645 759951 759338 
568039 570911 571158 569019 569142 571853 568647 565571 570337 568486 
479118 479513 477405 479803 480628 477586 476688 479233 483091 477984 
421070 423258 421451 423586 420771 421245 422491 424409 424647 419704 
382511 383274 381341 384511 384734 385183 383242 383314 383529 383550 
355707 354803 356989 354907 357471 353999 355598 355819 354936 355776 
335102 334355 334702 335097 334138 333554 333254 334302 334285 333880 
316763 318883 317944 316662 316961 317819 318628 316799 317575 315699 
303240 302992 303994 303970 303657 303940 304448 303812 304010 304596 
293559 293758 293373 293377 293394 293927 293264 294380 292617 291580 
283418 284031 284826 283968 284518 284612 284225 284174 283403 284380 
276399 275422 275905 275244 276108 277218 276880 276188 276836 275966 
270976 270413 269708 270090 270340 269308 269159 270203 269158 270653 
264491 263659 263610 264352 264658 264016 264521 264504 263327 262636 
259608 259157 258851 257980 259875 258871 259100 258291 259297 259283 
254681 255204 254934 254205 254688 254932 254881 254196 254975 254275 
250978 251598 250638 251692 251061 250871 250609 251101 251259 250972 
248255 247477 247938 247822 247319 247544 247383 246682 248151 246830 
244541 244645 243975 244398 244313 244337 244798 244773 244483 244407 
241618 241099 241801 241131 241312 241695 241828 241940 241099 241175 
