MergeSort QuickSort TimSort BlockMergeSort OESM Cook_Kim LIS LIS_small LIS_treap             
120514 81908 77773 75713 74347 73258 72551 72168 71561 71408 71064 70821 70612 70427 70380 70114 70165 70008 69895 69775 69748 
163849 153560 147963 152546 153653 166692 167464 146605 153684 151291 154968 155650 159496 151425 165249 146334 158277 156315 187246 162733 153136 
171105 106378 88741 80295 73946 69989 67421 65826 64140 63211 62407 61416 60817 60287 59966 59386 59314 58951 58798 58493 58246 
127023 85629 78773 75243 72099 70096 68176 67265 65930 65288 64593 63900 63345 62981 62648 62227 62091 61804 61713 61426 61210 
126102 94197 88333 85900 79612 74855 74575 72828 73594 72929 68955 64919 62030 60265 58091 58191 57564 57298 56895 56436 55883 
246241 149490 104661 83634 68033 60032 53340 50371 45366 43149 41664 39247 37636 36551 35380 34195 33764 33210 32525 31530 30981 
288469 73364 54305 45713 40276 36495 33242 31801 29484 28605 27742 26359 25569 25186 24641 23961 23717 23183 23054 22713 22329 
221722 63595 47486 39851 34876 30939 28062 26405 24109 22796 21700 20220 19162 18624 17923 17049 16751 15971 15776 15211 14678 
356130 88723 66489 56285 48746 44203 40519 38704 35943 34165 32977 31480 30009 29703 28763 27830 27304 26575 26435 25709 24906 

