MergeSort QuickSort TimSort OESM Cook_Kim LIS LIS_treap BothAlgo 
18670768 11471646 11048875 10826137 10681709 10577756 10500933 10441190 10392004 10353001 10319204 10291366 10267600 10246653 10228857 10213467 10199547 10187498 10176626 10167160 10158620 
24682953 24885558 24813834 24808904 24266898 24747644 24458701 24617903 25334951 24720578 24889588 24560152 25663314 24364064 24638889 24598595 24961109 24993704 24508458 24901699 24286493 
23469172 13586585 11835730 10899290 10326684 9948640 9689314 9497501 9350171 9237983 9145469 9072093 9011510 8959321 8915325 8878979 8847584 8818649 8794846 8773934 8755363 
19201643 11769202 10424026 10223127 9513042 8828776 8625490 8652999 8724040 8390876 7860168 7416559 7220023 7131163 7058353 7085104 7101207 7136506 7201628 7212680 7078177 
39789562 18432695 11617834 8688805 7091322 6100768 5451232 4980650 4623721 4351465 4128360 3947872 3798491 3670234 3559040 3466364 3386958 3310725 3248544 3192553 3141286 
51800196 8744246 6431997 5285324 4567947 4078712 3721075 3452770 3238482 3071299 2930480 2817204 2721956 2638646 2569156 2509466 2457968 2411237 2371768 2337608 2306883 
63775847 8873629 6648890 5573046 4901646 4436840 4094666 3825491 3610027 3434286 3283244 3158570 3048894 2953966 2871210 2797054 2733261 2673315 2620351 2574128 2532060 
50893410 7974018 6068546 5171406 4639951 4287694 4045598 3866927 3729262 3625023 3538841 3470088 3414097 3365653 3325119 3291871 3262947 3236388 3214520 3195233 3178491 

