MergeSort QuickSort TimSort OESM Cook_Kim LIS BothAlgo 
7 21 10
14238500 14248108 14223027 14246771 14201711 14231757 14231673 14235054 14242666 14265028 
11459642 11463404 11462926 11460627 11462907 11461841 11460860 11465096 11462915 11463966 
11049688 11049600 11051316 11051119 11050788 11049493 11048488 11052534 11049706 11053033 
10832149 10834746 10834558 10831428 10830846 10832709 10832558 10832551 10833571 10834856 
10693501 10693338 10694189 10693069 10693633 10693419 10693161 10694721 10691952 10691058 
10592887 10595054 10593531 10593182 10593635 10593471 10594749 10594229 10594108 10595307 
10518349 10519339 10518568 10518549 10519120 10519082 10518990 10520530 10519706 10519312 
10460975 10460712 10461278 10462678 10461461 10460401 10461435 10460565 10461502 10462110 
10415389 10414121 10413742 10414613 10414434 10414945 10414832 10414268 10414761 10414029 
10377301 10375437 10376714 10376688 10376727 10377745 10376548 10376506 10376459 10375682 
10343903 10343746 10344699 10344036 10344240 10344548 10345264 10345116 10344632 10344619 
10318011 10317456 10317254 10318506 10316593 10317390 10316425 10317221 10317150 10317844 
10292878 10294637 10293931 10294459 10295593 10293681 10294452 10293506 10295336 10294011 
10274547 10273754 10273738 10273538 10274081 10274141 10274414 10274855 10273586 10272998 
10256325 10257560 10256883 10256403 10257429 10256581 10256950 10258062 10257061 10256601 
10242096 10242531 10242919 10241723 10242352 10241441 10242083 10241117 10240995 10241365 
10228416 10228683 10228413 10229060 10228815 10228473 10228336 10228636 10227840 10228332 
10216737 10216070 10216375 10215856 10216424 10216473 10216196 10216170 10216215 10216187 
10205902 10205565 10205304 10205845 10206359 10205544 10206171 10205316 10205292 10206185 
10196300 10196274 10195736 10196578 10196020 10195743 10196327 10195846 10195466 10195934 
10187330 10187031 10187347 10186837 10187422 10187689 10187513 10186431 10187289 10187775 
24692608 24382150 24947164 24778439 25543473 25454972 24320662 26149905 25038307 24494934 
24886659 24397263 24563721 24336799 25207304 24737034 24352365 26415191 24380064 25029967 
25050146 25159575 24359534 24867537 24210237 24371999 25091531 24821341 24636784 24661173 
25896938 24865240 25057846 24464101 24484728 24501679 24769881 24499979 24608287 24085795 
24694846 23896175 25015217 23882611 24919392 25716047 24267354 24022924 25804877 24403153 
24262901 24696573 24818151 24027117 24434865 24581308 24792369 24020906 24445406 25370220 
23998183 24287469 24265516 24394009 24828372 24903257 24347393 25103052 24356006 23969303 
25588934 25448097 24800625 24633215 24659712 24530350 24941200 25177730 24597122 24286257 
24818512 24832582 25004243 24500203 24815261 25402152 24604691 24206494 25743823 25103775 
24063882 24143446 24698404 23993257 24895104 24053232 24402410 24225662 26557257 24271093 
24446415 25854250 23587532 24614909 25895789 24881387 25270761 25367901 25465249 24160806 
23814458 25179600 24282088 23871511 25240376 24259927 24685348 24605390 24439741 24696867 
24305236 24604229 24192356 24396293 24171269 24428117 24246111 24312703 24958615 24919541 
24096151 24223323 24325600 25624561 25410191 24924780 26290275 25038124 25032429 24606735 
24879830 26187872 24589809 25001441 24198316 23942678 26384012 25010467 24620118 24125391 
24521387 23970110 25614535 24561251 24467632 24530596 24464666 24034604 23630744 25677687 
24860789 23526895 24336887 24691422 25444166 25039440 26828318 23672570 23966837 24536129 
24699291 24563503 23700748 24352122 24148246 24146904 24872328 25276859 25128341 23612460 
25042587 25043305 25838041 24608158 24493623 24538069 25599270 25478281 25824922 25239439 
24555915 25395959 25376185 25467761 24519098 24095769 24005979 24405508 24419416 24508231 
24682203 24368787 23884090 24348247 24740069 24663252 25200030 24501808 24421614 25186129 
19059654 19067741 19044591 19040941 19009482 19042356 19021845 19037903 19026578 19030168 
13593548 13600470 13611879 13613350 13607125 13616098 13609783 13607407 13608973 13628294 
11899495 11903144 11890807 11905823 11898485 11900840 11890638 11902069 11898903 11904858 
10969309 10975041 10966043 10965562 10966832 10982192 10964534 10970986 10969725 10979815 
10407623 10402511 10408983 10403449 10401012 10402137 10403773 10413918 10402943 10399426 
10024591 10030764 10024310 10026101 10030518 10027262 10033585 10032486 10028312 10029844 
9757380 9764381 9764012 9766455 9766909 9768281 9764104 9768962 9765872 9763771 
9574709 9570685 9572621 9577911 9575803 9572037 9570214 9572079 9573727 9572917 
9426347 9425848 9424336 9427589 9425093 9428380 9426177 9423350 9425658 9425356 
9311589 9311460 9311646 9312845 9309755 9312787 9313175 9310121 9311726 9308797 
9218829 9219349 9220131 9219551 9218089 9219263 9220668 9218374 9220205 9220378 
9145021 9143624 9144869 9148206 9143110 9143014 9141676 9142867 9144442 9144397 
9078983 9082760 9081978 9081624 9084491 9079879 9081854 9080224 9082908 9082369 
9030045 9028448 9028874 9027437 9028941 9029478 9030166 9030100 9029460 9025723 
8983240 8985092 8984669 8983531 8985435 8983741 8984952 8986811 8984950 8984014 
8948712 8948787 8949374 8945870 8948449 8946845 8947195 8946040 8946410 8946459 
8914679 8914819 8913688 8913187 8915789 8913480 8912766 8915825 8912968 8913996 
8885005 8884106 8885773 8884168 8886936 8884246 8884486 8885830 8885891 8885192 
8861022 8860137 8859090 8860790 8862420 8859624 8860829 8860322 8860244 8860913 
8837996 8837952 8836383 8838226 8838151 8836760 8838673 8837509 8836426 8836897 
8818617 8817825 8818054 8818014 8817960 8817830 8818224 8816480 8817560 8817854 
15063799 15051894 15036333 15039211 15030435 15047668 15041861 15047984 15043922 15058710 
11748269 11750583 11728668 11757809 11760687 11768839 11729824 11770096 11758405 11765905 
10365334 10333113 10401687 10388183 10424214 10405845 10369570 10429729 10349946 10435493 
10183404 10215231 10246403 10189252 10225068 10213853 10213055 10205484 10231081 10185240 
9597773 9496228 9571968 9681334 9563921 9518537 9483730 9570063 9561105 9602564 
8825245 8749603 8748502 8804936 8777842 8826776 8826234 8948422 8768689 8813739 
8605898 8641322 8626468 8607910 8601920 8635392 8644276 8629292 8636953 8668688 
8658064 8641692 8632776 8644730 8638848 8671451 8658517 8654346 8672112 8673783 
8700892 8761653 8695808 8739549 8694595 8733994 8733729 8671628 8692564 8732134 
8494105 8360072 8479438 8535521 8381284 8563977 8566350 8460730 8504794 8418297 
7912977 7988594 8098735 7990480 7880754 8071175 8081948 7952364 8086606 8116270 
7746941 7481032 7628588 7557348 7282505 7588354 7407067 7402015 7619476 7489378 
7188540 7349696 7272986 7328124 7277523 7305521 7404517 7235147 7279388 7316050 
7114454 7186083 7144929 7202683 7134058 7199544 7156973 7124599 7144368 7075037 
7144761 7059622 7101534 7161845 7110778 7071473 7138043 7090334 7169850 7080846 
7075166 7037824 7059443 7123732 7107159 7083399 7104833 7046307 7048632 7069486 
7080726 7116337 7064499 7077437 7064369 7048156 7078670 7047398 7058392 7094642 
7110670 7107998 7104647 7094921 7107610 7101036 7113098 7088566 7081298 7118997 
7162178 7108687 7155387 7110277 7157762 7130889 7163348 7131505 7118744 7132750 
7194628 7138259 7167541 7217291 7193295 7134690 7148082 7154815 7214239 7169097 
7198549 7224791 7141814 7163909 7206576 7188896 7153600 7226093 7243883 7176687 
40608078 40563967 40579551 40608938 40629976 40605089 40592244 40605507 40565662 40603550 
18238325 18282800 18296757 18258041 18301819 18304062 18272074 18261928 18255482 18331487 
11622325 11632875 11616398 11665276 11650642 11616929 11579731 11690842 11639253 11660393 
8722903 8753939 8734668 8710288 8703692 8755077 8734503 8722322 8751144 8770206 
7191637 7174244 7188457 7189130 7193240 7180712 7185097 7200464 7182037 7170641 
6216003 6230080 6216671 6217821 6234257 6220653 6241745 6237603 6235612 6236940 
5562218 5583328 5571777 5588066 5580481 5588600 5571555 5589558 5588080 5584723 
5122895 5120347 5116525 5134090 5124457 5121143 5117530 5117186 5125889 5121266 
4782385 4773904 4772454 4781702 4773822 4779081 4776189 4764167 4774678 4770905 
4508215 4504885 4508290 4509268 4502566 4518221 4513211 4505273 4509529 4503948 
4290249 4294164 4297829 4290718 4288349 4294835 4297142 4285609 4295123 4297078 
4121273 4111698 4117840 4124118 4111553 4114715 4111927 4110964 4115499 4116916 
3968586 3969011 3971439 3970215 3979311 3967005 3973985 3969843 3975393 3969900 
3847953 3842216 3844765 3842103 3844859 3845420 3844760 3849584 3850032 3836775 
3734584 3738379 3740735 3736557 3740720 3732494 3738032 3747070 3740294 3736260 
3649714 3652510 3658326 3649888 3654100 3651717 3651009 3644806 3645741 3644873 
3569472 3573284 3564401 3566778 3571153 3569338 3566690 3572667 3567781 3568234 
3498729 3496459 3505599 3495497 3499388 3502223 3497176 3497482 3495534 3496803 
3441150 3436653 3431443 3440116 3439754 3434782 3437547 3436360 3436045 3437009 
3381440 3379559 3375394 3377919 3380689 3377181 3383008 3377511 3378359 3380676 
3333408 3328431 3326249 3332307 3331818 3331359 3335145 3327638 3328648 3331309 
17759443 17758231 17675243 17726531 17604770 17711870 17656796 17724008 17739001 17786276 
6677541 6691319 6686714 6678061 6690447 6687571 6683013 6686190 6680805 6690383 
5165502 5160163 5160260 5169990 5160701 5162567 5155243 5169058 5161424 5166262 
4389985 4398026 4392988 4386745 4385279 4397953 4391926 4392479 4398439 4399331 
3914508 3913649 3915936 3911965 3914350 3912261 3915973 3918774 3915043 3910465 
3581542 3584298 3579754 3580418 3583377 3580500 3588090 3586715 3583573 3584053 
3333987 3339048 3337116 3338916 3339455 3339910 3337560 3341656 3341458 3339280 
3153200 3150303 3152292 3156857 3153399 3151794 3152206 3149863 3153250 3152709 
3006085 3003471 3003657 3005185 3002977 3007349 3006470 3000796 3004218 3002464 
2886011 2882789 2886920 2885772 2883662 2887457 2886263 2882714 2885920 2882321 
2786455 2786499 2786023 2786268 2785505 2786979 2787243 2786395 2786998 2787993 
2704550 2701958 2703338 2706367 2701691 2702498 2699298 2700428 2703017 2702487 
2631128 2634397 2633433 2632892 2636914 2631034 2633219 2631156 2635657 2633833 
2571199 2571676 2572603 2571035 2572349 2571338 2572804 2574409 2573169 2568373 
2517736 2521607 2520177 2519532 2521667 2518927 2520376 2522661 2521189 2519879 
2476456 2477385 2479665 2474787 2477335 2475888 2476517 2475083 2475486 2474633 
2436311 2437104 2435691 2435704 2437636 2434828 2434494 2437064 2434506 2435381 
2400909 2399751 2400890 2399154 2402597 2399369 2400025 2400763 2400839 2400051 
2370540 2369765 2368714 2370697 2372224 2368725 2370388 2370080 2369497 2370772 
2342185 2341952 2340545 2342331 2342259 2340747 2341946 2341728 2340364 2340989 
2317535 2316912 2316813 2317140 2316956 2317822 2317173 2315450 2315928 2317510 
23169434 23174293 23034382 23119238 22930485 23089154 23005362 23109616 23130168 23199688 
7743137 7760208 7758161 7750763 7762868 7761641 7757546 7759740 7752019 7774197 
5798439 5796515 5794212 5806070 5796160 5797643 5789779 5809333 5797644 5804531 
4831436 4844894 4837159 4828115 4831855 4843307 4836008 4837164 4840817 4846785 
4256334 4252489 4254034 4249706 4254054 4253192 4253953 4262311 4251093 4247073 
3852506 3859081 3853931 3853433 3858711 3856463 3861307 3861082 3857899 3856541 
3564286 3569999 3566494 3568791 3568461 3570729 3566929 3572232 3571880 3568852 
3354957 3351158 3353077 3360180 3356103 3353318 3351516 3353080 3355192 3354881 
3186022 3184491 3183695 3186543 3184178 3184307 3185691 3183616 3185655 3183030 
3053131 3049432 3052185 3051733 3048597 3052475 3052120 3049309 3050772 3047245 
2937604 2939931 2938800 2940716 2936988 2938460 2940152 2938101 2938507 2939071 
2847860 2846951 2848977 2852129 2845005 2845870 2843620 2846712 2846062 2847617 
2765743 2770068 2766968 2770036 2772422 2766859 2768140 2765959 2769753 2768664 
2702772 2700917 2701323 2700271 2701033 2701963 2703212 2702152 2701367 2697659 
2642183 2645090 2644370 2643195 2645436 2642735 2643958 2647114 2644663 2642704 
2596348 2597132 2597561 2594048 2596864 2594183 2594881 2593145 2593443 2594259 
2551954 2551595 2549257 2549192 2552825 2550993 2549191 2553386 2549133 2550268 
2511029 2510173 2512560 2508821 2512454 2510891 2510836 2512181 2511792 2511220 
2478550 2477852 2474883 2478032 2480083 2475903 2478228 2476912 2477433 2478536 
2447351 2447258 2445033 2446316 2447051 2444201 2446911 2444965 2444782 2445139 
2419077 2417704 2418770 2417518 2418643 2417452 2418222 2415118 2417870 2417054 
