MergeSort QuickSort TimSort OESM Cook_Kim LIS LIS_treap BothAlgo 
8 21 3
91572 92698 92686 
80534 80405 80525 
77304 77307 76944 
75393 75390 75262 
74071 74092 74065 
73244 73372 73353 
72814 72786 72720 
72179 72065 72187 
71837 71806 71671 
71403 71375 71580 
71140 71169 71296 
70908 71024 70978 
70836 70813 70881 
70787 70643 70585 
70522 70523 70501 
70329 70416 70421 
70301 70262 70289 
70185 70233 70115 
70097 70053 70039 
70033 70044 70020 
70006 70008 69944 
159213 157196 151665 
158933 154493 147513 
153700 150128 155220 
152045 147642 150689 
171947 150861 161808 
152071 150971 161685 
149092 155543 154804 
151053 145722 150397 
157282 148106 155520 
151952 162642 153923 
160939 144679 147000 
158618 151767 152901 
154402 146718 179550 
152914 161589 159234 
157914 158348 151638 
149679 154629 157844 
158936 158781 160382 
182434 158927 146872 
160788 152630 149231 
166006 155852 165255 
152245 146165 149732 
136429 137783 138199 
103105 102119 101688 
88137 89075 86118 
79155 79407 78058 
73474 73470 72687 
70383 70665 70167 
67944 67993 67793 
66053 65676 65843 
65084 64881 64502 
63422 63508 63912 
62644 62700 62997 
61910 62065 61992 
61623 61233 61594 
61259 60984 60728 
60558 60597 60428 
59920 60184 60329 
59895 59797 59944 
59535 59548 59519 
59293 59321 59242 
59051 59100 59033 
58993 58966 58867 
100475 100654 101128 
91590 92169 91396 
87768 87330 86667 
84662 84301 82880 
79213 77487 76179 
75278 75604 74492 
74491 73479 73457 
71603 72599 72142 
72764 72937 72279 
69873 70697 72055 
68910 69803 71072 
66292 67910 66797 
63796 63081 65299 
64519 60496 61477 
63510 60837 60242 
57707 58738 62093 
58506 58920 58849 
58972 57903 58594 
56916 57925 56445 
56930 56153 56022 
56880 57078 57624 
223968 225453 226579 
136395 137477 138762 
99696 100699 95009 
80045 79635 77427 
66761 68250 66481 
59715 59951 58941 
54367 54480 53929 
50046 49913 49654 
47788 46996 46729 
43986 43988 44724 
42073 42713 42902 
40633 40750 40542 
39541 38537 39804 
38422 38532 37434 
36990 37090 36800 
35819 36420 36745 
35509 35295 35808 
34548 34443 34700 
33908 34284 34085 
33565 33663 33090 
33083 33291 32638 
106792 107979 110545 
62995 62529 62194 
49734 50448 48528 
43224 42868 41955 
38079 38557 38124 
35305 35277 35083 
33227 33377 32911 
31213 30991 30878 
30074 29941 29655 
28503 28568 28711 
27639 27752 27810 
26696 26715 26807 
26416 26051 26324 
25845 25652 25410 
25142 25218 24940 
24518 24654 24826 
24332 24209 24327 
23869 23892 23962 
23642 23630 23596 
23258 23344 23350 
23213 23224 23094 
152798 152271 157418 
82796 82305 81980 
63155 65285 61783 
54855 55322 53466 
47899 48494 48281 
44511 44232 44777 
41353 41346 41082 
38803 38860 38461 
37339 37127 36387 
35129 35214 35461 
33920 33777 33694 
32411 32420 32484 
31906 31573 32128 
31320 30807 30286 
29995 30414 29843 
29086 29558 29492 
28862 28703 28750 
27857 27941 27909 
27677 27477 27609 
26782 27310 27064 
27038 26840 26860 
131413 132939 136569 
72439 72542 71898 
56064 56595 54008 
47227 46795 46115 
41399 41654 41105 
37808 37885 37928 
35719 35396 35036 
33233 32939 32910 
31841 31689 31178 
30067 30112 30555 
29035 29276 29493 
28118 28423 28186 
27759 27146 27716 
27316 26917 26505 
26275 26462 26163 
25482 25945 26134 
25543 25355 25575 
24996 25019 24873 
24645 24618 24641 
24309 24411 24328 
24399 24149 24029 
