MergeSort QuickSort TimSort OESM Cook_Kim LIS BothAlgo 
7 21 10
6805 6792 6645 6807 6687 6670 6667 6700 6781 6789 
6118 6139 6154 6119 6076 6183 6143 6189 6166 6224 
5882 5868 5830 5907 5876 5908 5871 5898 5952 5909 
5744 5693 5712 5688 5732 5721 5769 5687 5737 5729 
5556 5618 5647 5580 5628 5611 5604 5611 5631 5565 
5553 5551 5519 5535 5469 5529 5558 5558 5527 5510 
5465 5437 5424 5445 5451 5429 5477 5461 5436 5498 
5427 5431 5435 5384 5433 5418 5397 5408 5404 5408 
5398 5352 5380 5356 5363 5377 5373 5384 5360 5357 
5338 5328 5307 5315 5329 5357 5321 5348 5359 5340 
5354 5312 5321 5311 5319 5311 5343 5276 5307 5325 
5275 5328 5283 5306 5317 5300 5320 5281 5289 5294 
5267 5325 5249 5271 5253 5247 5271 5286 5235 5295 
5268 5263 5256 5246 5272 5266 5241 5240 5245 5215 
5234 5217 5213 5247 5226 5222 5227 5242 5214 5222 
5226 5217 5205 5203 5199 5194 5182 5241 5205 5219 
5205 5199 5185 5190 5188 5195 5216 5180 5229 5195 
5213 5187 5209 5178 5178 5195 5177 5174 5200 5181 
5195 5167 5173 5189 5203 5159 5193 5203 5167 5153 
5183 5179 5154 5154 5167 5168 5167 5172 5195 5173 
5162 5159 5152 5147 5177 5164 5172 5151 5157 5163 
11016 11918 10059 11541 11116 10631 11126 10551 12454 11228 
11786 11560 10755 10664 11688 12252 11763 11474 10961 10264 
10859 11601 12885 10939 10134 11214 11657 10415 10921 10808 
11780 10543 10628 10405 10831 10818 10834 10858 10788 10935 
10077 11816 10310 10139 11638 11840 10421 11067 11103 10357 
11871 11460 11214 11393 11046 10971 10899 10878 10226 10523 
10425 10499 10555 10801 10296 10456 10096 10082 10924 10920 
10814 11184 11383 11315 10729 10031 11234 10759 10719 11679 
12895 10232 10337 11225 12100 9987 10240 10787 10115 9911 
12937 10765 10756 11055 10311 10862 11198 11539 10481 11435 
11319 11647 10470 11465 10846 10262 10904 10628 11876 11247 
11308 10500 12059 10323 10826 10656 10470 11893 12036 10894 
10229 11532 10765 10653 12438 10597 10126 11190 10404 10410 
11936 11378 10583 11358 13039 12205 10585 11197 10117 10562 
11060 11213 11736 10218 10142 10688 11057 10575 10898 10952 
11200 11104 10160 10308 11468 11620 10525 10539 11050 10823 
11434 10559 11133 11314 10376 11314 11891 11332 12629 10872 
11995 11108 10596 11508 10420 10126 10642 10079 10938 11426 
11102 11435 11471 10866 10332 10968 11436 11371 11196 11067 
12295 10779 10254 10556 10951 10783 10863 11123 11910 11554 
10866 10465 11302 10485 10711 11010 11476 11434 11352 10565 
10050 9344 9334 10119 9609 9536 9391 9751 9912 9606 
7132 7358 7160 6924 7242 7264 7192 7103 7234 7285 
6134 6377 5944 6157 6196 6182 6102 6268 6459 6259 
5548 5209 5374 5495 5605 5488 5586 5285 5482 5491 
4943 5090 5117 5002 5104 5081 4871 4957 5007 4977 
4834 4710 4709 4973 4600 4848 4966 4993 4739 4728 
4561 4474 4504 4522 4536 4569 4554 4568 4534 4670 
4425 4385 4496 4306 4460 4488 4336 4340 4409 4365 
4399 4245 4297 4259 4264 4253 4274 4379 4347 4291 
4154 4190 4169 4154 4178 4281 4140 4225 4219 4249 
4184 4105 4139 4113 4186 4121 4158 4019 4136 4142 
4010 4142 4050 4096 4140 4186 4101 4037 4052 4049 
4001 4090 4004 4002 3976 3952 4039 4036 3974 4062 
3966 3955 3978 3960 3992 3991 3983 3936 3969 3914 
3926 3878 3862 3938 3926 3888 3861 3935 3880 3887 
3908 3872 3853 3855 3831 3839 3820 3958 3879 3898 
3859 3848 3823 3861 3830 3839 3855 3815 3901 3828 
3869 3823 3858 3800 3849 3880 3819 3800 3855 3822 
3813 3847 3798 3819 3837 3784 3845 3856 3771 3785 
3805 3805 3771 3766 3765 3767 3808 3794 3838 3775 
3777 3772 3752 3731 3791 3772 3771 3745 3752 3746 
7568 7616 7538 7628 7459 7428 7444 7586 7568 7522 
7089 7040 7109 7080 7099 7129 7054 7178 7182 7232 
6923 7193 6958 6981 7050 6969 7007 6854 7173 7087 
6851 6722 6836 6833 6811 6773 6883 6751 6610 6753 
6284 6638 6743 6537 6777 6644 6461 6617 6651 6634 
6686 6378 6157 6641 6407 6645 6247 6400 6464 6168 
5970 6178 6335 6123 6021 6143 6201 5978 6162 6159 
5848 5912 5954 6010 6074 6100 5714 5874 5914 6186 
6059 5842 5856 5804 5940 5735 5745 6272 6063 5769 
5925 5774 5790 5801 5846 5911 5691 5870 5978 5961 
5800 6188 5729 5812 6333 5857 5763 5649 5691 5823 
5646 5745 5464 5904 5919 6138 5704 5711 5541 5737 
5772 5728 5534 5580 5622 5656 5641 5825 5615 5717 
5480 5705 5428 5626 5546 5503 5787 5816 5490 5407 
5586 5220 5224 5663 5494 5560 5067 5720 5061 5451 
5052 5457 5198 4660 4951 5197 5468 5839 5766 5354 
5229 4997 5177 5491 5459 5557 5016 5004 5360 5079 
5257 5401 5372 5161 5224 5654 5210 4825 5216 5198 
4863 5516 4750 4925 5095 4924 5508 4994 4436 5140 
4954 5099 4762 5000 4795 4843 5125 4615 5268 4803 
4822 4639 5345 4966 4614 4487 4819 4704 4781 4458 
13929 13606 13768 14172 13631 13600 13460 13572 13883 14006 
10107 9550 10489 9614 9873 10599 9795 9763 10205 10185 
7861 8170 7592 8265 8350 8008 7934 8284 8642 8228 
6854 6693 6469 6926 7298 6939 7322 6731 6742 6848 
5969 6064 6006 5906 6220 5904 5861 5903 6104 5988 
5721 5245 5209 5650 5345 5810 5557 5820 5348 5632 
5088 4735 4967 4961 4862 4970 5208 5096 4988 5085 
4664 4548 5098 4682 4752 4873 4586 4522 4648 4729 
4716 4371 4531 4447 4408 4413 4571 4574 4465 4504 
4165 4226 4056 4074 4201 4403 4181 4340 4262 4243 
4238 4125 4115 4033 4192 4219 4132 4016 4164 4007 
3754 4201 3991 3982 4168 4258 4113 3933 3956 3860 
3738 3962 3810 3828 3787 3823 3794 3901 3820 4071 
3861 3748 3714 3706 3759 3697 3722 3762 3658 3586 
3588 3517 3584 3828 3577 3565 3482 3474 3524 3550 
3588 3436 3542 3693 3448 3483 3346 3641 3408 3673 
3471 3347 3502 3379 3398 3333 3417 3453 3721 3507 
3504 3365 3415 3383 3524 3463 3363 3405 3418 3358 
3449 3535 3394 3445 3371 3267 3516 3522 3219 3376 
3440 3402 3292 3275 3172 3296 3197 3264 3479 3232 
3277 3325 3189 3220 3174 3275 3179 3123 3169 3262 
7472 7034 6972 7487 6962 6746 6943 7003 7409 7147 
5074 5132 5308 5064 5062 5428 5072 5314 5264 5304 
4296 4508 4226 4430 4467 4493 4280 4448 4593 4336 
3920 3804 3865 4026 3969 3882 4057 3827 3857 3932 
3380 3486 3560 3484 3668 3623 3406 3462 3570 3483 
3382 3249 3278 3361 3181 3353 3321 3404 3225 3286 
3127 3059 3074 3068 3027 3128 3186 3102 3123 3214 
3033 2950 3050 2938 3008 3027 2909 2946 2971 2946 
2927 2800 2836 2860 2856 2877 2886 2925 2857 2866 
2681 2782 2684 2760 2740 2832 2726 2756 2789 2801 
2755 2668 2711 2685 2716 2672 2714 2580 2691 2719 
2546 2665 2587 2607 2676 2719 2668 2572 2608 2598 
2509 2630 2547 2552 2496 2527 2587 2587 2513 2628 
2519 2483 2509 2524 2537 2525 2535 2477 2519 2460 
2449 2411 2410 2494 2453 2440 2386 2464 2420 2446 
2448 2390 2392 2392 2358 2389 2349 2494 2419 2415 
2378 2374 2372 2374 2359 2376 2431 2343 2420 2360 
2394 2350 2368 2314 2363 2410 2351 2312 2367 2341 
2356 2353 2329 2369 2352 2306 2370 2388 2296 2295 
2338 2324 2312 2278 2285 2288 2296 2314 2348 2302 
2292 2281 2236 2246 2320 2290 2305 2253 2286 2251 
9457 9107 8831 9719 8637 8641 8536 8820 9246 9021 
6078 6161 6383 5977 5987 6426 6017 6436 6214 6363 
4967 5213 4852 5267 5158 5085 4983 5179 5359 4998 
4504 4314 4404 4482 4441 4348 4459 4271 4470 4419 
3883 4062 3987 3897 4059 3916 3808 3882 3928 3821 
3773 3633 3547 3767 3541 3679 3698 3827 3594 3495 
3383 3262 3313 3298 3324 3308 3345 3423 3304 3546 
3210 3173 3320 3113 3231 3306 3159 3157 3190 3154 
3193 3012 3068 3073 3107 3032 3106 3176 3063 3103 
2947 2928 2920 2876 2932 3058 2882 2961 2990 3003 
2940 2832 2928 2835 2961 2861 2870 2729 2884 2910 
2756 2890 2780 2800 2869 2886 2895 2766 2797 2752 
2686 2840 2671 2689 2671 2671 2731 2811 2667 2826 
2687 2684 2655 2652 2661 2705 2694 2664 2614 2562 
2609 2544 2524 2611 2589 2589 2538 2607 2543 2568 
2585 2565 2519 2548 2499 2467 2484 2601 2532 2577 
2499 2500 2487 2513 2473 2505 2511 2439 2564 2486 
2551 2471 2524 2439 2483 2530 2443 2443 2490 2468 
2470 2511 2454 2443 2492 2429 2499 2527 2406 2423 
2458 2456 2364 2385 2377 2404 2432 2424 2516 2414 
2421 2406 2365 2342 2439 2389 2427 2335 2353 2379 
