MergeSort QuickSort TimSort OESM Cook_Kim LIS BothAlgo 
7 21 102
6805 6792 6645 6807 6687 6670 6667 6700 6781 6789 6671 6663 6636 6594 6642 6734 6794 6998 6702 6696 6804 6793 6706 6807 6731 6747 6782 6650 6748 6743 6791 6696 6713 6694 6733 6749 6967 6759 6594 6809 6698 6670 6778 6716 6731 6675 6694 6749 6787 6748 6650 6599 6811 6836 6731 6739 6828 6604 6799 6711 6840 6924 6709 6678 6587 6625 6795 6733 6883 6735 6778 6634 6646 6760 6625 6704 6718 6798 6856 6643 6611 6756 6771 6751 6755 6734 6711 6614 6757 6681 6743 6812 6617 6780 6683 6704 6896 6651 6636 6687 6702 6667 
6234 6145 6146 6124 6122 6104 6217 6261 6165 6143 6242 6179 6263 6168 6149 6098 6181 6186 6147 6123 5998 6206 6164 6198 6243 6140 6149 6115 6129 6235 6157 6208 6127 6245 6100 6151 6199 6141 6181 6093 6148 6145 6134 6191 6284 6244 6124 6138 6185 6079 6070 6160 6198 6069 6113 6182 6149 6176 6095 6258 6168 6179 6132 6204 6084 6067 6117 6295 6151 6193 6199 6141 6129 6097 6219 6196 6156 6110 6147 6248 6102 6093 6188 6141 6050 6184 6092 6159 6118 6141 6107 6132 6207 6115 6094 6195 6126 6234 6132 6149 6141 6195 
5873 5889 5927 5877 5896 5847 5931 5884 5875 5907 5922 5866 5882 5838 5937 5927 5892 5853 5842 5859 5883 5853 5880 5876 6022 5907 5857 5952 5885 5889 5946 5915 5919 5856 5841 5906 5829 5910 5821 5815 5861 5877 5900 5885 5803 5880 5899 5866 5887 5906 5905 5889 5870 5961 5895 5953 5830 5897 5947 5834 5871 5949 5923 5927 5903 5901 6021 5827 5907 5860 5874 5900 5887 5898 5848 5941 5883 5907 5840 5977 5870 5876 5845 5948 5767 5794 5938 5894 5897 5849 5958 5893 5831 5861 5813 5927 5901 5950 5945 5959 5922 5844 
5753 5720 5722 5736 5703 5751 5706 5750 5726 5786 5761 5769 5770 5718 5683 5714 5733 5779 5635 5654 5697 5713 5737 5703 5742 5711 5764 5740 5761 5744 5751 5718 5686 5741 5694 5729 5793 5685 5678 5691 5664 5715 5706 5771 5704 5715 5801 5760 5695 5708 5779 5723 5691 5703 5758 5704 5703 5789 5745 5743 5726 5714 5736 5715 5691 5736 5772 5717 5700 5706 5718 5771 5744 5713 5660 5770 5786 5754 5773 5726 5679 5748 5718 5717 5791 5719 5730 5670 5739 5714 5727 5750 5704 5687 5712 5684 5784 5733 5696 5722 5823 5678 
5617 5583 5590 5614 5647 5603 5635 5566 5624 5661 5620 5617 5616 5635 5669 5645 5642 5595 5614 5668 5631 5585 5622 5590 5639 5582 5573 5619 5624 5618 5590 5613 5608 5605 5561 5630 5620 5674 5636 5583 5590 5569 5661 5666 5645 5585 5670 5639 5592 5621 5675 5591 5620 5663 5623 5640 5557 5599 5645 5643 5651 5596 5654 5600 5631 5545 5629 5573 5586 5621 5616 5622 5656 5606 5561 5583 5618 5590 5638 5640 5650 5635 5662 5584 5617 5602 5681 5588 5612 5591 5636 5602 5626 5611 5650 5618 5598 5594 5682 5595 5623 5604 
5538 5542 5527 5507 5496 5550 5479 5568 5508 5526 5600 5560 5520 5537 5543 5539 5545 5562 5567 5531 5514 5537 5505 5547 5544 5526 5554 5536 5498 5531 5534 5518 5521 5512 5485 5547 5486 5505 5586 5532 5511 5531 5513 5525 5502 5518 5540 5531 5518 5524 5544 5564 5544 5556 5521 5499 5556 5519 5565 5498 5538 5486 5513 5484 5549 5553 5540 5462 5508 5509 5521 5500 5513 5489 5527 5498 5508 5499 5506 5532 5527 5499 5530 5531 5533 5542 5517 5552 5521 5551 5568 5511 5562 5543 5480 5500 5549 5546 5568 5504 5551 5552 
5451 5433 5479 5472 5437 5487 5486 5486 5477 5418 5456 5454 5459 5498 5484 5490 5496 5447 5458 5458 5432 5511 5497 5454 5436 5445 5393 5462 5419 5456 5478 5477 5497 5453 5486 5432 5473 5489 5429 5452 5479 5458 5486 5463 5493 5450 5435 5458 5443 5471 5436 5467 5466 5453 5512 5450 5440 5488 5469 5488 5513 5473 5429 5512 5475 5497 5479 5455 5495 5450 5497 5429 5432 5465 5442 5507 5420 5482 5448 5460 5447 5435 5456 5493 5481 5464 5462 5451 5497 5485 5487 5490 5476 5460 5437 5439 5447 5452 5428 5486 5439 5459 
5420 5423 5434 5396 5421 5449 5414 5448 5385 5404 5429 5462 5464 5384 5413 5382 5392 5415 5383 5423 5404 5394 5441 5415 5403 5402 5405 5438 5411 5451 5445 5446 5385 5434 5389 5435 5414 5397 5385 5376 5414 5423 5425 5398 5405 5373 5431 5397 5431 5447 5438 5383 5403 5440 5424 5471 5398 5411 5425 5416 5407 5415 5464 5445 5478 5362 5404 5431 5415 5404 5385 5424 5435 5398 5401 5407 5407 5430 5409 5405 5405 5430 5406 5428 5425 5425 5419 5368 5381 5417 5401 5412 5402 5406 5399 5355 5423 5441 5415 5379 5401 5365 
5355 5382 5384 5366 5374 5402 5383 5347 5382 5409 5392 5360 5370 5385 5393 5375 5380 5353 5353 5410 5376 5357 5320 5383 5361 5362 5387 5369 5398 5356 5356 5362 5401 5392 5353 5356 5375 5381 5351 5375 5375 5382 5339 5354 5335 5373 5387 5375 5382 5375 5371 5337 5338 5363 5339 5358 5372 5394 5418 5385 5373 5356 5366 5365 5403 5357 5356 5360 5358 5360 5356 5355 5387 5377 5389 5403 5380 5351 5388 5377 5401 5364 5376 5390 5373 5371 5406 5407 5397 5365 5396 5431 5365 5386 5342 5355 5386 5367 5388 5379 5381 5355 
5299 5316 5365 5335 5326 5317 5335 5309 5350 5325 5363 5350 5327 5334 5366 5344 5328 5338 5329 5310 5336 5329 5340 5337 5354 5345 5352 5367 5382 5327 5352 5319 5315 5327 5335 5341 5356 5353 5321 5351 5338 5328 5355 5351 5327 5340 5336 5338 5350 5335 5299 5324 5353 5380 5364 5316 5333 5322 5331 5330 5313 5337 5331 5356 5342 5358 5363 5354 5363 5304 5335 5318 5369 5341 5338 5312 5327 5357 5352 5370 5362 5341 5315 5355 5316 5334 5333 5333 5332 5341 5295 5327 5340 5318 5295 5319 5322 5332 5352 5330 5324 5342 
5301 5313 5334 5297 5281 5297 5298 5327 5312 5318 5338 5310 5304 5330 5332 5323 5289 5277 5346 5265 5301 5307 5322 5321 5297 5274 5316 5300 5301 5281 5308 5319 5284 5288 5297 5287 5308 5310 5337 5317 5304 5321 5335 5316 5303 5282 5294 5308 5271 5318 5339 5316 5304 5287 5319 5291 5327 5304 5337 5328 5338 5268 5320 5282 5287 5301 5309 5277 5313 5311 5307 5325 5312 5293 5327 5337 5304 5307 5313 5313 5333 5309 5309 5292 5315 5324 5317 5337 5322 5321 5287 5312 5305 5285 5306 5307 5323 5302 5324 5284 5282 5332 
5299 5277 5283 5307 5276 5283 5284 5302 5288 5309 5277 5291 5283 5291 5279 5290 5289 5299 5283 5260 5288 5304 5277 5301 5271 5285 5298 5279 5272 5258 5313 5279 5309 5251 5306 5265 5297 5292 5278 5285 5300 5267 5312 5251 5265 5276 5301 5260 5249 5280 5274 5307 5283 5298 5274 5264 5288 5296 5292 5269 5288 5267 5254 5285 5304 5317 5314 5284 5291 5281 5247 5256 5278 5287 5279 5298 5279 5317 5265 5262 5291 5318 5275 5276 5265 5280 5267 5288 5286 5251 5267 5285 5292 5317 5280 5278 5263 5289 5269 5273 5287 5316 
5260 5263 5274 5265 5246 5257 5255 5269 5262 5259 5252 5252 5279 5286 5279 5264 5229 5248 5262 5272 5268 5245 5269 5241 5284 5257 5274 5295 5239 5243 5251 5258 5270 5277 5258 5259 5276 5274 5270 5264 5260 5230 5275 5288 5276 5254 5274 5252 5249 5275 5227 5275 5302 5261 5272 5262 5247 5226 5277 5277 5274 5250 5263 5296 5251 5252 5254 5267 5239 5297 5300 5274 5275 5250 5247 5277 5243 5263 5265 5252 5281 5275 5228 5257 5256 5254 5278 5281 5249 5241 5266 5247 5266 5241 5279 5254 5259 5242 5237 5263 5271 5291 
5230 5241 5245 5236 5240 5232 5234 5268 5257 5205 5249 5258 5268 5217 5244 5241 5232 5240 5230 5231 5240 5239 5242 5255 5229 5238 5242 5250 5244 5254 5230 5250 5257 5239 5222 5240 5222 5225 5238 5276 5290 5234 5223 5234 5240 5230 5234 5239 5210 5237 5238 5261 5274 5245 5229 5226 5241 5256 5229 5251 5227 5246 5261 5258 5250 5236 5269 5241 5238 5260 5225 5266 5274 5242 5268 5231 5250 5259 5231 5216 5264 5239 5272 5252 5252 5232 5237 5238 5238 5232 5274 5258 5254 5233 5235 5245 5278 5254 5234 5243 5233 5248 
5224 5233 5244 5232 5231 5233 5236 5219 5221 5222 5214 5233 5233 5234 5224 5233 5200 5234 5207 5206 5223 5212 5253 5231 5239 5254 5239 5227 5245 5249 5232 5225 5233 5233 5237 5218 5234 5231 5234 5204 5206 5262 5220 5238 5226 5210 5228 5242 5229 5225 5231 5226 5232 5211 5222 5229 5221 5230 5232 5230 5232 5244 5220 5215 5240 5235 5224 5228 5242 5222 5220 5244 5240 5212 5220 5206 5225 5233 5220 5242 5228 5219 5243 5241 5232 5229 5277 5182 5216 5244 5250 5206 5245 5222 5241 5242 5247 5232 5252 5222 5209 5215 
5227 5214 5227 5212 5194 5196 5218 5217 5211 5209 5218 5225 5219 5216 5218 5228 5210 5191 5212 5200 5206 5244 5230 5202 5222 5209 5185 5236 5219 5219 5218 5198 5203 5234 5194 5185 5196 5205 5216 5205 5238 5188 5199 5209 5204 5202 5204 5221 5215 5222 5209 5204 5211 5197 5204 5185 5224 5228 5213 5215 5220 5189 5241 5206 5224 5233 5198 5211 5199 5198 5204 5202 5208 5218 5235 5212 5223 5222 5224 5213 5204 5201 5220 5200 5214 5203 5203 5192 5215 5205 5216 5222 5225 5185 5214 5220 5216 5213 5227 5223 5214 5223 
5202 5197 5186 5204 5190 5197 5192 5197 5196 5213 5180 5212 5188 5221 5182 5191 5199 5209 5209 5226 5205 5207 5205 5198 5199 5190 5193 5181 5198 5220 5204 5180 5217 5195 5182 5186 5196 5198 5197 5192 5179 5204 5191 5203 5184 5170 5205 5205 5200 5175 5192 5216 5186 5211 5197 5205 5196 5203 5197 5183 5219 5195 5210 5193 5227 5195 5175 5201 5207 5194 5221 5181 5215 5213 5226 5196 5169 5191 5185 5193 5181 5187 5191 5174 5198 5189 5211 5220 5204 5206 5183 5199 5206 5198 5190 5224 5200 5219 5186 5185 5186 5210 
5181 5198 5191 5177 5188 5183 5192 5181 5177 5168 5213 5166 5197 5167 5202 5219 5192 5192 5213 5194 5170 5161 5164 5197 5187 5188 5185 5173 5197 5187 5217 5204 5208 5201 5173 5194 5198 5204 5187 5229 5192 5194 5176 5179 5191 5204 5181 5166 5196 5157 5195 5192 5191 5190 5192 5206 5173 5211 5223 5202 5185 5212 5177 5185 5177 5191 5174 5192 5201 5198 5187 5201 5187 5178 5190 5186 5175 5175 5160 5197 5172 5197 5189 5188 5199 5192 5191 5203 5189 5175 5210 5191 5169 5180 5185 5156 5183 5181 5187 5157 5188 5188 
5180 5187 5180 5169 5184 5191 5147 5171 5179 5202 5178 5165 5185 5189 5169 5182 5183 5178 5187 5190 5187 5148 5202 5166 5170 5190 5179 5195 5154 5189 5161 5164 5166 5169 5176 5167 5213 5172 5192 5191 5167 5167 5187 5158 5163 5177 5185 5180 5202 5212 5182 5163 5190 5179 5166 5172 5169 5198 5170 5181 5159 5188 5185 5166 5187 5174 5186 5179 5171 5187 5180 5195 5173 5173 5171 5171 5185 5167 5177 5174 5179 5167 5191 5174 5177 5171 5199 5178 5183 5185 5181 5173 5173 5183 5156 5175 5204 5186 5184 5181 5189 5199 
5159 5167 5165 5151 5171 5146 5169 5187 5185 5182 5151 5173 5154 5163 5153 5165 5171 5145 5147 5183 5160 5168 5185 5163 5170 5169 5152 5179 5180 5155 5153 5177 5165 5173 5171 5160 5177 5177 5149 5167 5173 5166 5192 5160 5178 5183 5158 5167 5171 5165 5159 5166 5168 5141 5159 5164 5166 5158 5180 5163 5170 5167 5147 5163 5153 5179 5163 5187 5175 5161 5173 5170 5182 5171 5151 5158 5166 5153 5168 5155 5153 5160 5183 5169 5165 5166 5173 5181 5162 5165 5177 5171 5167 5176 5160 5178 5132 5153 5147 5182 5169 5160 
5151 5171 5162 5175 5155 5175 5165 5157 5168 5157 5151 5157 5148 5168 5163 5163 5163 5166 5176 5178 5142 5161 5169 5167 5165 5172 5162 5155 5169 5167 5175 5191 5157 5155 5148 5169 5149 5159 5152 5157 5149 5165 5183 5162 5167 5176 5153 5165 5155 5181 5180 5180 5171 5144 5167 5155 5166 5169 5179 5142 5155 5169 5159 5162 5149 5151 5159 5159 5137 5162 5153 5168 5171 5157 5163 5144 5175 5171 5169 5187 5179 5162 5157 5156 5153 5148 5154 5176 5174 5169 5166 5151 5160 5154 5154 5157 5172 5159 5146 5157 5146 5169 
11016 11918 10059 11541 11116 10631 11126 10551 12454 11228 10083 10357 11404 11622 10573 10355 10991 10311 10827 11307 10441 10246 10299 11889 11351 10513 10800 10611 10808 11350 10817 10751 10965 11047 10530 10439 12294 11309 10346 9847 10900 9913 10489 11014 10848 11922 11165 11460 11181 12013 11677 11811 12934 12051 10871 10851 10235 10639 11362 11375 10366 11585 11719 10634 10635 11183 10285 11463 10712 10965 10316 10641 10346 10154 11200 11878 10358 11245 10635 11101 10557 10748 11653 10817 10137 10899 10856 11480 10712 10846 11271 10981 11220 11278 10626 10896 11164 10966 12283 9836 12023 11049 
10443 10493 11615 9915 10450 10476 10874 10237 11465 11804 10255 11441 11135 12452 11157 10489 10250 10064 9934 10503 11881 10501 10645 10954 10290 10316 10582 11679 10140 10866 10286 10248 10417 10426 10486 11516 10515 10464 10639 11606 9717 10890 11701 11981 10128 13121 10309 10270 11181 11496 10370 10644 10519 11189 11233 10756 10587 12348 12604 11115 11238 10178 11036 11027 10864 10577 11250 10830 11323 9843 11571 12569 10780 10551 10447 10446 11032 10890 10469 10194 11191 10770 12016 11257 10470 10725 9752 12059 11249 10810 10504 11303 11135 11842 11289 12048 10991 11514 10810 10353 11050 10603 
11423 10442 10836 10801 12741 11060 10922 11864 10773 11309 10618 10484 10664 10779 10715 10304 11837 10475 9985 11123 10704 11188 10858 10485 10059 11854 10610 11326 12068 10929 11094 10933 11914 10515 10265 10280 11005 10886 11052 11540 10776 10537 11153 10714 10380 10241 11194 10331 10440 10123 10294 11210 10946 12159 11730 10363 11406 12380 12981 11415 9979 10604 11220 11211 12209 10179 10820 10709 10778 10601 11123 10898 11496 10917 11710 10160 10470 10748 10913 10151 10730 11333 11139 10513 10934 12846 9886 11716 10237 10469 10280 10327 10992 9967 10766 10493 10261 10916 10926 11250 11109 11399 
11142 11659 11480 10137 10656 11449 10473 10927 9999 10506 10428 10764 10893 11582 10175 11174 10705 12051 10977 11024 10894 11997 11661 10776 10703 11329 10476 10247 10361 10992 11362 10812 10230 11464 10097 11114 10815 14309 10422 10479 10343 11100 10984 10423 11331 11527 12416 10611 11545 12317 11422 10335 11839 10459 10601 11738 10931 9886 11189 10143 10237 10636 10353 10661 10359 11337 12043 10657 11472 11836 10929 10816 10570 12062 12399 10419 11436 11083 10193 10538 11081 10235 11545 10304 10628 10632 10146 12191 11373 10682 11886 10976 11445 11204 11478 10743 10931 10147 11278 10997 10400 10852 
10470 12761 10585 10777 11802 10461 10805 11379 11338 12079 10848 10202 11643 10201 10607 10810 11423 10877 10117 11733 11712 10739 12017 11704 10868 10927 11034 10457 11748 10001 11133 12471 10801 10168 11008 11774 11660 10178 10961 13814 10864 10872 10551 11369 10159 11390 10207 11178 10576 11327 10497 10761 10217 10647 10327 10605 11972 11302 10624 10436 10746 10153 10622 11451 10369 9994 11699 10287 10291 11570 10354 10393 10563 10981 10340 12266 10615 10822 12374 12176 11832 10808 12305 11567 10981 11205 11265 10554 10380 11233 10628 11298 10974 10807 10490 11243 10883 10444 9876 10495 10601 11330 
10407 10563 11542 10359 12922 11799 10650 11562 10800 11344 12000 10521 10960 10963 11377 11204 10656 10362 11603 12097 11147 11035 10935 10966 11637 10882 11378 10393 9898 12066 10663 10521 10724 12108 11423 9810 10739 10912 10099 11506 11151 10727 10528 11527 11022 10890 12236 10634 10708 10184 10475 10412 10502 10610 11055 10624 11387 10851 10352 11107 11314 10981 11945 10470 10879 10164 10341 11175 11113 11430 12659 10923 10270 10488 10284 11101 11044 11831 11045 11890 11544 10165 11194 10543 11005 10213 11396 11009 10643 10795 10721 11320 10472 10385 11123 11035 11245 10917 11039 11782 10428 11892 
10632 9991 11717 10286 10865 10989 11170 11212 11072 9947 13696 11027 10718 11693 12053 10859 11185 10355 10611 10855 11027 11996 11803 11111 10682 10145 10549 11344 11522 12414 10721 10230 10346 11354 10039 11211 10126 11092 14198 10284 9869 10972 11487 11647 11377 11019 11781 11018 11283 10580 10624 10482 10576 11339 10895 10571 11018 10904 12144 11417 10537 12221 12089 11069 11367 11749 10668 10245 10021 10763 11858 11714 10771 10561 12304 11829 10268 10921 10468 11511 10038 11928 11153 10596 10947 11668 11840 10075 11814 10530 10881 10304 11395 10671 11877 11985 11604 10809 11125 11451 11642 12623 
10996 9723 10369 10722 11996 10390 11000 11322 11200 11037 10474 9907 10219 10905 12670 10566 10430 10991 10127 10732 10530 12211 11953 10086 11108 9825 11181 11317 11546 10735 12380 10368 10471 11333 11093 11234 11486 10724 11145 11071 11151 10868 10762 10959 10397 10935 10573 10324 11766 12106 11551 10324 11819 10671 10626 11040 10938 10252 11092 11309 10765 10485 10914 10699 11901 11288 10878 10492 10784 10343 10525 11290 12080 10753 10156 11116 11820 11804 10966 11176 11239 10477 11479 10948 10662 11282 11210 10603 10643 10493 11621 10919 11511 10951 10917 10417 10329 10875 11894 10858 11468 11119 
10680 10154 10522 10408 10216 10958 11799 11134 11576 10430 11704 11059 10602 11007 11503 11379 10396 11580 10219 11971 10958 12139 10578 11142 11161 11244 10342 11950 12047 10817 10274 11081 11057 10186 11378 11011 10468 11570 10265 10756 10654 11329 10626 11306 10573 10316 11255 11023 11879 11470 10780 12383 11616 11959 10165 10335 11452 10210 10046 10428 10739 11114 10850 11615 10677 10657 10498 11343 10441 11001 10822 12466 11686 11004 10852 10437 11267 11412 11268 10797 10239 10558 10254 10536 12449 11079 10249 11012 10137 10032 11129 11066 10855 10543 10270 11287 11261 11110 11858 11438 11019 10766 
10335 11275 10905 10807 10812 10503 12299 12544 10311 10903 11058 12269 10410 10842 11155 10426 11006 11955 10246 11109 11500 10928 11109 11658 10846 10976 13176 11094 10184 10843 12063 10128 11971 11608 10916 10702 11443 10462 11178 10335 10379 10535 10598 10342 10451 11346 11316 11508 10561 10922 10593 10270 10863 10669 10243 11287 11451 11611 10786 12559 10511 11368 11425 12486 10123 10197 10176 12503 10576 10635 11163 11599 11210 10931 11310 10798 11707 11202 10115 10713 10571 11884 10632 10510 10551 11846 11398 11456 9949 11668 12800 10684 10507 11049 10745 10862 11209 12622 10568 10578 11693 11846 
10948 12178 11648 12048 11598 10343 10562 10998 10250 10964 11012 10667 11329 10234 10341 11077 10708 10843 10407 10613 9904 12566 11228 11481 12308 10886 11642 10866 11330 12519 10547 10678 10533 11497 10889 10996 10362 10602 10999 10704 10317 10306 9930 10810 10862 11386 11221 11404 11534 11630 10750 11945 10681 11380 10837 10123 10380 10610 11701 12045 11346 10973 10724 10812 11176 10539 11037 13099 10601 9841 10576 11157 10712 10852 11803 11045 11082 10135 10827 10542 10067 10659 9871 9968 10536 10824 11364 11319 10697 10843 10544 10511 10065 10777 12241 10775 10714 11251 9879 11534 10958 10890 
10165 10895 10528 10647 11130 11641 10226 10242 10649 10447 11337 10245 10167 11509 10256 10482 12559 11146 10191 10124 12316 10989 9959 10465 11361 11500 10738 10207 10661 11068 11298 11674 10673 11745 11303 10306 11120 10873 10930 11114 10986 11876 10209 10286 11786 10568 10517 10769 10941 10668 12160 11645 11087 11085 11066 11613 11460 11771 12064 10945 11005 10847 11124 10363 12530 11423 11008 9962 10568 11065 11332 10437 10809 10377 10879 10083 10543 10535 11698 10844 10799 10487 10521 10440 10954 10850 11262 10921 10659 10329 10246 10267 11220 10738 10836 10427 11860 10550 11065 11748 10157 10282 
10894 10799 10125 11158 10307 12785 11509 11716 10274 11268 10204 11085 10530 10975 11312 11777 11301 11833 12276 10256 11065 11001 10630 11638 10692 10468 10830 10961 10720 11571 10992 11018 10721 10730 10814 11291 10369 10548 11350 10662 10444 11313 9882 11290 10504 10285 10615 10826 11066 10905 11232 10546 10601 10307 12953 10412 12079 11114 10439 11067 10845 10539 11095 10431 10273 11534 10367 10899 10707 10740 12320 10899 10316 11877 10614 11252 10599 10569 11225 11077 10798 11886 11347 10370 10038 9941 10346 10359 10938 10249 10823 12728 10949 12719 10337 10978 10453 10584 10052 10179 10813 10960 
11329 10618 11446 11218 10894 10758 10575 10836 10328 10635 10354 10439 10178 11087 10651 10963 10539 10814 11425 11813 10590 11251 10866 10709 10768 11344 10510 10957 10468 12435 10308 10796 10716 10707 10069 10210 10756 10990 11231 10340 10018 10487 11193 10387 10804 11020 10767 10542 11915 12230 10358 10356 10069 10648 13019 10179 10580 10589 10235 12351 12058 11248 11624 10162 11569 11417 12298 10012 10555 11511 10823 10598 10767 11481 10671 10653 11287 11482 10148 10620 10943 10560 11647 13020 9964 10157 11286 11053 10613 9852 9991 10748 12099 10152 10905 9918 10469 12083 10766 10094 12111 10164 
10680 11258 11598 10697 12057 13376 11137 11192 11276 10694 10893 11070 11093 10739 12820 11516 11088 11839 10045 11649 10999 11221 10742 11693 10503 10717 10291 11206 11024 10168 12476 11104 11558 11302 12480 11258 11087 11445 10488 10110 10472 10397 10727 10847 10707 10341 11099 11292 11407 10918 11076 10523 11131 10239 10387 11804 10891 10249 11075 11147 10488 10344 10561 10294 10586 9878 11200 11792 11360 11103 11063 11098 10604 12338 11538 11573 10722 10428 10501 11252 10988 9941 10095 11208 10830 10359 10694 12421 10461 11135 9942 11035 10028 10656 10469 11530 9970 10211 10204 10074 11441 11234 
10307 10686 10675 10896 10415 11099 10911 10990 10802 9787 10399 11239 11056 10167 11133 12103 10014 11693 11001 11925 12182 11075 10226 10287 10651 11223 10229 10261 11093 10185 11054 10729 11724 13161 10318 10423 12105 12273 10223 10863 10336 11093 10977 12001 11873 10671 10166 11460 10676 10585 10788 10262 10390 11421 10770 10640 10850 10326 10679 10506 10595 11286 10873 10287 10070 10556 11684 10600 11333 11736 10269 10515 10670 11446 10979 12124 11722 10865 11408 11761 10895 12089 10173 10616 12134 10551 10436 10783 12598 10619 9929 10504 10200 10770 10531 10319 11036 10401 10864 13131 11259 10709 
10730 10877 11010 10565 12002 13384 10798 12278 11231 10393 11001 11118 11151 10800 10631 13221 10238 10693 11144 10072 10601 11016 10810 10529 11199 11022 11218 10922 9910 10802 11991 10203 10296 11658 10644 10432 11245 11497 11384 11423 10568 10692 11903 10439 10047 11631 10612 10278 10431 10294 10455 11392 10317 11142 10725 11025 10684 11910 11447 10794 12529 10394 11102 10849 11537 11883 9949 11035 11004 12070 11963 12502 10654 11078 11818 10641 10407 10993 9784 13123 10356 12130 10546 10657 12239 10352 10482 12574 10588 10456 11365 11185 10715 10779 11424 9968 11570 12123 11480 10481 10269 11526 
10532 10423 11536 11085 12444 10984 10385 11863 11949 10863 11088 11028 10924 12519 10589 10606 10741 10464 11295 11502 11265 10256 10369 9848 11428 10450 11728 11270 9833 10917 10590 11129 10679 10327 10997 12287 10265 10704 10290 10540 10452 10503 11184 10473 10246 11208 10365 11516 10060 10753 10797 11681 10786 10083 12073 11257 11817 11246 11421 11806 11086 12216 11579 10660 11119 11016 13059 11364 10513 10711 10681 11452 10473 10699 12706 10222 10114 10947 10565 10962 10620 10655 10479 10531 10956 11612 10705 10961 11141 10505 10966 10225 10950 10283 10628 10307 11746 10489 10035 10821 10200 10764 
11384 11017 10434 10540 11121 10105 11611 11078 11094 10402 10477 12133 11516 10407 10984 12162 9919 11386 12312 10466 10973 11789 11177 10779 11001 9776 12178 11843 10512 10940 10627 11067 10442 13502 10522 10206 10564 10704 10551 10708 11854 11023 11251 10562 12509 10577 11131 10812 10347 11588 10659 11328 11956 11370 10983 11821 11094 10829 10846 11163 11273 10979 10980 11392 10296 10626 10567 11748 11068 11006 11213 10526 10035 10734 10859 10367 10107 11363 10632 11566 10644 11051 11669 10972 10614 10671 10091 10716 11356 10859 11257 11181 12407 11943 12164 10660 10971 10537 10369 10648 10955 10648 
10722 11659 10494 10404 10493 10813 11941 9954 12023 11412 10289 11776 11659 11505 11162 12548 9933 10601 10649 10533 10161 11342 10726 11107 11389 12195 10781 11098 11005 12372 10334 10758 10958 11617 11228 10192 10229 10497 11227 11451 11699 11191 10825 11205 11960 11229 11360 11496 11075 10856 10562 11822 11215 10495 11668 9925 10686 10917 11911 11402 10837 11100 10651 10533 12306 13098 10934 11082 11295 10737 10647 10413 10916 10268 11586 10606 11191 10387 11724 10393 10776 10989 12232 10288 12286 11154 10404 10690 11729 10518 10925 11071 11449 11776 11589 12103 10907 11314 10416 10312 10859 11174 
10399 10245 10752 10885 10158 11132 11952 10880 11733 11828 10962 11423 9923 11118 10733 10483 10772 10962 10777 10962 11326 10429 11123 11398 11228 11130 11911 10690 10734 10847 10455 10771 10407 11232 11078 10161 10414 10590 11098 11419 11421 10275 11274 10390 9957 11353 10366 11339 11238 10863 10223 10800 10589 11008 11181 11842 10855 9959 10454 11431 10865 10354 11136 11469 10727 10732 11558 10584 11721 10559 10870 10742 11065 11437 11466 10937 11174 11152 11584 12011 11100 11703 11001 11328 10092 10042 10444 9852 10666 10935 11302 12316 10935 10628 11468 11544 11029 9763 11031 10655 11984 10757 
10050 9344 9334 10119 9609 9536 9391 9751 9912 9606 9461 9666 9285 9483 9383 9403 9176 9792 9597 9391 9615 9684 9414 9530 9427 9318 9982 9163 9432 10170 9448 9663 9924 9445 9289 9460 9853 9534 9370 9520 9501 9308 9313 9681 9751 9860 9465 9643 9985 9614 9338 9380 9601 9822 9595 9508 9768 9195 10030 9608 9347 10352 9425 9295 9780 9216 9480 9770 9663 9850 9135 9455 8980 9725 9480 9316 9534 9960 9392 9174 9077 9839 9756 9889 9649 9300 9434 9482 9594 9343 9578 10477 9536 9309 9179 9250 9794 9170 9516 9399 9346 9258 
7619 7043 7399 7234 7492 7364 7399 7693 7442 7009 7335 7396 8023 7408 7273 7351 7176 7179 7280 7304 7190 7323 7210 7301 7656 7187 7228 6922 7580 6982 6851 7429 7438 7570 7403 7385 7030 7292 7454 7201 7130 7074 7262 7047 7530 7391 7368 7205 7352 7160 7210 7148 7291 6843 7446 7125 7439 6990 6992 7473 6990 7213 7014 7503 6793 7010 7061 7828 7328 7155 7561 7363 7420 7314 7154 7456 7468 7385 7176 7258 6765 7067 7105 7001 7171 7389 6860 7793 7299 7481 7055 7378 8163 7283 6796 7454 7102 7673 6930 7201 7211 7252 
6206 5981 6467 6030 6155 6238 6066 6128 6053 6410 6239 6133 6346 6194 6242 6356 6231 6149 6178 6094 6097 6184 6161 6012 7082 6225 6003 6404 5935 5821 6294 6394 6251 6082 5708 6077 6059 6141 6161 5866 6006 6119 6418 6108 5873 6221 6462 6044 6151 6053 5807 5893 6174 6338 5871 6420 5958 6416 6271 6190 5909 6333 6142 6157 6033 6100 6523 5771 6181 6113 6321 6121 5960 6127 6113 6433 5867 6281 6000 6626 5943 6345 6077 6487 5838 5813 6160 6172 6380 6098 6682 6096 6329 5988 6063 6197 5976 6627 6477 6259 6393 6078 
5569 5366 5642 5436 5299 5468 5412 5704 5442 5729 5504 5735 5783 5415 5247 5513 5594 5376 5212 5352 5531 5476 5627 5371 5464 5323 5680 5441 5541 5400 5445 5374 5315 5507 5426 5402 5607 5275 5373 5344 5337 5353 5471 5577 5382 5393 6012 5572 5402 5584 5557 5380 5502 5345 5629 5611 5307 5719 5502 5672 5524 5443 5457 5510 5390 5767 5697 5517 5301 5442 5602 5926 5604 5447 5378 5631 5651 5690 5565 5546 5325 5623 5479 5404 5977 5657 5402 5248 5605 5388 5568 5616 5437 5330 5314 5247 5682 5405 5493 5434 5822 5280 
5092 5045 5008 5168 5037 4954 5055 4903 5048 5155 5340 5099 5117 5040 5330 5111 5231 5046 4948 5166 5229 4910 5001 5019 5182 5037 4927 5051 5117 5196 5003 4929 5036 5047 4854 5123 5106 5278 5192 4899 4978 4925 5157 5144 5185 4880 5161 5007 5028 5241 5140 4974 5086 5181 5113 5159 4912 4924 5267 5194 5215 5050 5038 4988 5108 4882 5035 4862 5079 5137 5024 5186 5132 5132 4867 4995 5103 4951 5076 5249 5082 5177 5301 5108 5153 5166 5307 4981 4979 5041 5106 5027 5115 4963 5021 5135 4993 4972 5452 5248 5054 5048 
4701 4766 4660 4857 4619 4844 4619 4865 4806 4706 4879 4856 4937 4740 4850 4767 4790 4927 4742 4736 4814 4672 4636 4854 4801 4841 4868 4810 4622 4785 4874 4718 4707 4718 4623 4722 4643 4800 4959 4742 4797 4768 4758 4725 4652 4751 4686 4855 4742 4717 4808 4905 4836 4821 4793 4772 4772 4735 4835 4664 4868 4682 4737 4624 4911 4917 4833 4569 4751 4725 4769 4666 4727 4779 4801 4628 4758 4633 4676 4840 4759 4658 4731 4832 4971 4810 4747 4749 4823 4856 4994 4822 4911 4748 4609 4672 4815 4847 4958 4688 4837 4788 
4649 4464 4623 4533 4506 4633 4572 4600 4732 4437 4673 4573 4607 4670 4609 4718 4656 4637 4548 4546 4462 4594 4683 4594 4586 4499 4393 4527 4476 4519 4536 4624 4626 4465 4649 4590 4602 4581 4532 4508 4568 4581 4566 4526 4688 4549 4480 4516 4463 4555 4583 4525 4612 4523 4691 4461 4471 4566 4544 4613 4629 4590 4460 4638 4692 4528 4619 4521 4699 4481 4629 4520 4481 4661 4574 4741 4433 4621 4502 4567 4435 4404 4478 4674 4502 4654 4565 4594 4570 4594 4630 4546 4586 4527 4482 4478 4495 4461 4557 4678 4417 4565 
4450 4470 4467 4326 4408 4519 4364 4701 4367 4407 4490 4586 4536 4376 4448 4342 4386 4425 4399 4440 4455 4414 4425 4382 4412 4301 4413 4466 4371 4526 4458 4529 4330 4478 4389 4445 4420 4415 4331 4321 4384 4396 4369 4372 4416 4320 4438 4397 4458 4448 4484 4350 4370 4423 4433 4468 4358 4392 4358 4468 4378 4361 4519 4469 4613 4276 4394 4381 4440 4464 4335 4495 4487 4341 4400 4365 4416 4424 4412 4433 4321 4406 4423 4414 4360 4519 4402 4310 4396 4393 4355 4390 4360 4389 4385 4308 4472 4437 4385 4357 4462 4336 
4271 4359 4255 4216 4362 4454 4350 4231 4354 4352 4410 4292 4277 4361 4373 4285 4327 4173 4230 4374 4291 4199 4185 4378 4248 4312 4322 4298 4353 4238 4278 4300 4326 4393 4305 4322 4299 4379 4231 4341 4282 4326 4239 4300 4183 4247 4315 4268 4394 4364 4330 4192 4216 4263 4266 4205 4286 4286 4359 4295 4299 4267 4271 4201 4359 4296 4290 4277 4230 4315 4293 4245 4420 4308 4356 4461 4350 4213 4391 4392 4357 4272 4289 4315 4299 4346 4339 4321 4315 4271 4364 4474 4289 4317 4183 4268 4346 4248 4293 4337 4345 4316 
4110 4211 4296 4200 4127 4174 4306 4118 4221 4159 4251 4191 4117 4200 4256 4215 4180 4204 4208 4183 4201 4172 4227 4254 4229 4161 4169 4290 4254 4172 4157 4117 4178 4195 4173 4204 4225 4295 4162 4162 4250 4132 4195 4221 4163 4202 4161 4166 4224 4175 4132 4177 4293 4239 4269 4221 4194 4187 4169 4170 4143 4181 4126 4250 4221 4288 4216 4248 4240 4160 4152 4148 4244 4204 4155 4084 4198 4193 4235 4247 4274 4171 4123 4155 4105 4209 4194 4152 4230 4230 4064 4161 4193 4131 4134 4156 4217 4243 4230 4244 4120 4221 
4138 4089 4194 4077 4068 4202 4120 4164 4107 4101 4156 4084 4125 4161 4220 4122 4087 4034 4196 4008 4059 4126 4060 4140 4088 4099 4184 4129 4080 4087 4139 4140 4082 4095 4061 4137 4167 4161 4198 4121 4160 4192 4190 4158 4074 4100 4114 4094 4071 4128 4183 4084 4121 4082 4112 4080 4165 4100 4151 4145 4188 4045 4098 4054 4158 4078 4150 4080 4160 4096 4095 4081 4172 4095 4164 4165 4113 4104 4106 4068 4182 4137 4084 4157 4130 4179 4216 4137 4208 4148 4068 4085 4129 4084 4080 4133 4200 4075 4165 4084 4065 4180 
4092 4070 4027 4142 4025 4031 4075 4127 4051 4093 4068 4092 4061 4044 4085 4032 4059 4084 4072 3990 4094 4125 4019 4112 4049 4058 4032 4081 4050 4003 4122 4058 4103 3953 4109 4008 4100 4045 4014 4056 4138 3986 4080 3991 4040 4041 4138 4011 4027 4079 4044 4079 4041 4087 4089 4029 4007 4053 4093 4037 4095 4042 3978 4109 4098 4157 4059 4008 4058 4015 3976 4023 4052 4053 4010 4097 4025 4134 3993 3996 4093 4073 4044 4070 4009 4035 4046 4064 4021 3986 4017 4052 4065 4097 4061 4024 4027 4078 4035 3991 4064 4091 
3991 3981 4022 3981 3939 3964 4043 3979 4012 4044 3960 3998 4051 3993 4036 4019 3954 3991 4012 4025 4048 3951 4010 3992 3990 4000 3994 4058 3929 3951 4012 4002 4058 4064 4017 3965 4003 4029 4001 4019 3978 3957 4040 4070 4090 3953 4004 3975 3934 3987 3978 4049 4043 3994 4012 4011 3945 3928 4045 4026 3997 3978 3999 4065 3955 4027 3983 4048 3980 4071 4111 4084 4046 3982 3967 4039 3947 3999 4005 3998 4022 3979 3914 4002 3987 3957 4008 4039 3947 3961 4011 3993 4056 4035 4000 3981 3984 3968 3941 3965 4005 4033 
3921 3952 3946 3952 3975 3948 3936 3973 3998 3879 3957 3997 3980 3913 3908 3958 3951 3928 3903 3922 3929 3942 3941 3943 3927 3966 3934 4018 3934 3978 3904 3938 3953 3904 3935 3970 3925 3939 3966 4027 4042 3946 3934 3954 3959 3965 3948 3944 3907 3938 3959 3980 3999 3941 3925 3926 3974 3967 3964 3945 3923 3932 4015 3977 3951 3913 3991 3962 3921 4060 3930 4011 4025 3983 3971 3940 3977 3983 3909 3912 3997 3957 4031 3976 4022 3937 3906 3975 3933 3927 3979 3980 3995 3944 3976 3963 4030 3975 3936 3985 3942 3942 
3911 3922 3969 3938 3913 3889 3929 3891 3920 3933 3878 3936 3905 3921 3913 3906 3845 3925 3919 3846 3883 3894 3944 3902 3942 3954 3916 3911 3961 3935 3918 3898 3964 3880 3921 3904 3929 3942 3912 3872 3906 4019 3925 3912 3942 3895 3917 3921 3902 3898 3935 3909 3913 3883 3878 3947 3895 3926 3925 3911 3906 3922 3922 3881 3948 3912 3912 3901 3954 3897 3910 3974 3900 3898 3875 3885 3883 3901 3933 3966 3922 3901 3938 3957 3911 3941 3995 3802 3894 3932 3933 3914 3936 3889 3949 3949 3950 3904 4015 3923 3875 3897 
3935 3877 3874 3911 3840 3839 3887 3872 3873 3858 3874 3865 3857 3892 3914 3897 3865 3840 3859 3868 3856 3944 3911 3863 3902 3853 3820 3876 3874 3879 3874 3852 3887 3907 3820 3826 3873 3866 3891 3853 3911 3850 3848 3871 3865 3859 3873 3883 3890 3890 3885 3857 3885 3849 3902 3839 3920 3927 3860 3886 3860 3854 3932 3885 3882 3947 3828 3867 3883 3898 3878 3852 3883 3905 3938 3895 3919 3883 3911 3875 3848 3870 3875 3873 3890 3860 3889 3837 3901 3880 3896 3905 3897 3843 3865 3902 3888 3891 3908 3895 3890 3897 
3854 3846 3809 3879 3846 3857 3854 3845 3832 3869 3825 3904 3858 3895 3840 3819 3846 3859 3877 3894 3869 3866 3861 3879 3859 3867 3846 3795 3874 3892 3842 3803 3870 3845 3819 3861 3831 3838 3840 3826 3802 3865 3841 3860 3846 3811 3814 3865 3853 3809 3848 3879 3824 3900 3854 3862 3843 3859 3860 3806 3894 3811 3880 3853 3904 3832 3790 3847 3851 3830 3898 3820 3820 3868 3894 3862 3820 3895 3811 3841 3817 3822 3835 3811 3834 3837 3843 3909 3841 3904 3808 3870 3877 3852 3820 3890 3875 3879 3837 3826 3847 3868 
3814 3845 3834 3783 3801 3842 3807 3829 3827 3787 3861 3805 3820 3794 3842 3880 3843 3854 3887 3849 3782 3792 3785 3817 3812 3843 3833 3781 3876 3805 3854 3854 3870 3820 3798 3829 3849 3910 3839 3877 3827 3838 3812 3837 3878 3836 3795 3809 3855 3783 3851 3867 3835 3859 3822 3868 3796 3873 3871 3865 3816 3858 3807 3847 3808 3842 3794 3824 3862 3874 3807 3884 3840 3813 3817 3841 3796 3802 3774 3826 3815 3841 3822 3803 3838 3837 3814 3873 3812 3820 3886 3858 3795 3790 3846 3761 3795 3817 3828 3785 3787 3834 
3790 3811 3820 3789 3822 3804 3753 3831 3802 3815 3805 3764 3803 3824 3802 3783 3801 3813 3823 3837 3842 3765 3876 3774 3789 3855 3810 3842 3750 3827 3796 3791 3782 3794 3788 3781 3830 3783 3860 3821 3805 3791 3814 3759 3771 3776 3811 3789 3814 3852 3818 3784 3863 3822 3789 3785 3776 3840 3792 3815 3777 3823 3826 3769 3793 3779 3790 3790 3771 3818 3806 3821 3807 3814 3812 3806 3814 3823 3785 3789 3811 3780 3833 3796 3795 3765 3834 3802 3803 3812 3792 3807 3782 3835 3764 3780 3849 3798 3798 3809 3840 3839 
3768 3802 3760 3735 3750 3742 3786 3789 3824 3791 3738 3818 3762 3789 3756 3759 3777 3754 3766 3774 3765 3787 3798 3801 3796 3808 3726 3800 3788 3781 3743 3810 3813 3786 3793 3773 3775 3800 3766 3759 3784 3779 3832 3769 3824 3821 3770 3757 3778 3752 3783 3752 3781 3741 3775 3769 3767 3768 3824 3777 3808 3777 3757 3773 3756 3779 3772 3782 3797 3789 3791 3796 3778 3819 3761 3771 3776 3773 3780 3767 3757 3768 3797 3764 3760 3777 3777 3786 3771 3768 3808 3787 3754 3803 3738 3796 3722 3754 3742 3793 3800 3774 
3759 3786 3772 3790 3743 3788 3759 3763 3781 3746 3754 3761 3772 3765 3750 3775 3771 3761 3779 3786 3717 3769 3774 3773 3782 3775 3741 3745 3787 3773 3762 3829 3796 3779 3750 3790 3758 3746 3758 3780 3774 3760 3784 3761 3761 3776 3743 3800 3773 3803 3798 3793 3775 3748 3771 3746 3774 3802 3778 3713 3758 3784 3776 3757 3767 3735 3761 3755 3717 3784 3750 3791 3788 3758 3762 3735 3792 3765 3794 3775 3779 3759 3754 3754 3765 3727 3747 3815 3794 3763 3787 3754 3752 3753 3748 3762 3785 3746 3751 3774 3730 3767 
7568 7616 7538 7628 7459 7428 7444 7586 7568 7522 7459 7442 7463 7467 7479 7580 7610 7745 7566 7658 7581 7507 7491 7571 7577 7556 7647 7491 7568 7536 7517 7495 7518 7494 7506 7546 7726 7625 7539 7557 7502 7464 7517 7533 7566 7597 7549 7587 7595 7538 7473 7436 7607 7626 7628 7508 7644 7514 7555 7572 7609 7751 7483 7513 7530 7529 7534 7574 7679 7579 7617 7416 7404 7612 7416 7489 7478 7674 7569 7369 7409 7579 7541 7528 7488 7503 7506 7511 7532 7541 7519 7629 7469 7544 7499 7510 7704 7507 7444 7475 7524 7517 
7238 7123 7235 7125 7099 7178 7221 7251 7131 7041 7247 7172 7340 7137 7111 7157 7107 7234 7159 7152 7108 7100 7143 7160 7141 7155 7186 7167 7167 7139 7051 7168 7170 7176 7093 7192 7084 7297 7168 7080 7142 7091 7112 7194 7204 7321 7121 7239 7138 7142 7149 7217 7193 6978 7085 7160 7137 7069 7017 7215 7153 7110 7039 7194 7159 6990 7104 7262 7191 7068 7153 7133 7162 7048 7180 7313 7193 7299 7204 7195 7183 7134 7170 7143 7144 7230 7168 7139 7104 7078 7212 7113 7369 7091 7117 7105 7081 7096 7106 7121 7200 7244 
7013 6867 7037 7053 7028 7044 6866 7033 6956 6841 7138 7044 6968 7056 7073 6980 6961 6902 7030 6873 7060 6887 7037 7026 7009 7030 7000 7144 7032 6963 7004 6972 7030 6984 6940 6982 6890 6924 6967 7060 7064 7013 7059 6997 7010 7044 7040 6986 7038 6929 7071 6935 7089 7038 6902 7049 6818 7042 6966 6913 7075 7095 7026 6879 6981 7086 7036 6944 6879 6848 7058 6998 6925 7040 7025 7126 6920 7083 6922 7067 6992 6978 6939 7015 6985 6862 6991 7052 7010 7034 7012 6947 7057 6963 6982 6888 7022 7031 7104 6969 6964 6970 
6920 6920 6909 6967 6976 6737 6923 6887 6639 6903 6844 6809 6908 6771 6677 6938 6870 6894 6731 6741 6726 6805 6900 6891 6753 6828 6757 6626 6731 6770 6877 6806 6633 6883 6868 6955 6637 6540 6866 6706 6785 6836 6639 6819 6743 6765 6921 6867 6725 6688 6836 6606 6811 6787 6801 6874 6764 7133 6868 6935 6901 6852 6707 6745 6745 6680 6968 6750 6754 6549 6961 6843 6923 6930 6767 6843 6724 6733 6693 6683 6902 6667 6668 6687 7090 6780 6766 6768 6816 6766 6829 6781 6782 6815 6698 6628 6826 6916 6908 6825 6859 6830 
6590 6524 6616 6737 6780 6553 6524 6592 6737 6752 6869 6546 6670 6636 6846 6755 6749 6543 6566 6788 6563 6582 6573 6587 6549 6467 6563 6695 6590 6647 6834 6686 6494 6595 6411 6594 6745 6870 6518 6436 6681 6619 6517 6665 6549 6609 6838 6406 6558 6794 6650 6568 6632 6684 6582 6677 6357 6423 6881 6903 6747 6762 6561 6555 6361 6353 6664 6468 6580 6684 6378 6907 6765 6653 6464 6544 6746 6633 6959 6833 6786 6611 6693 6471 6570 6775 6632 6442 6609 6420 6706 6461 6576 6642 6593 6516 6529 6548 6869 6851 6451 6339 
6176 6230 6326 6582 6132 6421 6284 6173 6421 6533 6536 6563 6490 6192 6476 6361 6473 6377 6487 6358 6207 6212 6212 6108 6467 6464 6528 6464 6316 6531 6443 6427 6499 6286 6176 6419 6470 6308 6658 6464 6439 6077 6297 6546 6402 6398 6088 6521 6204 6271 6472 6531 6500 6337 6423 6304 6483 6378 6386 6500 6490 6279 6335 6163 6655 6487 6520 6079 6257 6330 6232 6099 6309 6386 6143 6188 6309 6094 6241 6296 6434 6026 6303 6371 6642 6473 6540 6280 6507 6262 6615 6431 6665 6466 6162 6302 6581 6472 6436 6353 6406 6518 
6199 6034 6310 6070 6137 6368 6187 6409 6330 6057 6334 6105 6237 6183 6168 6405 6320 6411 6168 6136 6228 6200 6433 6407 6258 6116 5937 6033 6070 6023 6336 6134 6226 5960 6554 6158 6217 6287 6132 6067 6149 6322 6310 6162 6346 6258 5929 6160 5844 6221 6002 6070 6240 6217 6177 6026 6070 6199 6304 6174 6550 6303 6167 6221 6371 6338 6155 5932 6382 6153 6444 6298 6047 6243 6154 6292 6009 6200 6098 5890 5990 6138 6259 6531 6025 6419 6136 6203 6061 6146 6332 6162 6177 6038 5959 6056 6190 6213 6256 6301 5839 6310 
6121 6082 6225 5848 6134 6182 5809 6231 5978 5906 6187 6146 6152 6015 6170 5966 5882 6170 5976 5892 6226 6085 6222 6095 6024 5889 5812 6182 6037 6396 6153 6104 5888 6129 5801 6144 6168 6176 5997 5944 5926 6188 6147 6151 5980 5849 6015 5812 6207 6042 5987 6118 5858 5983 6052 6236 5975 5897 5752 6154 5871 5804 6261 6203 6090 5792 6078 6123 5984 6282 5804 6151 6219 5869 5784 5947 5935 5983 6023 5885 5875 5997 6131 6021 5872 6021 6147 6078 6023 6040 5923 6018 5980 5946 6102 5970 5929 6051 5980 6063 6101 5884 
5861 5971 5844 5718 6083 6137 5840 5627 6044 5876 6222 5809 5840 6049 5980 6008 6150 5638 5809 5925 5924 5774 5801 5936 6063 5783 6049 6008 5959 5667 5932 6122 6048 6061 6250 6066 5737 6064 5942 5919 5688 5850 5868 5989 5694 5731 5928 6004 6042 6005 6033 5928 5801 6049 6195 5705 5883 5686 5979 5817 5873 6015 5995 5766 6230 6043 5938 5899 5949 5933 5918 5831 6107 6039 5881 6136 6110 5859 6172 6123 6095 5824 5994 5831 6069 5790 6115 5893 5944 5976 6138 5999 5771 6059 5636 5888 5991 5851 5760 5987 5824 6067 
6122 5768 5880 5952 5787 5835 5757 5678 6011 5856 5848 5831 6188 5782 5967 5969 5916 5684 5765 5831 5922 5825 5872 6070 5721 5693 5795 5974 5934 5716 5763 5621 5681 5927 5710 5906 5904 5997 5884 5995 5770 5789 5691 5774 5712 5820 5972 5922 5981 5980 5763 5801 5912 6014 5928 6065 5767 5840 5801 5859 5858 5928 5707 5906 5881 5979 5796 5699 5823 5807 5899 5639 6068 5763 5741 5707 5892 5855 5720 5858 6093 5933 5857 5800 5841 5845 5786 5765 6094 5830 5727 5678 5716 5739 5753 5655 5929 5859 5793 5887 5739 5738 
6053 5893 6015 5865 5578 5741 5694 5976 5861 5678 5672 5630 5923 5793 5975 5760 5767 5739 5847 5688 5680 5957 5639 5776 5714 5822 5808 5605 5599 5836 5802 5955 5816 5744 5656 5821 6000 5771 6051 5827 5896 5862 5732 5646 5765 5748 5809 5927 5801 5632 5729 5801 5885 5809 5797 5970 5783 5794 5841 5812 5687 5531 5759 5808 5740 5801 5586 5829 5900 5677 5743 6025 5721 5763 5843 5804 5704 5866 5848 5664 5710 5698 5608 5883 5653 5745 5824 5677 5885 5604 6049 5728 6041 5773 5758 5738 5767 5464 5895 5624 5759 5792 
5756 5719 5629 5837 5859 5813 5961 5911 5509 5675 5792 5693 5628 5667 5593 5737 5718 5444 5725 5616 5675 5837 5785 5873 5731 5675 5832 5511 5796 5435 5887 5830 5651 5374 5808 5539 5827 5726 5633 5573 5773 5482 5780 5665 5627 5797 5504 5663 5721 5633 5662 5848 5976 5801 5793 5774 5709 5553 5640 5740 5783 5778 5559 5841 5755 6113 5892 5737 5848 5524 5588 5742 5721 5858 5406 5803 5867 5674 5667 5578 5847 5765 5845 5623 5673 5752 5615 5683 5546 5419 5756 5906 5583 5880 5692 5642 5586 5915 5829 5609 5766 5754 
5517 5711 5856 5656 5579 5326 5660 5565 5764 5746 5547 5492 5649 5530 5774 5644 5553 5846 5787 5714 5887 5427 5851 5522 5870 5607 5579 5697 5777 5532 5969 5700 5909 5928 5743 5746 5777 5791 5649 5897 5470 5808 5614 5386 5760 5582 5978 5266 5520 5837 5627 5699 5612 5830 5782 5740 5530 5706 5925 5530 5644 5168 5814 5824 5522 5871 5600 5920 5845 5724 5916 5654 5862 5700 5608 5594 5324 5896 5805 5561 5477 5437 5347 5765 5940 5875 5494 5558 5608 5674 6002 5878 5853 6021 5453 5862 5693 5608 5684 5726 5572 5482 
5644 5696 5611 5802 5617 5767 5983 5561 5738 5311 5416 5774 5840 5580 5430 5725 5803 5505 5754 5462 5547 5409 5415 5539 5621 5253 5735 5716 5825 5618 5610 5621 5442 5324 5690 5749 5684 5572 5483 5756 5913 5585 5623 5399 5681 5627 5558 5286 5186 5502 5781 5824 5909 5749 5211 5961 5616 5322 5969 5147 5327 5763 5741 5804 5621 5467 5485 5707 5926 5909 5548 5836 5892 5915 5606 5834 5501 5821 5577 5359 5687 5563 5592 5565 5473 5672 5559 5884 4915 5538 5894 5570 5814 5652 5839 5582 5566 5674 5488 5469 5408 5459 
5578 5667 5725 5588 5357 5506 5522 5481 5582 5557 5109 5722 5439 5666 5559 5338 5196 5278 5689 5032 4997 5488 5648 5247 5513 5735 5437 5808 5497 5637 5531 5469 5599 5526 5381 5592 5867 5598 5563 5364 5459 5492 5643 5804 5612 5780 5112 5558 5646 5149 5506 5415 5717 5543 5496 5350 5075 5544 5703 5336 5400 5263 5542 5675 5513 5324 5272 5802 5302 5563 5865 5547 5555 5118 5176 5447 5535 5312 5752 5606 5717 5451 5465 5629 5697 5681 5577 4923 5476 4974 5555 5625 5531 5395 5823 5829 5383 5459 5628 5403 5626 5464 
5496 5615 4979 5530 4949 4811 5614 5224 5180 5052 5659 5064 5095 5037 5554 5345 5223 5361 5264 5012 5514 5407 5430 5720 5382 5142 5224 5408 5143 5381 5757 5533 5262 5463 5311 5138 5264 4929 5553 4976 5136 5264 5352 5711 5538 5170 5712 5315 5329 5539 5478 5490 5516 5509 5485 5169 5511 5804 5498 5255 5213 5453 5483 5693 5240 5457 5002 5501 5497 5258 5531 4926 5944 5326 5678 5692 5682 5460 5558 5240 5311 5262 5470 5735 5707 5273 5473 4780 5477 5489 5510 5487 5497 5246 5118 5482 5167 5228 5729 5424 5201 5416 
5281 5181 5222 5248 5265 5331 5226 5814 5179 5337 5234 5332 5583 5649 5368 4991 5423 5369 5238 5568 5729 5296 5642 5053 5467 5801 5393 5642 5414 5475 5496 5174 5550 5549 4930 5589 5233 5434 5125 5182 5155 5270 5140 5329 5521 5089 4736 5705 5349 5086 5562 5515 5341 5408 5234 5140 5318 5033 5635 5012 5399 4901 5127 5326 5558 5316 4765 5233 5252 4960 5567 4927 4886 5457 4957 5545 5023 5905 5084 4978 5000 5135 5432 4867 5527 5334 4949 5580 5015 5073 5161 5223 5681 5432 5091 5345 5381 5600 5217 5630 5673 5654 
5438 5347 5115 5146 4884 5674 4851 5236 4891 5098 5379 4869 5291 5363 5244 5581 5014 5465 5331 5717 4729 4991 4677 4730 4819 5331 5020 4487 5526 5261 5163 5392 5449 4977 4950 5041 5789 5632 5488 5346 5037 5297 4876 5444 5669 5326 5132 5004 5408 4959 5210 5221 5113 5319 4976 5379 4976 5116 5212 5520 5297 5349 4889 5140 5231 4986 4766 5305 5713 5805 5069 5688 5276 5105 5215 5338 5266 5049 5254 5404 5272 5315 5036 5118 5258 5143 5190 5306 5198 4649 5702 5443 5178 4708 5075 4791 4996 5079 5562 4736 4313 5463 
5687 5189 5231 4883 5119 5542 4910 5110 4524 5350 5071 4550 5250 5263 5097 4871 5163 4623 5352 5273 5366 4929 5526 5004 5220 5040 5020 5339 4633 4912 4982 4981 4695 5100 4759 5184 5193 4589 5322 5130 4830 5302 4948 4914 4785 4825 4837 4475 5208 5621 5191 5069 5804 5575 4892 5019 4742 5419 5015 5033 4766 4943 5186 5138 4903 4782 4798 4767 4897 5072 5249 5097 4969 5189 5332 5220 5378 5506 4898 4816 5223 5112 5463 5007 4864 4755 4748 4886 4730 4891 5252 5280 4775 5221 4834 5312 5598 5104 4928 5211 5192 5464 
5287 4926 4683 4398 4848 4753 4910 5217 4976 4883 4319 5543 4767 5459 4465 4743 4579 4554 5130 4929 4969 4834 5293 5258 4717 5474 4457 5120 4851 5105 4657 5737 5579 4741 4983 4707 4633 4954 4584 4869 5196 4823 5826 5151 5525 5128 4929 4590 4852 4520 5225 4935 5124 4776 4998 4669 4477 4627 5501 4747 4701 5489 5144 4807 4573 4482 4900 5402 4962 5070 4973 5077 5122 5414 4965 4644 4885 4651 5164 4781 4622 4879 5335 5013 4831 4711 4553 4686 5187 4758 5234 5011 4717 5144 4769 4682 4642 4740 4661 4800 5172 4938 
4926 5243 4826 4756 4777 5176 4640 4730 4788 4962 5066 4810 5004 4310 4360 4682 5197 4586 5137 4677 4688 4532 5307 4893 5316 5226 4554 4529 4829 4819 4641 5553 4875 4956 4811 4660 5108 4385 4653 5015 5090 4783 4456 4734 4758 4702 4915 5363 4948 5223 4960 4771 4722 4710 4944 4539 5212 5374 4731 4396 4578 4754 4905 4825 5467 4392 4751 4448 4193 5384 4981 4878 4642 4716 4541 4505 4637 4628 4877 5096 5054 4532 4884 4684 4480 4421 5282 5009 4996 4719 5160 5001 4320 5227 5195 5549 5018 4586 4882 4621 4398 5213 
13929 13606 13768 14172 13631 13600 13460 13572 13883 14006 13267 13741 13584 13602 13332 14112 13410 13840 14000 13617 13539 13836 13514 13930 13789 13558 13721 13448 13806 13676 13446 13382 13838 13316 13377 13772 13880 13232 13238 13632 13460 13354 13485 13616 13773 13354 13635 13772 13788 13569 13722 13628 13615 14190 13442 13435 14034 13557 13787 13877 13629 14318 13467 13549 13833 13512 13807 13622 13943 14078 13437 13090 13097 14207 13617 13674 13562 13761 13596 13350 13173 13918 13489 14056 13729 13561 13310 13460 13419 13446 13552 13957 13591 14062 13510 13238 13570 13510 13749 13728 13315 13328 
10627 9718 10086 10034 10163 10298 10296 10571 10080 9684 10396 10351 10724 10250 10150 9639 10278 10024 9717 10256 9713 10382 10391 9722 10514 10235 9847 9771 10319 9991 9178 10357 10329 10309 9994 10054 9999 10104 10146 9890 10009 10061 10117 10210 10739 10568 10405 9856 10293 9863 9919 10165 9908 9636 10022 10206 10205 9986 9715 10138 10017 10315 9842 10280 9888 9885 9371 10584 10459 10204 10227 10156 9925 9888 10223 10139 9835 9806 10117 9913 9470 9819 9923 9918 9371 10043 9771 9842 10132 10387 9505 9776 10789 10022 9372 10121 9848 10117 10084 10089 9909 9878 
8033 7956 8436 7982 7667 8066 7868 8062 7892 7912 8514 8098 8300 8099 8608 7952 8358 7846 8036 7966 8154 7772 7808 7933 8844 8087 7858 8454 7984 8169 8288 8287 8116 8015 7518 8017 8118 7961 7955 7369 8014 8482 8171 7554 7675 8217 7964 7886 8012 7699 7958 7998 7894 8315 7592 8561 8224 8303 8288 7605 7942 8076 8328 8116 8091 8124 8550 7485 7948 8484 8224 7975 7692 8002 7796 8162 7962 8579 7569 8705 7681 8346 8011 8479 7558 8107 7823 7985 8224 7994 8892 8167 7939 7872 8025 8266 8021 8648 8502 8200 8311 7551 
6851 6949 6748 6998 6524 6998 7041 7044 6503 7305 6922 7261 7296 6786 6342 6518 7013 6905 6375 6399 6739 6911 6913 6819 6656 6742 7313 6521 6791 6828 6646 6944 6526 6909 6795 6888 7202 6460 6673 6529 6487 6655 6697 7079 6606 6586 7137 6912 6705 6761 7168 6937 6418 6660 7058 6724 6709 7467 7224 6954 7027 6817 6987 6852 6640 7136 7340 6636 6567 6900 6954 7240 7132 7009 6464 6975 7115 6873 6963 7037 6789 7131 6942 6788 7276 7229 6821 6420 6878 6743 6856 6847 6856 6567 6532 6739 6899 7047 6575 6664 7563 6734 
6123 5878 5703 5859 6056 5786 5756 5965 6103 6262 6319 6114 6445 6065 6467 6240 6359 5833 5948 6136 6402 5974 5991 6053 6088 5981 5860 6134 5943 6281 5854 5679 5914 5919 5797 6083 5946 6306 6106 5772 5821 5832 6033 6285 6405 5935 6465 5860 5906 6172 6054 5746 6110 6305 6111 6103 5757 5734 6386 6343 6290 5760 5880 5932 6346 5734 5977 6109 6098 5906 5666 6089 6420 5992 5728 5904 5991 5769 6269 6263 6308 6170 6460 5903 6019 6113 6376 5675 5809 5875 6091 5965 6057 6009 6220 6304 5908 6021 6412 6204 5959 6119 
5219 5237 5341 5551 5112 5461 5472 5599 5270 5399 5618 5433 5444 5413 5559 5481 5498 5698 5698 5242 5362 5495 5220 5525 5763 5478 5514 5666 5173 5489 5593 5433 5432 5239 5023 5473 5207 5385 5590 5463 5452 5394 5499 5696 5199 5362 5494 5702 5463 5449 5453 5563 5396 5361 5574 5344 5738 5265 5707 5291 5517 5050 5072 5209 5605 5443 5590 4998 5401 5408 5432 5124 5362 5227 5397 5145 5358 5255 5179 5562 5427 5195 5445 5501 5489 5446 5535 5369 5431 5646 5653 5432 5727 5538 5182 5113 5589 5677 5731 5324 5462 5517 
5305 4795 5192 5095 4969 5306 5150 5149 5052 4801 4968 5193 5179 5244 5119 5134 4930 5055 5055 5137 4876 5234 5277 5043 4990 4811 4447 5021 4993 5134 5025 5036 5247 4852 5123 5122 5154 5263 4967 5118 5200 4988 5095 5063 5140 5076 4791 4962 4730 5154 5012 4986 4988 5094 5361 4799 4976 5099 5037 5119 5079 4859 4849 5136 5171 5257 5106 5074 5104 4886 5104 4844 4874 5063 5054 5148 4875 5064 5029 5040 4799 4744 4811 5209 4760 5255 5148 4979 5131 5135 5063 5091 5200 5005 4710 4976 4861 4756 4957 5256 4732 5089 
4784 4925 4664 4561 4591 5071 4855 5122 4692 4603 4881 4841 4952 4636 4809 4544 4620 4697 4618 4618 4664 4715 4755 4515 4653 4608 4808 4807 4692 4896 5006 4864 4496 4888 4614 4909 4641 4651 4677 4418 4705 4647 4793 4734 4608 4569 4523 4629 4718 4940 4894 4640 4587 4853 4809 4957 4707 4685 4573 4683 4742 4644 4953 4762 4864 4407 4717 4731 4784 4838 4484 4944 4763 4459 4752 4689 4655 4646 4622 4675 4521 4739 4599 4815 4538 5001 4843 4450 4603 4651 4613 4743 4621 4915 4686 4552 4840 4784 4577 4559 4798 4484 
4341 4593 4447 4199 4588 4696 4452 4549 4625 4701 4726 4384 4380 4416 4672 4394 4584 4302 4455 4692 4452 4367 4192 4596 4405 4576 4382 4475 4613 4242 4355 4525 4384 4557 4441 4459 4494 4658 4268 4522 4317 4441 4434 4522 4364 4384 4505 4410 4661 4579 4515 4385 4300 4255 4281 4360 4362 4429 4569 4435 4321 4466 4271 4523 4769 4576 4404 4391 4509 4462 4439 4381 4684 4621 4687 4640 4677 4390 4763 4603 4540 4385 4493 4539 4520 4556 4702 4498 4590 4436 4765 4740 4418 4515 4222 4433 4586 4375 4515 4499 4498 4498 
4081 4179 4644 4151 4156 4054 4417 4129 4267 4013 4492 4252 4015 4231 4337 4398 4264 4163 4312 4099 4146 4078 4295 4191 4350 4173 4158 4461 4478 4272 4234 4104 4256 4155 4120 4380 4346 4463 4256 4334 4399 4012 4208 4269 4058 4193 4127 4165 4303 4092 4083 4263 4192 4422 4394 4329 4219 4168 4292 4191 4057 4161 4185 4278 4286 4383 4177 4396 4241 3962 4121 4012 4333 4356 4016 4165 4249 4166 4149 4448 4283 4216 4135 4386 3956 4196 4143 4251 4260 4262 4009 4120 4233 4147 4168 4116 4131 4274 4346 4223 4127 4343 
4096 3911 4231 3936 3867 4167 4062 4129 4072 4017 4091 3873 3988 4277 4072 4092 3921 3801 4198 3904 3884 4133 3924 4095 3908 3974 4094 4109 3825 3999 4405 4043 3998 4041 3771 4095 4054 4042 4212 4039 4091 4314 4151 4193 3948 4083 4182 4043 4025 4113 4011 4025 4087 3992 4108 3983 4232 3983 4143 4156 4214 3864 4112 3835 4063 4009 4294 4050 4033 4059 3948 4119 4138 4002 4204 4169 4169 4100 3987 3978 4119 4088 4046 4123 4148 4290 4252 3995 4288 4151 3945 4042 3987 3909 3975 4145 4153 4018 4025 4023 4079 4230 
3959 4006 3727 4020 3840 3952 3858 3984 3961 3943 4039 4136 3972 3881 4018 3942 4043 4042 3941 3781 3976 3980 3959 4107 3935 3823 3998 3921 3917 3925 4088 3912 4039 3816 4049 3850 3856 3978 3856 3929 4114 3824 4018 3877 3920 3918 4031 3936 3814 4001 4028 4074 4023 4068 3916 3902 3867 3892 3927 4002 4011 3881 3811 3996 3879 4272 3913 3824 4012 3826 3800 3812 3752 3937 3923 4057 3859 4018 3747 3779 3973 4025 3892 3959 3793 3777 3850 3865 3978 3752 3886 3864 4006 4027 4007 3895 3816 3867 3939 3765 3965 3968 
3794 3780 3775 3779 3741 3773 3866 3716 3786 3834 3724 3656 3900 3844 3897 3864 3808 3869 3902 3745 3980 3616 3859 3876 3944 3919 3766 3955 3557 3732 3749 3722 3959 3993 3922 3828 3832 3784 3844 3989 3835 3646 3912 3906 3938 3805 3800 3617 3678 3818 3944 4020 3941 3680 3816 3906 3687 3713 3869 3872 3775 3724 3873 3979 3726 3855 3810 3869 3591 4024 4027 3932 3919 3756 3701 3658 3763 3791 3813 3823 3840 3721 3673 3853 3725 3798 3820 3877 3749 3761 3782 3801 3941 3836 3812 3776 3721 3767 3598 3722 3803 3973 
3518 3730 3787 3509 3748 3669 3618 3736 3869 3604 3769 3857 3824 3544 3615 3796 3710 3745 3611 3557 3740 3660 3617 3689 3624 3718 3598 3901 3696 3688 3587 3725 3682 3702 3602 3709 3608 3640 3742 4006 3879 3637 3655 3709 3693 3705 3599 3636 3435 3626 3802 3605 3947 3671 3600 3683 3675 3823 3837 3720 3602 3630 3794 3790 3575 3566 3685 3639 3642 3828 3717 3765 3805 3802 3720 3682 3705 3804 3601 3604 3854 3838 3879 3652 3867 3596 3498 3634 3690 3636 3726 3786 3790 3628 3574 3659 3966 3701 3745 3729 3721 3586 
3658 3721 3725 3478 3531 3669 3649 3564 3487 3640 3538 3647 3692 3700 3667 3625 3397 3703 3641 3316 3363 3600 3551 3454 3652 3604 3696 3520 3582 3728 3585 3674 3695 3627 3541 3532 3733 3649 3611 3548 3613 3764 3599 3615 3594 3549 3674 3578 3654 3739 3704 3704 3653 3575 3545 3669 3650 3567 3697 3529 3458 3648 3562 3577 3820 3525 3672 3610 3588 3544 3477 3878 3624 3732 3394 3547 3475 3598 3578 3828 3614 3619 3710 3504 3615 3751 3757 3315 3487 3752 3715 3658 3630 3480 3707 3675 3658 3598 3783 3635 3477 3647 
3677 3506 3556 3544 3449 3537 3585 3574 3550 3516 3521 3505 3484 3429 3721 3577 3563 3531 3419 3578 3579 3678 3581 3452 3546 3412 3381 3434 3352 3464 3537 3500 3468 3494 3594 3439 3602 3564 3602 3512 3808 3384 3497 3492 3521 3530 3587 3453 3585 3627 3592 3499 3577 3429 3531 3471 3677 3527 3511 3661 3478 3294 3751 3573 3503 3709 3408 3543 3382 3614 3604 3367 3529 3570 3678 3482 3659 3573 3477 3702 3556 3451 3497 3505 3613 3432 3569 3444 3620 3556 3604 3520 3650 3443 3429 3560 3473 3489 3618 3444 3499 3560 
3488 3456 3465 3573 3362 3527 3491 3455 3537 3571 3474 3581 3504 3506 3465 3570 3378 3451 3516 3523 3503 3415 3582 3523 3464 3489 3431 3376 3435 3420 3514 3279 3674 3530 3304 3539 3375 3489 3552 3366 3338 3330 3342 3557 3481 3294 3328 3513 3457 3228 3484 3436 3432 3648 3362 3508 3345 3577 3488 3341 3469 3386 3573 3357 3665 3316 3360 3498 3530 3493 3603 3365 3404 3525 3610 3415 3243 3424 3354 3572 3431 3349 3437 3210 3450 3552 3538 3481 3460 3605 3363 3590 3418 3454 3333 3563 3484 3620 3432 3354 3479 3533 
3331 3548 3427 3199 3402 3432 3331 3289 3390 3295 3592 3409 3326 3393 3463 3508 3407 3460 3456 3507 3342 3216 3293 3520 3370 3295 3393 3258 3509 3441 3509 3524 3381 3367 3285 3378 3400 3541 3360 3509 3420 3466 3353 3344 3484 3416 3292 3404 3590 3444 3472 3555 3346 3417 3297 3520 3474 3459 3468 3555 3422 3452 3299 3517 3375 3372 3486 3461 3508 3480 3335 3489 3272 3426 3322 3388 3414 3240 3218 3419 3436 3457 3469 3365 3530 3284 3327 3414 3447 3392 3538 3514 3357 3369 3495 3288 3393 3289 3383 3302 3283 3261 
3293 3325 3450 3284 3409 3268 3270 3445 3265 3411 3569 3098 3442 3292 3355 3310 3305 3456 3316 3345 3303 3145 3570 3435 3269 3454 3509 3423 3168 3450 3317 3382 3223 3415 3258 3208 3450 3317 3547 3442 3249 3172 3464 3244 3356 3285 3334 3234 3373 3526 3453 3374 3511 3339 3346 3293 3228 3486 3312 3415 3223 3374 3331 3123 3308 3235 3304 3333 3322 3319 3379 3340 3377 3289 3404 3245 3459 3445 3497 3487 3473 3256 3376 3293 3255 3173 3396 3419 3243 3419 3455 3391 3312 3433 3209 3359 3508 3336 3331 3397 3443 3505 
3275 3239 3293 3214 3215 3140 3328 3320 3477 3225 3281 3321 3211 3257 3064 3197 3303 3165 3210 3275 3297 3387 3388 3285 3462 3367 3130 3253 3357 3265 3295 3420 3432 3391 3348 3255 3298 3197 3320 3227 3308 3419 3391 3202 3439 3434 3351 3363 3268 3338 3282 3258 3212 3163 3240 3174 3152 3279 3382 3163 3090 3323 3177 3130 3366 3256 3314 3406 3251 3175 3351 3267 3347 3362 3224 3316 3179 3300 3282 3279 3167 3295 3355 3241 3219 3275 3437 3462 3303 3346 3333 3403 3219 3226 3162 3250 3118 3248 3078 3294 3305 3464 
3211 3393 3365 3452 3257 3320 3369 3121 3281 3113 3237 3218 3194 3260 3079 3417 3409 3193 3331 3315 3254 3157 3311 3182 3250 3170 3054 3178 3384 3300 3160 3495 3358 3260 3258 3294 3113 3361 3159 3373 3336 3223 3237 3264 3355 3309 3225 3446 3275 3306 3424 3316 3313 3139 3307 3087 3264 3352 3323 3253 3217 3228 3331 3298 3200 3048 3163 3267 3114 3277 3135 3324 3273 3286 3246 3232 3291 3266 3336 3341 3182 3178 3251 3203 3222 3177 3151 3381 3432 3207 3264 3197 3276 3289 3192 3162 3309 3224 3208 3175 3285 3195 
8246 7755 7485 8150 7581 7436 7425 7579 8035 7701 7649 7540 7616 7489 7435 7759 7649 8456 8058 7720 7868 7943 7942 8012 7470 7758 7933 7541 7850 7712 7846 7915 7765 7683 7374 7617 8584 7599 7330 8040 7797 7542 7810 7794 7681 7394 7546 7649 7948 7549 7553 7477 8030 8149 7926 7716 8167 7551 7890 7773 7866 8640 7700 7582 7572 7399 7706 7712 8346 7882 7738 7776 7344 8019 7615 7507 7573 8290 7924 7303 7240 8012 7955 7857 7667 7743 7744 7528 7805 7426 7630 8234 7831 7821 7648 7479 8437 7655 7489 7676 7832 7430 
5921 5410 5527 5454 5513 5686 5723 5996 5753 5399 5893 5724 5911 5803 5520 5460 5568 5650 5588 5527 5310 5741 5831 5630 5961 5573 5457 5458 5570 5562 5325 5672 5604 5956 5552 5882 5447 5607 5637 5438 5477 5387 5611 5570 5998 5794 5648 5624 5622 5557 5423 5662 5673 5471 5557 5608 5694 5302 5335 5879 5621 5704 5238 5818 5232 5398 5203 6154 5624 5521 5625 5531 5431 5486 5772 5680 5676 5489 5609 5772 5323 5454 5549 5626 5332 5542 5293 5677 5543 5590 5233 5375 6103 5695 5305 5607 5323 5646 5548 5522 5390 5669 
4636 4506 4883 4604 4615 4685 4559 4581 4465 4699 4766 4600 4769 4570 4871 4581 4665 4418 4526 4509 4472 4466 4620 4515 5193 4725 4543 4906 4582 4565 4783 4750 4705 4522 4472 4558 4467 4671 4542 4447 4631 4575 4765 4474 4449 4706 4722 4502 4601 4566 4489 4493 4510 4841 4520 4810 4478 4704 4819 4482 4439 4759 4619 4713 4759 4527 4905 4387 4574 4598 4683 4695 4474 4643 4446 4780 4588 4696 4460 4986 4532 4713 4464 4829 4425 4444 4596 4711 4664 4652 4965 4598 4653 4535 4568 4738 4634 4954 4691 4732 4895 4445 
4153 4015 4079 4077 3970 4025 4077 4116 3878 4248 4118 4310 4284 4060 3927 4036 4152 4022 3932 3857 4067 4043 4114 4010 3990 4011 4169 3998 4143 3999 4091 4060 3913 4063 4061 4029 4268 3887 4040 4013 3920 4006 4022 4119 3975 4042 4320 4144 3840 4034 4161 4106 4014 3905 4139 4139 3939 4303 4010 4090 4087 4125 3993 4029 3970 4131 4255 4058 3998 4038 4151 4236 4105 4043 3940 4130 4185 4215 4162 4052 3966 4118 4083 4067 4307 4104 4008 3928 4204 4073 4029 4093 3981 4034 3936 3953 4175 4045 4026 3976 4356 3966 
3701 3684 3651 3607 3757 3578 3604 3575 3712 3812 3827 3733 3734 3753 3826 3838 3744 3630 3608 3798 3777 3627 3698 3718 3762 3633 3602 3719 3708 3691 3548 3699 3561 3670 3524 3759 3645 3797 3679 3541 3645 3489 3752 3792 3742 3598 3858 3635 3647 3706 3718 3584 3739 3846 3698 3696 3583 3542 3751 3778 3741 3647 3622 3617 3809 3532 3788 3613 3706 3709 3607 3767 3796 3624 3495 3642 3778 3650 3730 3846 3803 3717 3904 3670 3674 3751 3793 3584 3649 3582 3762 3592 3677 3638 3749 3722 3604 3633 3857 3746 3659 3624 
3378 3349 3340 3444 3286 3462 3268 3491 3320 3401 3595 3425 3473 3419 3457 3372 3519 3551 3483 3346 3371 3343 3272 3434 3449 3376 3430 3449 3229 3488 3451 3331 3380 3355 3212 3450 3281 3403 3523 3422 3387 3416 3392 3382 3308 3356 3394 3492 3372 3372 3375 3553 3386 3439 3449 3461 3471 3338 3500 3314 3474 3309 3316 3378 3533 3443 3452 3259 3361 3344 3357 3293 3387 3350 3412 3231 3357 3369 3318 3481 3385 3328 3430 3419 3470 3423 3480 3384 3383 3523 3476 3415 3506 3458 3282 3318 3434 3553 3477 3336 3472 3393 
3235 3079 3322 3166 3168 3280 3200 3272 3234 3052 3205 3316 3316 3281 3253 3313 3256 3224 3280 3146 3136 3216 3264 3205 3226 3134 2990 3247 3113 3142 3190 3188 3266 3117 3220 3197 3232 3247 3134 3203 3223 3187 3210 3204 3283 3185 3099 3203 3090 3209 3112 3205 3252 3202 3371 3122 3100 3252 3203 3239 3242 3189 3166 3295 3264 3184 3274 3247 3310 3177 3286 3140 3089 3271 3164 3289 3087 3257 3194 3211 3061 3107 3132 3346 3167 3298 3166 3208 3197 3264 3271 3267 3245 3202 3115 3151 3174 3144 3208 3335 3125 3156 
3104 3170 3088 2914 3007 3145 3024 3164 3003 3015 3086 3164 3130 2978 3032 2964 3097 3058 2955 3069 3050 3012 3109 3082 3038 2974 3070 3029 3052 3174 3152 3168 2928 3053 3021 3124 2963 3052 3011 3011 3066 3071 3081 3057 3029 2949 3012 3024 3054 3099 3062 2989 3006 2994 3051 3204 2992 2995 3053 3048 3018 2991 3152 3120 3179 2904 3019 3053 3078 3061 2939 3125 3097 2988 3059 2999 3041 3009 3062 3044 2958 3052 3055 2994 2984 3150 3093 2950 2924 3047 2979 3056 3062 3074 3022 2928 3111 3051 3052 2971 3037 3007 
2882 3018 2899 2823 2915 3028 2941 2860 2964 3004 3044 2891 2862 2968 3008 2900 2965 2820 2887 3015 2940 2823 2808 2973 2872 2917 2928 2896 2961 2839 2923 2930 2943 2969 2914 2913 2957 2987 2870 2947 2870 2967 2834 2892 2818 2904 2948 2931 2972 3026 2937 2820 2878 2886 2850 2871 2949 2943 2991 2936 2949 2916 2878 2893 2992 2922 2912 2862 2886 2922 2948 2866 2993 2928 2979 3020 2995 2837 2998 2984 2978 2943 2937 2944 2854 2968 3016 2969 2960 2948 2967 3028 2933 3004 2810 2829 3000 2897 2910 2976 2965 2906 
2690 2784 2895 2839 2764 2757 2886 2692 2865 2769 2852 2808 2752 2846 2827 2831 2801 2797 2795 2737 2791 2793 2859 2851 2853 2803 2795 2928 2890 2758 2773 2730 2789 2787 2821 2864 2807 2933 2791 2787 2847 2782 2839 2886 2792 2798 2747 2802 2866 2763 2746 2857 2867 2876 2900 2822 2826 2800 2804 2802 2770 2767 2772 2863 2833 2873 2858 2865 2885 2731 2735 2784 2809 2795 2809 2707 2783 2793 2841 2862 2930 2803 2759 2834 2718 2832 2795 2792 2825 2865 2652 2762 2813 2731 2724 2751 2809 2812 2853 2827 2736 2797 
2740 2724 2804 2669 2649 2777 2714 2776 2681 2714 2720 2677 2743 2789 2832 2754 2736 2607 2799 2625 2681 2736 2636 2727 2698 2648 2778 2738 2684 2692 2767 2755 2686 2666 2706 2722 2711 2725 2814 2696 2728 2799 2740 2755 2675 2697 2721 2702 2645 2745 2794 2688 2705 2674 2683 2670 2797 2693 2774 2727 2797 2618 2669 2646 2677 2694 2736 2692 2736 2694 2716 2709 2794 2693 2760 2764 2744 2715 2701 2663 2758 2805 2734 2766 2716 2704 2792 2769 2837 2721 2638 2700 2711 2666 2699 2758 2746 2725 2760 2733 2692 2798 
2687 2669 2608 2752 2605 2617 2668 2703 2661 2688 2663 2663 2659 2658 2708 2633 2657 2642 2674 2563 2681 2698 2592 2733 2663 2614 2636 2659 2639 2613 2718 2667 2694 2556 2714 2597 2709 2680 2620 2638 2707 2574 2687 2586 2617 2654 2782 2587 2593 2642 2657 2667 2619 2699 2683 2621 2620 2662 2704 2618 2656 2618 2530 2691 2700 2770 2689 2637 2654 2583 2567 2588 2676 2657 2674 2717 2596 2703 2590 2612 2699 2707 2611 2643 2620 2641 2623 2651 2624 2561 2639 2646 2678 2682 2673 2603 2647 2644 2608 2599 2706 2704 
2583 2587 2620 2587 2507 2567 2599 2574 2600 2602 2570 2541 2674 2600 2609 2596 2553 2613 2616 2598 2640 2545 2593 2541 2596 2575 2558 2669 2516 2542 2581 2600 2649 2685 2610 2595 2614 2615 2599 2580 2580 2509 2634 2655 2630 2545 2649 2561 2523 2605 2535 2632 2659 2567 2610 2617 2522 2503 2591 2662 2597 2530 2569 2646 2519 2629 2581 2632 2564 2642 2683 2655 2629 2564 2521 2588 2527 2558 2618 2605 2596 2591 2520 2596 2578 2543 2597 2589 2501 2520 2586 2565 2627 2609 2583 2568 2557 2566 2497 2589 2569 2633 
2465 2518 2554 2535 2537 2528 2527 2607 2579 2453 2534 2573 2594 2451 2454 2537 2506 2490 2495 2515 2484 2546 2514 2558 2498 2516 2523 2589 2539 2564 2499 2511 2552 2491 2521 2533 2487 2515 2539 2628 2637 2519 2487 2518 2535 2540 2506 2548 2487 2505 2534 2550 2614 2524 2488 2511 2521 2559 2542 2522 2506 2510 2617 2522 2524 2467 2567 2549 2472 2572 2503 2580 2607 2553 2572 2516 2591 2541 2499 2480 2550 2538 2579 2548 2614 2510 2498 2566 2518 2520 2563 2588 2552 2530 2535 2539 2629 2542 2500 2563 2523 2555 
2488 2493 2512 2534 2478 2470 2519 2484 2497 2487 2467 2542 2475 2508 2483 2486 2395 2524 2481 2405 2461 2456 2527 2462 2546 2512 2520 2486 2529 2499 2521 2470 2508 2450 2458 2448 2511 2556 2507 2441 2487 2564 2511 2487 2494 2484 2500 2491 2439 2459 2495 2500 2518 2415 2441 2479 2469 2494 2461 2491 2474 2477 2492 2447 2540 2469 2475 2444 2537 2475 2466 2566 2465 2458 2435 2441 2511 2443 2473 2512 2491 2498 2503 2527 2510 2521 2568 2337 2472 2523 2530 2456 2499 2444 2521 2499 2521 2484 2576 2497 2447 2484 
2475 2443 2425 2471 2397 2411 2440 2427 2448 2444 2443 2441 2407 2443 2472 2473 2429 2414 2424 2431 2401 2518 2474 2418 2441 2421 2350 2433 2447 2442 2442 2437 2445 2491 2408 2390 2427 2419 2436 2407 2486 2414 2407 2453 2438 2438 2450 2458 2471 2453 2421 2381 2436 2396 2472 2383 2462 2464 2427 2466 2403 2429 2477 2439 2451 2514 2380 2451 2433 2464 2424 2409 2426 2454 2503 2455 2479 2460 2467 2453 2432 2408 2441 2462 2440 2429 2440 2397 2470 2439 2468 2435 2469 2380 2423 2492 2455 2490 2472 2466 2432 2476 
2399 2387 2382 2444 2397 2415 2428 2395 2388 2411 2348 2470 2434 2437 2403 2375 2400 2423 2424 2442 2417 2436 2425 2419 2428 2424 2408 2337 2394 2419 2387 2360 2442 2401 2361 2393 2367 2390 2371 2382 2359 2423 2398 2398 2414 2378 2381 2408 2428 2359 2389 2446 2367 2498 2426 2424 2415 2443 2426 2373 2463 2374 2445 2374 2455 2379 2344 2392 2418 2367 2456 2376 2389 2431 2461 2408 2349 2450 2344 2381 2342 2350 2387 2375 2374 2395 2403 2438 2385 2433 2368 2471 2428 2408 2378 2452 2399 2421 2411 2404 2379 2424 
2367 2406 2397 2324 2372 2389 2351 2365 2393 2340 2403 2335 2351 2327 2403 2448 2399 2426 2456 2389 2332 2352 2358 2368 2380 2378 2361 2326 2430 2347 2409 2404 2422 2369 2328 2375 2398 2417 2395 2425 2388 2356 2357 2419 2444 2386 2326 2354 2402 2349 2380 2411 2389 2401 2406 2414 2332 2427 2401 2431 2365 2447 2361 2387 2353 2392 2342 2372 2443 2402 2364 2439 2365 2370 2379 2377 2356 2364 2307 2408 2359 2386 2400 2381 2412 2381 2377 2431 2371 2374 2408 2402 2340 2323 2374 2299 2336 2339 2402 2312 2334 2359 
2326 2355 2371 2327 2373 2347 2286 2348 2344 2363 2361 2295 2395 2367 2341 2317 2354 2352 2378 2381 2408 2281 2432 2322 2328 2390 2349 2378 2260 2368 2355 2338 2310 2327 2316 2308 2376 2315 2396 2337 2350 2312 2375 2279 2303 2323 2356 2313 2369 2412 2366 2345 2398 2333 2297 2331 2319 2374 2333 2373 2320 2378 2374 2299 2344 2310 2359 2320 2326 2358 2367 2396 2337 2364 2379 2331 2359 2374 2318 2327 2351 2317 2389 2353 2338 2318 2389 2361 2382 2342 2336 2342 2317 2388 2302 2319 2401 2346 2318 2376 2377 2368 
2272 2331 2291 2261 2268 2250 2332 2329 2388 2324 2282 2352 2270 2312 2309 2289 2310 2306 2318 2323 2285 2332 2361 2328 2337 2331 2237 2333 2321 2331 2278 2362 2356 2322 2331 2319 2310 2353 2291 2285 2316 2342 2390 2293 2373 2367 2296 2290 2340 2286 2318 2284 2305 2274 2305 2295 2327 2299 2364 2326 2354 2316 2283 2294 2299 2332 2323 2325 2348 2344 2318 2351 2318 2371 2309 2301 2333 2293 2335 2262 2276 2290 2335 2304 2290 2319 2341 2331 2292 2308 2347 2345 2282 2351 2261 2336 2236 2280 2280 2338 2332 2324 
2290 2335 2298 2328 2260 2319 2281 2284 2311 2302 2263 2316 2311 2279 2292 2307 2281 2282 2314 2323 2256 2299 2309 2306 2298 2324 2280 2272 2327 2304 2301 2386 2326 2300 2257 2334 2256 2262 2289 2304 2282 2280 2317 2278 2296 2314 2263 2351 2301 2317 2322 2344 2311 2274 2322 2260 2314 2324 2307 2229 2327 2331 2295 2295 2300 2245 2313 2297 2237 2308 2277 2328 2318 2268 2317 2270 2337 2307 2348 2309 2294 2311 2286 2298 2307 2259 2284 2362 2325 2291 2334 2305 2282 2266 2255 2297 2320 2266 2278 2306 2250 2305 
9523 9147 8878 9806 8704 8745 8600 8894 9306 9118 8993 8940 8817 8696 8653 9167 9107 9919 9327 8975 9210 9378 9180 9308 8831 9026 9263 8689 9114 9274 9203 9124 9103 9097 8834 8949 10099 8954 8798 9592 9187 8424 8975 8928 9030 8934 8763 9148 9385 8974 8894 8819 9301 9653 9239 8951 9598 8724 9417 9402 9226 10531 9147 9058 8966 8641 8914 9152 9782 9589 9405 9113 8435 9641 8896 8670 9055 9944 9322 8719 8399 9394 9128 9316 9012 8954 8977 8914 9120 8619 9043 9881 8985 9404 8814 8438 9695 8764 8754 9230 9202 8523 
6726 6104 6349 6133 6374 6250 6621 6863 6391 6168 6467 6458 6747 6398 6278 6157 6400 6363 6144 6096 6063 6463 6560 6436 6676 6262 6264 6162 6301 6262 5955 6418 6468 6839 6321 6723 6106 6131 6461 6196 6195 6164 6361 6310 6835 6843 6218 6263 6398 6246 6125 6465 6365 5945 6255 6283 6379 5927 5939 6628 6132 6312 6030 6432 5863 6005 5950 6868 6544 6346 6411 6399 6185 6188 6461 6457 6326 6291 6210 6632 5981 6089 6130 6234 6003 6247 6038 6501 6251 6367 5961 6095 6848 6347 5880 6479 6077 6629 6183 6261 6159 6361 
4975 4918 5484 4975 5068 5102 5142 5121 5006 5274 5357 5030 5193 4987 5292 5092 5119 4912 5010 4909 5080 5101 5186 4905 5777 5319 4934 5394 5054 5010 5277 5217 5183 5070 4708 5197 4883 5146 5095 4815 5006 5019 5411 5035 4829 5198 5295 4856 5033 5000 4993 4911 5003 5430 4974 5163 4865 5211 5351 4835 4827 5286 5192 5237 5180 5043 5538 4762 5115 5139 5167 5102 4888 5000 4965 5187 5066 5452 4720 5633 5042 5210 4864 5436 4834 4799 5205 5199 5172 5083 5453 5006 5066 4950 5013 5240 5030 5401 5323 5377 5371 4902 
4551 4435 4483 4424 4291 4454 4417 4435 4427 4567 4468 4738 4719 4291 4199 4323 4463 4483 4170 4222 4394 4377 4520 4356 4344 4293 4672 4319 4446 4352 4365 4358 4235 4380 4333 4420 4648 4252 4362 4323 4277 4398 4391 4445 4281 4340 4760 4533 4275 4403 4563 4472 4359 4272 4651 4434 4283 4720 4491 4509 4467 4440 4434 4408 4349 4535 4757 4430 4370 4351 4517 4744 4478 4507 4235 4573 4623 4527 4396 4475 4362 4476 4439 4288 4702 4516 4410 4151 4534 4392 4407 4522 4285 4372 4223 4296 4562 4442 4379 4359 4851 4265 
4039 3929 3864 4004 3903 3932 3922 3822 3902 4094 4069 4019 3991 4088 4229 4108 4109 3909 3916 4128 4042 3895 3953 3933 4008 3873 3830 4003 4006 4063 3832 3915 3983 3910 3719 4021 3950 4124 4054 3783 3914 3818 4140 4060 4098 3864 4219 4015 3911 3990 4008 3859 4045 4134 4045 4066 3800 3882 4126 4068 4178 3870 3919 3934 4125 3722 3969 3896 4015 3994 3990 4099 4189 4068 3738 3870 3990 3920 4090 4122 4072 4132 4156 4020 4050 3981 4177 3919 3916 3871 4046 3915 3995 3946 4016 3979 3879 3921 4283 4029 3877 3938 
3556 3597 3585 3651 3454 3754 3546 3715 3578 3553 3857 3761 3639 3693 3686 3637 3698 3731 3761 3664 3557 3584 3569 3691 3771 3679 3763 3674 3500 3664 3776 3571 3609 3611 3563 3652 3586 3608 3895 3691 3658 3681 3626 3643 3499 3601 3615 3765 3612 3648 3634 3801 3741 3723 3692 3628 3771 3622 3799 3472 3657 3512 3593 3543 3769 3701 3708 3413 3622 3601 3609 3519 3594 3642 3736 3485 3592 3554 3496 3775 3607 3540 3563 3783 3806 3677 3632 3634 3719 3690 3788 3563 3769 3639 3465 3445 3787 3840 3830 3593 3756 3717 
3380 3262 3480 3385 3311 3494 3468 3457 3559 3260 3417 3447 3386 3549 3480 3566 3530 3409 3421 3419 3257 3472 3530 3426 3377 3336 3202 3447 3287 3398 3484 3437 3572 3320 3489 3434 3371 3424 3344 3419 3456 3376 3428 3399 3564 3359 3305 3365 3323 3460 3401 3409 3355 3361 3603 3301 3291 3480 3423 3417 3534 3439 3302 3489 3542 3433 3455 3391 3548 3380 3511 3375 3299 3456 3418 3546 3281 3453 3342 3427 3260 3264 3333 3661 3300 3536 3390 3390 3444 3430 3569 3464 3438 3283 3324 3311 3340 3273 3336 3506 3296 3409 
3253 3309 3244 3116 3239 3330 3162 3401 3168 3127 3266 3413 3390 3194 3245 3138 3177 3244 3199 3226 3267 3205 3267 3161 3249 3113 3213 3282 3205 3279 3355 3381 3132 3301 3177 3343 3247 3165 3140 3130 3200 3258 3228 3215 3148 3099 3232 3224 3243 3277 3328 3145 3270 3210 3280 3417 3144 3225 3156 3274 3198 3252 3372 3295 3445 3000 3194 3244 3260 3222 3146 3256 3353 3150 3246 3150 3176 3222 3236 3238 3167 3187 3248 3241 3208 3350 3242 3061 3140 3215 3207 3186 3185 3167 3149 3092 3330 3286 3171 3126 3260 3129 
3055 3126 3138 3000 3197 3278 3180 3032 3190 3151 3180 3087 3096 3128 3182 3038 3121 2966 3024 3177 3123 3000 2968 3158 3023 3118 3087 3080 3115 2972 3071 3135 3152 3127 3040 3071 3118 3153 2990 3138 3091 3100 3035 3072 2931 2990 3110 3081 3191 3176 3113 2956 2931 3052 3026 3041 3088 3085 3167 3073 3135 3038 3098 3057 3193 3111 3078 3004 3005 3054 3112 3020 3211 3094 3118 3203 3138 3008 3220 3165 3152 3028 3074 3111 3151 3138 3189 3138 3095 3038 3164 3317 3124 3178 2936 3031 3222 3001 3120 3139 3121 3044 
2848 2973 3058 2974 2887 2911 3093 2938 2980 2860 3090 2933 2863 3010 3019 2981 2960 2972 2972 2964 2949 2883 2991 2984 3001 2935 2953 2978 3040 2951 2962 2896 2884 2941 2906 3001 3069 3035 2901 2941 2988 2859 3019 2982 2938 2974 2951 2926 2957 2966 2897 2922 2968 3088 3100 3007 2915 2946 3003 2914 2866 2980 2894 3090 3003 3098 2985 3004 3030 2942 2902 2921 3015 3025 2861 2850 2926 2938 2961 3042 3110 2971 2917 2962 2848 2963 2952 2875 3026 2957 2822 2936 2945 2899 2901 2906 2982 2951 2969 2986 2889 2978 
2877 2828 2929 2771 2799 2935 2872 2936 2884 2889 2930 2837 2848 2954 2899 2850 2817 2775 3000 2754 2785 2913 2778 2904 2806 2824 2913 2867 2859 2806 2917 2924 2843 2803 2782 2833 2876 2816 3012 2883 2908 2939 2924 2887 2805 2794 2839 2810 2737 2857 2997 2902 2878 2841 2942 2834 2887 2842 2902 2917 2919 2751 2873 2788 2835 2832 2881 2785 2952 2858 2843 2895 2930 2835 2932 2924 2891 2886 2874 2833 2924 2840 2823 2909 2867 2913 3031 2890 2932 2935 2812 2845 2879 2785 2834 2848 2937 2766 2902 2805 2832 2943 
2827 2779 2752 2894 2754 2763 2792 2856 2767 2845 2812 2818 2755 2793 2796 2788 2764 2782 2752 2708 2837 2857 2733 2856 2739 2789 2746 2840 2766 2691 2900 2766 2854 2675 2850 2722 2848 2775 2728 2802 2806 2674 2793 2694 2759 2741 2865 2724 2756 2828 2771 2791 2762 2803 2811 2773 2732 2786 2822 2755 2829 2781 2747 2822 2829 2905 2856 2751 2829 2713 2710 2744 2805 2807 2714 2814 2769 2858 2706 2718 2812 2857 2796 2842 2708 2749 2764 2773 2744 2682 2703 2805 2810 2832 2817 2762 2738 2787 2727 2748 2780 2818 
2664 2697 2732 2714 2627 2645 2762 2703 2729 2740 2681 2686 2737 2706 2743 2731 2640 2707 2687 2753 2756 2655 2720 2699 2717 2739 2708 2784 2619 2670 2687 2679 2786 2771 2738 2644 2766 2784 2719 2713 2692 2673 2773 2792 2781 2658 2745 2674 2634 2728 2702 2758 2770 2723 2748 2677 2641 2643 2785 2760 2667 2687 2703 2826 2659 2745 2677 2790 2651 2797 2874 2777 2755 2714 2661 2759 2613 2719 2737 2725 2753 2726 2650 2703 2699 2701 2709 2770 2631 2637 2692 2692 2755 2739 2762 2679 2666 2661 2616 2638 2709 2742 
2599 2666 2634 2613 2656 2617 2604 2693 2720 2550 2619 2748 2701 2595 2599 2656 2614 2645 2580 2629 2618 2624 2626 2631 2639 2624 2626 2710 2615 2670 2597 2632 2613 2530 2650 2680 2592 2643 2670 2738 2747 2647 2628 2700 2639 2657 2635 2634 2585 2643 2659 2691 2721 2687 2632 2617 2676 2664 2643 2634 2640 2640 2776 2701 2635 2600 2729 2651 2635 2789 2611 2745 2773 2659 2673 2618 2716 2669 2576 2580 2706 2619 2757 2660 2712 2598 2583 2645 2639 2638 2679 2719 2707 2634 2656 2662 2740 2675 2655 2662 2652 2710 
2593 2591 2649 2619 2577 2563 2647 2569 2597 2623 2573 2622 2586 2651 2600 2559 2494 2667 2544 2506 2568 2564 2650 2581 2626 2670 2610 2662 2664 2622 2595 2604 2641 2561 2643 2573 2630 2610 2617 2517 2600 2730 2568 2605 2654 2577 2630 2575 2573 2593 2563 2604 2574 2581 2555 2673 2570 2595 2619 2595 2600 2591 2585 2559 2628 2621 2591 2601 2640 2577 2562 2714 2617 2611 2545 2582 2512 2605 2620 2692 2595 2574 2605 2614 2596 2639 2717 2466 2563 2641 2626 2576 2641 2578 2626 2655 2630 2568 2717 2566 2539 2575 
2592 2515 2588 2604 2511 2517 2542 2517 2553 2505 2559 2528 2552 2575 2613 2597 2557 2512 2523 2533 2486 2668 2550 2556 2591 2514 2477 2536 2559 2535 2551 2520 2562 2606 2462 2493 2518 2533 2566 2519 2600 2512 2514 2522 2532 2534 2536 2531 2562 2575 2530 2519 2570 2501 2593 2491 2606 2583 2528 2513 2569 2474 2624 2587 2534 2670 2472 2536 2552 2548 2550 2537 2542 2585 2622 2576 2567 2578 2542 2568 2511 2516 2544 2525 2571 2497 2550 2503 2592 2552 2567 2585 2577 2497 2522 2568 2569 2538 2572 2571 2559 2524 
2503 2515 2438 2536 2492 2531 2516 2503 2485 2545 2490 2589 2497 2582 2507 2490 2493 2544 2575 2568 2543 2542 2525 2555 2545 2495 2503 2431 2537 2564 2495 2437 2526 2494 2470 2519 2480 2485 2500 2461 2455 2522 2464 2511 2513 2430 2465 2525 2491 2443 2503 2541 2483 2559 2507 2547 2486 2528 2536 2446 2551 2464 2589 2520 2600 2487 2404 2483 2531 2466 2590 2475 2531 2530 2574 2536 2459 2536 2461 2493 2462 2518 2485 2482 2509 2503 2521 2592 2518 2566 2462 2526 2526 2483 2470 2563 2543 2574 2491 2477 2509 2521 
2449 2499 2504 2426 2426 2462 2464 2479 2469 2407 2548 2448 2509 2445 2514 2531 2491 2515 2556 2490 2416 2410 2406 2483 2450 2502 2477 2416 2548 2464 2541 2523 2511 2477 2456 2478 2504 2574 2485 2537 2480 2486 2457 2474 2502 2470 2436 2423 2544 2419 2529 2528 2473 2514 2449 2528 2449 2574 2549 2526 2468 2526 2435 2504 2466 2473 2453 2489 2526 2542 2465 2548 2505 2458 2460 2484 2433 2449 2382 2434 2455 2500 2470 2432 2505 2488 2450 2532 2456 2481 2561 2521 2401 2443 2487 2399 2429 2453 2446 2402 2440 2462 
2403 2471 2476 2431 2486 2445 2363 2476 2428 2475 2439 2402 2422 2487 2436 2407 2464 2461 2432 2471 2498 2388 2517 2406 2417 2504 2459 2518 2393 2464 2407 2420 2429 2441 2428 2421 2487 2409 2486 2465 2447 2417 2460 2411 2410 2406 2446 2445 2450 2505 2461 2421 2501 2469 2418 2411 2399 2531 2441 2470 2420 2479 2475 2398 2436 2416 2428 2443 2397 2460 2426 2478 2458 2461 2452 2445 2460 2440 2425 2459 2439 2411 2467 2433 2445 2386 2509 2460 2451 2488 2417 2443 2422 2516 2370 2424 2518 2441 2439 2432 2504 2477 
2406 2458 2394 2324 2398 2362 2409 2442 2445 2437 2347 2447 2374 2431 2384 2393 2415 2337 2367 2422 2396 2447 2440 2427 2439 2435 2347 2414 2423 2405 2361 2450 2420 2407 2409 2394 2404 2425 2400 2384 2431 2403 2458 2408 2444 2450 2386 2384 2411 2374 2417 2381 2409 2354 2389 2403 2398 2399 2462 2421 2437 2405 2342 2398 2382 2418 2373 2403 2415 2416 2455 2436 2428 2466 2382 2406 2414 2404 2419 2394 2378 2401 2404 2390 2375 2398 2394 2430 2404 2412 2436 2414 2371 2418 2347 2447 2334 2354 2337 2421 2441 2401 
2355 2391 2411 2437 2357 2415 2392 2388 2420 2357 2332 2350 2389 2394 2348 2413 2377 2386 2400 2426 2312 2403 2392 2372 2391 2393 2365 2376 2398 2387 2385 2484 2425 2382 2392 2445 2349 2362 2375 2392 2385 2394 2427 2379 2388 2415 2360 2443 2389 2443 2458 2435 2400 2357 2414 2371 2365 2434 2423 2343 2359 2385 2404 2392 2373 2333 2404 2358 2331 2401 2339 2428 2426 2389 2387 2344 2438 2393 2415 2411 2439 2372 2364 2361 2384 2325 2354 2443 2445 2412 2389 2366 2392 2366 2379 2376 2429 2369 2369 2411 2337 2390 
