MergeSort QuickSort TimSort OESM Cook_Kim LIS LIS_treap BothAlgo2 DirtyClean4 
9 21 30
8730 8739 8711 8719 8711 8700 8706 8665 8696 8738 8718 8737 8701 8670 8727 8722 8709 8698 8704 8723 8685 8693 8711 8704 8700 8691 8700 8696 8728 8718 
6443 6452 6621 6414 6492 6518 6478 6691 6569 6527 6495 6470 6457 6414 6463 6491 6490 6444 6619 6436 6488 6454 6451 6395 6389 6569 6461 6446 6437 6390 
6012 6033 6120 6187 6091 6106 6142 6028 6131 6066 6078 6061 6019 6044 6082 5957 5999 6074 6049 6068 6062 6070 6055 6076 6096 6119 6083 6046 6056 6050 
5925 5894 5813 5873 5798 5845 5871 5865 5908 5801 5835 5800 5888 5880 5844 5917 5799 5858 5913 5843 5905 5849 5836 5836 5819 5889 5873 5870 5859 5838 
5745 5811 5781 5757 5748 5716 5741 5721 5721 5712 5710 5773 5732 5740 5684 5753 5703 5705 5788 5734 5737 5731 5731 5689 5700 5712 5689 5727 5685 5752 
5591 5643 5627 5665 5617 5650 5645 5616 5660 5642 5608 5592 5621 5651 5645 5632 5665 5635 5649 5682 5609 5633 5601 5617 5638 5623 5690 5626 5638 5618 
5573 5561 5540 5534 5577 5572 5618 5585 5552 5580 5555 5563 5556 5544 5569 5549 5541 5581 5564 5573 5539 5577 5534 5515 5546 5549 5564 5576 5569 5547 
5481 5502 5480 5523 5489 5517 5517 5492 5537 5462 5480 5486 5447 5507 5514 5491 5471 5489 5486 5477 5490 5503 5537 5485 5521 5549 5476 5511 5450 5478 
5436 5457 5437 5426 5478 5453 5463 5462 5461 5443 5451 5504 5461 5440 5482 5467 5468 5455 5451 5467 5443 5459 5407 5422 5443 5510 5443 5465 5452 5452 
5395 5433 5455 5423 5424 5434 5441 5417 5420 5402 5420 5422 5403 5408 5411 5405 5431 5414 5398 5388 5425 5431 5412 5468 5423 5399 5390 5415 5414 5380 
5377 5414 5386 5406 5349 5357 5370 5396 5397 5363 5376 5396 5361 5386 5400 5411 5387 5381 5380 5356 5400 5382 5402 5380 5391 5364 5396 5370 5378 5366 
5344 5349 5352 5347 5326 5386 5332 5341 5395 5340 5369 5350 5347 5340 5364 5333 5345 5356 5349 5359 5369 5326 5386 5349 5356 5378 5324 5308 5361 5363 
5333 5357 5295 5344 5360 5338 5342 5333 5304 5320 5335 5310 5295 5309 5323 5320 5311 5319 5277 5324 5312 5349 5302 5331 5335 5324 5332 5345 5324 5327 
5317 5293 5286 5272 5326 5302 5284 5291 5312 5302 5326 5309 5308 5307 5281 5292 5273 5338 5306 5309 5316 5312 5337 5305 5303 5284 5318 5300 5317 5275 
5308 5300 5318 5321 5263 5302 5302 5278 5271 5322 5268 5281 5309 5302 5281 5276 5311 5286 5276 5252 5299 5273 5278 5264 5296 5285 5324 5289 5281 5293 
5273 5289 5262 5267 5275 5286 5262 5274 5298 5264 5284 5292 5290 5285 5308 5259 5269 5262 5254 5266 5248 5250 5258 5262 5257 5296 5255 5302 5309 5275 
5272 5267 5268 5259 5278 5239 5248 5275 5268 5265 5250 5248 5225 5273 5267 5264 5250 5248 5262 5259 5244 5245 5259 5273 5271 5251 5238 5277 5242 5280 
5250 5218 5256 5204 5240 5264 5234 5255 5253 5246 5262 5255 5246 5243 5232 5238 5250 5232 5240 5222 5255 5241 5243 5253 5246 5239 5240 5250 5226 5232 
5213 5227 5231 5239 5205 5195 5229 5216 5212 5252 5251 5224 5233 5245 5238 5225 5219 5230 5261 5233 5242 5218 5235 5214 5223 5239 5211 5237 5249 5233 
5238 5224 5223 5228 5246 5239 5223 5237 5211 5186 5235 5216 5232 5224 5215 5232 5226 5212 5227 5236 5222 5215 5209 5220 5214 5232 5234 5216 5227 5205 
5200 5197 5225 5203 5211 5204 5200 5207 5230 5222 5196 5199 5222 5210 5225 5218 5198 5208 5220 5222 5209 5229 5222 5222 5192 5218 5208 5203 5204 5187 
11050 12031 11697 10581 10287 10017 11943 10683 12990 12161 10487 10029 10985 10615 10883 10966 10775 10938 10200 11610 10501 11226 11065 11497 11150 10727 11316 10728 11741 10933 
10592 10619 10971 11031 10080 10538 10382 10401 10952 10346 10344 11056 11909 10981 9950 11480 10685 11003 11047 10525 9814 11103 10919 12103 11273 11053 11183 11421 10842 10897 
10661 10474 10716 11337 10206 11327 10339 9981 10540 10600 10750 10296 11660 11247 9674 12043 10559 10271 10236 10678 12562 11236 11160 10279 10182 10697 11265 10729 11625 10603 
10771 11001 11456 10948 10682 10984 11388 11292 10940 9821 12938 10500 11566 9851 10305 10414 12418 10578 10784 11498 10369 10777 10847 10278 10771 10662 11070 10225 11664 10670 
12111 11887 11291 11315 11562 10917 11545 11403 10718 11269 10824 11847 11279 11705 11913 11092 10908 10147 12310 10399 10787 11933 12034 11119 11980 10457 10534 11897 11022 10288 
10632 10719 9953 10153 10962 9999 11411 10692 11197 12472 10545 11431 11822 10795 10812 13252 10449 11174 10120 10326 11369 12091 10704 10640 11498 10741 11584 11251 10758 10899 
11169 10234 10717 10730 10472 10972 10248 10860 10528 10095 10461 10873 10268 10741 10878 11479 10831 10237 10152 10513 9933 10431 10815 10294 12432 10805 11227 11018 11544 10546 
10642 10639 12146 11598 11010 10413 10217 10493 10790 12257 11324 11218 11510 10401 12381 11059 10753 10923 11043 10462 10953 10713 10659 11353 11331 10167 12063 10768 11997 11344 
11255 11033 10723 11811 10016 10344 10711 11137 10424 10413 10989 11697 10941 10277 11272 11441 10313 11316 10622 10986 10630 10360 10937 11150 10311 10722 11262 11970 10912 10180 
10273 10212 11161 11666 10958 11417 11604 10563 11137 9927 10997 12751 12099 10539 11424 10699 11058 11370 11353 10845 11528 10963 10727 10851 10440 10656 11408 10213 10842 11384 
10393 10373 11311 10984 10809 10673 10070 12069 10726 11087 10455 11449 9918 10503 12608 10436 10615 10125 10314 11252 9926 10501 11143 10270 11385 10528 11388 10301 10546 10703 
11076 12123 10825 11031 10024 10553 11556 11330 11983 10492 11710 11446 11092 9663 11577 11456 10956 10901 11134 11207 11604 11418 11347 10018 11434 9945 10772 10469 11454 10099 
11284 10363 9887 11070 11097 10469 11367 9944 11010 11065 11680 11430 10162 10279 10774 10976 11824 10116 10327 10932 11588 10484 10396 11136 10658 10604 10567 11171 10342 10667 
10937 10558 10218 10570 11807 11003 10073 10402 11133 11332 11158 10565 11104 10843 9899 11569 10053 10616 10701 11555 10149 11122 10441 11494 10850 11019 10395 10475 10002 10176 
11810 10202 11159 11286 11900 10680 11014 10954 10590 10345 11125 12232 10358 10817 11032 11264 12049 11725 12468 11696 11268 10861 10718 11575 12244 10608 10523 10670 11549 11352 
11597 10546 10561 11594 10710 10882 11696 10446 10968 10756 10500 10373 11278 11287 11239 11559 10568 10862 10196 10771 10230 10272 11751 10743 10696 10866 10636 10882 11420 11060 
10091 10321 11817 11165 11005 9909 10922 10539 10711 10869 10276 12290 12583 11366 11036 11123 11327 10941 10591 12304 10106 10882 10547 10521 9931 10629 11148 10808 11378 12986 
10653 11280 10887 10517 10569 10937 10955 10527 10885 11082 10468 10226 10452 12395 11155 12153 10583 11235 11004 10315 10332 11058 11472 11143 11282 11002 11989 10403 11046 11233 
11830 11026 10170 10662 11268 10610 10389 11187 11203 10420 11441 10130 11803 11034 12695 10939 12346 10682 10860 10417 10223 10107 10003 10194 12181 11129 11042 10259 10848 11076 
11427 11465 12043 10521 10570 11030 11511 10971 10366 10760 10578 9904 12515 11107 11003 10657 10968 10796 11258 10146 10941 10821 10514 10245 11843 9967 10712 12234 10855 14737 
10778 10644 12229 11692 10853 11308 11099 11507 10983 11264 10657 11570 10478 10727 11487 12157 11303 11202 11471 11158 11079 11229 10561 10947 10296 9986 10257 10875 10821 10989 
13380 13711 13279 13413 13426 13335 13590 13582 13678 13452 13477 13581 13326 13429 13825 13400 13131 13564 13427 13359 13682 13482 13508 13435 13375 13229 13148 13477 13319 13597 
8970 8825 8945 8153 8386 9114 8691 9120 8970 8956 8537 8660 8864 8807 8403 8816 8894 8157 9277 8267 8606 8570 8315 8262 8858 8570 8469 8864 8500 8961 
6747 7033 7169 7262 7150 7205 6950 6772 7311 6920 6911 6905 6856 6925 7120 6614 6991 7263 6866 6806 6705 7074 6836 7080 6845 6927 6936 6704 6938 6679 
6188 6276 5772 6313 5964 5808 5988 6354 6301 5745 6004 6132 5968 5971 6081 6067 5886 6354 6173 6045 6094 6058 5796 5815 5870 6308 6216 6282 5876 5961 
5689 5822 5504 5546 5439 5561 5564 5557 5425 5531 5320 5623 5555 5535 5403 5494 5344 5482 5804 5595 5578 5466 5507 5442 5372 5344 5478 5614 5349 5708 
5107 5140 5006 5164 5115 5202 5198 5054 5078 5217 5112 4951 5096 5132 5236 5243 5320 5154 5140 5156 5027 5026 5030 5158 5136 5065 5193 5211 5195 5049 
5002 4856 5003 5088 5027 5031 4989 4858 4801 4902 4827 4786 4887 4881 4912 4831 4864 4831 4870 4905 4822 4875 4818 4768 4820 4816 5000 4957 4892 4861 
4641 4631 4622 4631 4697 4754 4671 4758 4836 4659 4677 4696 4550 4777 4644 4646 4666 4635 4613 4664 4644 4643 4738 4664 4705 4798 4620 4680 4576 4752 
4507 4508 4521 4551 4563 4446 4611 4629 4468 4453 4556 4659 4600 4513 4596 4511 4571 4629 4485 4492 4529 4526 4463 4503 4478 4638 4467 4625 4471 4532 
4415 4513 4448 4458 4378 4463 4496 4426 4377 4427 4417 4396 4377 4384 4372 4330 4335 4444 4404 4342 4403 4417 4461 4525 4447 4439 4376 4396 4398 4388 
4306 4359 4356 4344 4269 4233 4316 4343 4422 4319 4339 4383 4264 4345 4320 4356 4292 4323 4379 4313 4365 4280 4415 4273 4336 4323 4381 4319 4332 4342 
4259 4227 4193 4219 4181 4317 4235 4241 4320 4156 4225 4274 4207 4262 4276 4173 4226 4268 4232 4248 4285 4211 4287 4202 4241 4315 4206 4184 4272 4239 
4144 4222 4161 4222 4210 4196 4184 4185 4108 4147 4215 4148 4093 4152 4210 4253 4139 4125 4087 4171 4164 4202 4132 4180 4217 4199 4169 4213 4135 4223 
4124 4063 4079 4070 4188 4180 4055 4119 4174 4082 4146 4107 4163 4121 4031 4084 4032 4142 4102 4118 4160 4111 4162 4087 4105 4107 4143 4123 4074 4056 
4138 4076 4114 4145 3995 4107 4126 4047 4060 4171 4069 4072 4085 4103 4028 4058 4086 4063 4032 4015 4060 4060 4082 4042 4100 4040 4141 4066 4060 4062 
4027 4100 4023 4035 4048 4108 4065 4062 4062 4027 4031 4069 4088 4038 4112 3975 4052 4042 3998 3969 3985 3985 4026 4014 3989 4086 4023 4028 4052 4017 
4000 3992 4026 4011 3995 3985 3955 4018 4024 4011 3983 3999 3913 4021 4000 4044 4014 3996 4022 4040 3965 3989 4005 4020 3971 3951 3959 4051 3985 4005 
3978 3919 3960 3888 3958 4002 3920 3941 3969 3951 3991 3982 3983 3986 3999 3938 3957 3924 3957 3942 3992 3996 3931 3991 3959 3987 4001 3957 3915 3957 
3926 3908 3928 3921 3916 3880 3972 3915 3917 3954 3952 3929 3922 3899 3901 3945 3911 3918 3983 3919 3959 3927 3925 3892 3944 3918 3877 3932 3954 3934 
3963 3919 3918 3904 3951 3919 3892 3922 3892 3855 3935 3905 3916 3896 3888 3933 3915 3885 3907 3961 3908 3924 3862 3905 3916 3949 3937 3908 3917 3925 
3840 3870 3939 3907 3872 3852 3868 3834 3909 3894 3844 3888 3878 3904 3908 3893 3878 3883 3907 3875 3876 3887 3894 3887 3861 3908 3859 3861 3871 3860 
9194 9223 9244 9213 9201 9210 9239 9254 9278 9218 9196 9224 9221 9256 9195 9284 9272 9221 9288 9272 9213 9211 9235 9249 9236 9242 9283 9205 9244 9225 
7414 7322 7458 7300 7360 7363 7399 7456 7383 7328 7378 7272 7282 7271 7371 7314 7343 7246 7475 7243 7330 7323 7282 7378 7349 7389 7373 7336 7307 7290 
7023 6994 7010 7094 7083 7142 7051 7129 7135 7010 7094 7048 7067 7068 7109 7084 7135 7130 7068 7012 7088 7035 7026 7088 7088 7164 7110 7013 7035 7128 
6922 7050 6901 6917 6947 6969 6919 6965 7097 6844 6953 6922 7076 7069 7039 7144 6874 7009 7070 6893 6870 6857 6923 6978 6920 6862 6909 6997 7066 6826 
6905 7034 6701 6782 6838 6994 7024 6717 6852 6837 6741 6800 6856 6589 6760 6717 6885 6807 6899 6952 6878 6866 6676 6611 6554 6671 6640 6786 6588 6765 
6513 6501 6421 6356 6644 6324 6588 6637 6629 6476 6549 6449 6750 6655 6575 6828 6776 6607 6562 6507 6465 6475 6362 6269 6612 6605 6796 6689 6667 6472 
6388 6451 6383 6339 6967 6433 6518 6412 6369 6559 6204 6405 6402 6454 6280 6520 6456 6602 6315 6562 6089 6306 6546 6210 6098 6431 6560 6288 6501 6503 
6102 5913 6171 5998 6276 6121 6296 6338 6338 6147 6017 6376 6041 6314 6155 6077 6225 6025 5979 6211 6040 6057 6183 6042 6207 6255 6102 6280 6106 6503 
6097 6131 5884 6078 5938 6112 6206 5967 5971 5923 6085 6192 6075 5947 6145 5945 5938 6109 5957 5987 5902 5970 6037 5912 5928 6083 5999 6145 5808 6181 
5782 6105 5902 6033 5898 6048 5870 6029 6083 5825 5953 5926 5837 5994 5929 5887 5781 5863 5652 5824 5961 5834 5735 6165 5960 6078 5886 5974 5770 5818 
5941 5821 5724 5701 6027 5783 5935 5943 5933 5848 5959 5924 6017 5863 5735 5898 5877 5725 5877 5926 6055 5838 5914 5783 5924 5819 5929 5797 5866 5987 
5789 5819 5649 5868 5660 5748 5714 5730 5687 5599 5873 5659 5804 5694 5861 5738 5866 5935 5584 5693 5607 5719 6061 5829 5881 5741 5579 5684 5675 6032 
5860 5527 5648 5810 5906 5835 5599 5807 5776 5402 5965 5606 5504 5728 5824 6009 5580 5484 5734 5597 5747 5759 5772 5862 6146 5650 5692 5752 5844 5597 
5873 5616 5512 5863 5688 5675 5721 5689 5725 5331 5838 5752 5822 5601 5306 5738 5647 5681 5578 5332 5736 5706 5717 5662 5850 5722 5716 5876 5721 5567 
5869 5673 5741 6059 5267 5911 5626 5741 5487 5705 5777 5662 5919 5393 5744 5623 5569 5741 5652 5441 5498 5590 5815 5728 5559 5575 5740 5654 5847 5493 
5498 5718 5752 5417 5566 5754 5662 5613 5600 5281 5673 5730 5771 5940 5598 5724 5619 5554 5723 5596 5389 5543 5794 5319 5502 5635 5321 5662 5686 5567 
5552 5308 5297 5574 5477 5432 5446 5772 5158 5202 5382 5593 4790 5690 5335 5331 5586 5116 5470 5789 5521 5788 5710 5648 5294 5463 5463 5815 5418 5645 
5375 5255 5521 5040 5194 5693 4920 5611 5462 5438 5342 5229 5597 4937 5433 5149 5336 5645 5359 5258 5776 5543 5371 5321 5416 5828 5360 5067 4951 4976 
5280 5186 5258 4938 5207 5074 5354 5481 5360 5500 4694 5158 5075 5233 4748 5443 5038 5061 5412 4947 5628 5438 4976 4964 5312 4971 5002 5006 4771 5180 
5258 4997 5273 4921 5656 5208 5213 5192 5205 4668 5218 5302 5580 5158 5221 5260 4970 4808 4974 5400 5409 4620 5160 5734 5358 5441 5187 5370 5580 5191 
5103 4682 5080 5401 5187 5096 4674 4886 5389 4925 5013 5300 4613 5447 5248 4965 4546 5109 5092 4788 4937 5132 4947 5052 4785 5037 4944 4541 5222 4938 
16987 16806 16700 16522 16827 16924 16729 17047 16693 17063 16769 16928 16814 17104 16834 17098 16725 16722 17002 16789 16849 17027 17082 17000 16710 16778 17009 16902 17136 16681 
12740 12611 12885 11698 12284 12957 12681 12605 12078 12998 12542 12542 12269 12539 12554 12511 12291 12094 12970 12200 12317 12140 12558 12104 12358 12318 12099 12737 12355 12713 
9057 9263 9964 10067 10254 10167 9441 9160 9665 9833 9640 9479 9372 9273 9993 9287 9946 9817 9660 9447 9334 9777 9585 9501 9562 9745 9483 9621 9363 9535 
8366 8485 8044 8151 7833 7760 7817 8594 8614 8026 8014 7995 8274 8046 8183 7946 7590 8089 8197 8176 8518 8412 8127 7984 7978 8431 8195 8043 8043 8055 
7126 7215 7420 7272 7098 6990 7285 7225 6968 6851 6876 7258 7288 7309 6947 6749 6768 7140 7430 7221 7188 6917 7192 7055 6899 7086 7035 7337 6675 7229 
6172 6408 6201 6558 6564 6402 6552 6442 6366 6427 6331 6117 6472 6328 6827 6298 6826 6439 6382 6595 6037 6236 6291 6161 6405 6245 6404 6622 6584 6306 
5731 5971 5946 5866 6303 6079 6095 5874 5981 5845 5759 5739 5778 5983 5859 5808 5692 5809 6078 5918 5771 5958 5837 5881 5790 5409 5874 6031 6067 5711 
5372 5402 5425 5520 5328 5496 5632 5448 5730 5441 5362 5561 5022 5796 5441 5472 5476 5376 5323 5220 5275 5593 5625 5251 5460 5692 5154 5396 5269 5683 
4940 5258 5047 5164 5228 5046 5203 5406 4971 5272 5164 5390 5409 5114 5151 5149 5117 5234 5210 5105 5107 5162 4865 5043 5110 5256 5022 5303 4949 5143 
4955 4943 4967 4989 4973 4911 5109 4929 4915 4786 5021 5042 4774 4788 4722 4645 4642 4980 4784 4749 4916 4902 5146 5288 4959 4976 4883 4811 4953 4767 
4576 4837 4822 4927 4660 4561 4700 4694 4800 4815 4543 4999 4525 4662 4673 4934 4683 4584 4962 4782 4564 4497 4775 4673 4829 4503 4821 4589 4765 4733 
4608 4530 4363 4431 4367 4860 4462 4495 4794 4297 4456 4618 4653 4507 4518 4328 4458 4629 4411 4485 4520 4376 4582 4415 4513 4720 4477 4323 4563 4562 
4256 4638 4223 4539 4436 4473 4301 4443 4231 4307 4435 4379 4287 4236 4484 4448 4155 4320 4212 4424 4435 4525 4311 4403 4460 4453 4319 4547 4337 4433 
4316 4127 4108 4021 4503 4358 4075 4157 4386 4208 4340 4219 4335 4307 4028 4327 4055 4375 4245 4267 4370 4174 4393 4063 4240 4385 4465 4295 4183 4020 
4161 4044 4177 4442 4012 4061 4253 4128 4126 4202 4090 4237 4197 4261 4101 4112 4239 4195 4234 3754 4214 4052 4222 3930 4257 3940 4118 4014 4162 4090 
3982 4172 4100 4036 4120 4165 4143 3997 4023 4127 4121 4111 4215 4113 4148 3946 4117 4090 3927 3882 3988 3879 4035 3882 4020 4224 3977 4271 4200 4018 
4138 4102 4004 4076 3901 3939 3924 3892 4001 3857 3994 3950 3925 4085 3986 3953 3969 4038 3959 4041 3939 4026 3970 3912 3997 3892 3887 4135 4003 4155 
4007 3856 3916 3886 3877 3745 3685 3902 4024 3753 3946 3965 4012 3887 4129 3706 3731 3715 3893 3882 3949 3874 3886 3771 3880 3972 4028 3828 3868 3977 
3833 3767 3861 3762 3800 3617 3827 3707 3729 3904 3843 3757 3878 3703 3645 3815 3790 3994 3862 3856 3840 3766 3926 3738 3837 3789 3684 3805 3781 3895 
3663 3867 3739 3832 3896 3827 3617 3841 3689 3814 3652 3682 3769 3729 3785 3839 3798 3737 3718 3871 3684 3777 3556 3735 3655 3816 3808 3851 3849 3932 
3653 3658 3940 3663 3722 3650 3728 3543 3762 3583 3599 3649 3802 3825 3700 3638 3778 3662 3759 3513 3705 3797 3756 3850 3799 3695 3619 3683 3728 3441 
20586 20651 21072 21242 21068 21077 20683 20613 21180 20724 20681 20807 21077 21078 20797 21035 20671 20756 20965 20905 20896 20812 20656 21044 21122 20741 20832 20860 20949 20868 
8546 8252 8840 7610 8154 8354 8261 8930 8605 8518 8764 8108 7998 7975 8548 8108 8174 7756 8877 7657 8341 7975 7821 8010 8051 8408 8450 8038 8087 7919 
5815 5943 6212 6445 6522 6421 6190 5960 6242 6146 6086 6059 5969 6127 6352 5689 6034 6144 6349 6143 6031 6136 5981 6239 6276 6304 6220 5972 6060 6127 
5418 5497 5136 5174 4944 4986 5147 5305 5520 4917 4984 4987 5273 5197 5178 5186 4839 5257 5337 5105 5220 5258 5061 4990 5098 5167 5054 5001 5064 5026 
4638 4737 4578 4644 4587 4621 4682 4670 4492 4434 4456 4655 4626 4612 4434 4550 4312 4565 4854 4693 4586 4455 4549 4352 4392 4423 4458 4472 4416 4639 
4009 4107 4002 4161 4095 4048 4249 4047 4130 4219 4022 3998 4149 4098 4229 4147 4312 4167 4072 4196 4034 4055 4035 4014 4136 4179 4191 4217 4123 4042 
3910 3918 3837 3746 4061 3935 3968 3778 3721 3824 3812 3745 3835 3853 3867 3786 3847 3898 3962 3846 3696 3824 3734 3656 3742 3675 3863 3792 3842 3699 
3435 3506 3507 3517 3540 3606 3546 3587 3731 3501 3532 3696 3425 3732 3530 3534 3536 3461 3532 3525 3572 3543 3676 3521 3670 3625 3551 3578 3413 3590 
3280 3413 3307 3344 3444 3314 3395 3437 3269 3340 3385 3504 3464 3288 3417 3363 3410 3452 3286 3318 3344 3335 3247 3296 3323 3515 3334 3453 3295 3449 
3278 3313 3270 3298 3196 3214 3315 3248 3201 3280 3282 3186 3130 3193 3159 3086 3167 3227 3167 3131 3209 3174 3301 3393 3298 3289 3123 3192 3163 3140 
3071 3140 3056 3140 3026 3011 3045 3111 3198 3076 3060 3156 3026 3058 3139 3173 3117 3041 3182 3076 3118 3019 3246 3028 3152 3156 3151 3054 3111 3178 
2996 2991 2884 3006 2929 3113 2988 3000 3054 2861 2993 3001 3037 2960 3080 2895 2981 2962 2936 2958 3000 2946 3045 2983 2924 3118 2946 2876 3020 2966 
2852 3019 2870 2951 2985 2982 2877 2947 2813 2822 2945 2844 2784 2838 2867 2963 2845 2837 2740 2880 2892 2881 2841 2918 2940 2987 2921 2914 2906 3002 
2853 2767 2701 2722 2889 2921 2775 2828 2885 2807 2829 2773 2834 2855 2714 2774 2721 2779 2834 2800 2861 2812 2841 2741 2771 2808 2845 2759 2739 2723 
2824 2750 2792 2909 2630 2779 2772 2740 2694 2857 2760 2734 2801 2803 2680 2732 2787 2712 2715 2633 2809 2785 2801 2698 2774 2760 2786 2731 2744 2722 
2679 2743 2718 2745 2673 2788 2699 2681 2723 2704 2667 2734 2769 2655 2836 2651 2711 2705 2640 2617 2630 2603 2648 2672 2593 2776 2646 2703 2744 2696 
2672 2646 2669 2652 2653 2620 2530 2641 2645 2688 2554 2647 2521 2607 2624 2755 2656 2635 2633 2714 2643 2645 2643 2657 2630 2610 2575 2727 2610 2638 
2597 2480 2591 2493 2636 2629 2579 2555 2617 2580 2622 2668 2689 2575 2674 2550 2575 2559 2542 2539 2639 2651 2553 2608 2573 2602 2670 2599 2578 2589 
2539 2536 2505 2558 2561 2472 2578 2549 2535 2617 2542 2551 2541 2527 2525 2575 2547 2517 2652 2533 2603 2572 2555 2496 2541 2532 2504 2520 2547 2560 
2550 2528 2569 2518 2601 2530 2541 2558 2468 2472 2528 2550 2528 2467 2505 2570 2531 2432 2460 2567 2440 2520 2457 2524 2473 2564 2534 2531 2537 2518 
2441 2470 2525 2484 2506 2454 2456 2436 2558 2490 2452 2490 2467 2526 2499 2485 2465 2477 2504 2466 2487 2508 2483 2470 2449 2488 2482 2462 2462 2500 
22248 22625 23356 23245 22376 23838 23425 23673 22873 23474 22764 23873 23508 23280 24352 23987 23701 23911 23711 24385 23984 23382 23057 24481 24612 22918 23455 24464 23889 24645 
8869 8717 9620 8228 8527 8884 9216 9641 9314 9471 9852 8749 8798 8475 8996 9014 8882 8659 9694 8048 8526 8794 8859 8724 8713 9251 8862 8692 8766 8561 
6817 6608 6764 7302 7170 6984 6956 6626 6946 6540 6815 6941 6480 6662 6742 6530 6703 6741 6785 6853 6920 6820 6707 6946 7049 7145 6682 6702 6577 6657 
6196 5899 5643 5707 5610 5735 5651 6070 5958 5584 5790 5639 5996 5737 5911 5732 5643 5909 5897 5875 5760 6015 5673 5742 5611 5923 5859 5811 5761 5780 
5242 5298 5221 5057 5088 5057 5251 5274 5077 5061 5266 5328 5181 5080 5044 5199 4972 5191 5352 5233 5307 5270 5239 4952 4918 5032 5097 5051 4974 5312 
4563 4728 4763 4628 4576 4629 4933 4546 4568 4796 4868 4637 4726 4818 4730 4653 4769 4740 4740 4827 4678 4722 4592 4620 4909 4944 4948 4756 4587 4785 
4467 4452 4512 4671 4660 4420 4545 4225 4648 4434 4347 4371 4590 4470 4547 4453 4316 4357 4595 4562 4220 4594 4309 4360 4291 4307 4453 4414 4478 4247 
4142 4099 4130 4141 4154 4205 4113 4308 4197 4088 4223 4235 3945 4303 4061 4091 4223 4081 4186 4199 4121 4108 4334 4169 4387 4320 4085 4071 3969 4395 
3853 4030 4063 3973 4191 3979 4030 4129 3849 4085 4067 4046 3933 3800 3956 4109 4287 4015 3938 3970 4004 4020 3756 3948 3816 4221 3933 4075 4076 3896 
3959 3826 3869 3852 3985 3730 3916 3835 3751 3893 4013 3761 3744 3763 3879 3759 3767 3785 3769 3762 3846 3824 3925 4049 4000 3849 3797 3677 3709 3792 
3737 3714 3694 3945 3684 3521 3660 3690 3721 3613 3742 3830 3656 3814 3811 3709 3626 3533 3684 3561 3755 3577 3719 3571 3813 3617 3700 3524 3694 3756 
3685 3438 3349 3606 3561 3742 3532 3573 3589 3328 3656 3617 3510 3498 3619 3268 3503 3588 3556 3539 3508 3411 3710 3588 3514 3559 3549 3480 3673 3397 
3463 3480 3511 3506 3519 3572 3523 3473 3516 3374 3507 3413 3404 3402 3365 3588 3437 3395 3338 3419 3321 3525 3343 3435 3509 3504 3546 3508 3431 3537 
3305 3286 3311 3292 3380 3454 3289 3321 3480 3427 3404 3306 3392 3411 3242 3291 3322 3305 3359 3363 3350 3318 3374 3339 3396 3383 3247 3306 3315 3272 
3396 3171 3302 3468 3208 3290 3389 3230 3258 3448 3271 3271 3407 3382 3143 3391 3362 3155 3262 3115 3348 3206 3425 3224 3320 3409 3376 3316 3281 3271 
3271 3322 3163 3310 3070 3283 3243 3301 3320 3252 3204 3285 3309 3266 3364 3234 3219 3299 3185 3168 3283 3112 3161 3242 3116 3240 3192 3295 3223 3213 
3092 3147 3205 3201 3119 3032 3204 3295 3099 3186 3143 3330 3030 3137 3157 3314 3151 3148 3142 3187 3034 3086 3122 3208 3123 3183 3134 3202 3082 3201 
3186 3041 3136 2987 3076 3125 3059 2988 3092 3128 3132 3146 3134 3134 3199 3179 3049 3035 3039 3007 3079 3046 3036 3042 3042 3134 3189 3047 3120 3158 
3055 3013 3085 2963 2977 2971 3074 3125 3022 3191 3001 3081 3070 2947 2968 2969 3058 3042 3122 2982 3030 2971 3030 2977 3120 3018 2872 2969 3061 3037 
3174 3096 3052 3239 3051 3037 2910 2950 3019 2847 3067 2883 2945 3103 3052 3020 3054 2923 2905 3026 2946 3011 2948 2956 3034 3048 2987 2963 3031 3018 
2942 3055 2985 2831 2953 2990 2986 2899 3108 2927 2905 2970 3007 3015 3076 3048 2909 3071 2987 2865 2783 2954 2915 3020 3016 3016 2880 2938 2934 2943 
20836 20900 20752 21115 21270 21057 20906 21109 21171 20769 20878 21154 20911 21091 20896 21160 21363 21113 21016 21375 20880 21030 21022 20990 20991 20610 21161 21183 20922 21118 
8198 7835 8682 7475 7879 8171 7986 8694 8260 8107 8289 7853 7758 7640 8124 7997 7989 7418 8556 7625 7925 7939 7888 7741 7888 8302 7929 7960 7795 7697 
5826 5928 6111 6480 6303 6338 6124 6026 6242 5975 6008 5956 6027 6019 6210 5747 6009 6195 6120 6147 6001 6126 5930 6173 6202 6269 6214 5847 6032 6133 
5320 5381 5071 5229 4807 4893 4983 5373 5411 4862 5097 5080 5237 5129 5184 5211 4913 5408 5279 5064 5214 5234 5121 5108 5102 5398 5311 5066 5014 5161 
4768 4787 4627 4649 4674 4479 4663 4661 4515 4535 4422 4721 4706 4588 4386 4522 4410 4567 4926 4749 4703 4583 4527 4393 4490 4441 4418 4688 4322 4728 
4196 4151 4080 4322 4257 4133 4259 4128 4193 4149 4154 3996 4127 4216 4278 4297 4346 4218 4266 4282 3990 4154 4162 4140 4241 4192 4292 4196 4215 4193 
3976 3961 3941 4019 4071 3958 4075 3878 3883 3934 3891 3893 3899 3815 3925 3850 3863 3950 3959 3962 3800 3943 3820 3669 3828 3826 4002 3948 3926 3827 
3553 3657 3689 3657 3599 3747 3717 3704 3849 3673 3699 3711 3514 3810 3707 3707 3647 3626 3586 3648 3665 3680 3746 3618 3709 3761 3642 3697 3528 3706 
3480 3524 3436 3449 3502 3399 3601 3641 3435 3452 3613 3669 3634 3416 3530 3491 3515 3562 3436 3484 3516 3483 3431 3441 3483 3646 3495 3562 3443 3502 
3358 3489 3440 3378 3382 3354 3459 3453 3379 3389 3418 3287 3304 3295 3326 3203 3320 3378 3378 3320 3388 3342 3440 3493 3372 3319 3315 3291 3295 3309 
3203 3322 3242 3303 3209 3077 3253 3272 3327 3184 3226 3307 3163 3247 3253 3365 3188 3242 3310 3270 3263 3139 3323 3216 3208 3220 3272 3202 3188 3305 
3149 3120 3064 3071 3003 3317 3088 3118 3213 3022 3147 3181 3103 3191 3177 3021 3134 3171 3096 3204 3115 3091 3147 3077 3124 3271 3093 3046 3120 3169 
2981 3148 3051 3080 3193 3130 3029 3073 2992 2983 3121 3021 2918 2971 3004 3158 3000 3009 2926 3065 3028 3040 2951 3029 3079 3087 3056 3175 3038 3111 
2989 2882 2947 2869 3013 3029 2854 2958 3019 2992 2970 2946 3003 3036 2888 2919 2899 3029 2965 2995 3080 2961 3034 2922 2928 2948 2968 2988 2898 2969 
2955 2940 2977 3055 2759 2867 2933 2861 2893 2996 2911 2907 2924 2957 2821 2897 2927 2885 2853 2780 2910 2891 2957 2803 2920 2870 2964 2973 2880 2917 
2816 2931 2868 2861 2846 2951 2866 2860 2879 2807 2859 2908 2887 2870 2938 2811 2898 2854 2792 2803 2804 2739 2811 2830 2820 2913 2816 2889 2886 2812 
2804 2797 2805 2861 2728 2783 2748 2819 2829 2842 2798 2804 2687 2790 2817 2846 2744 2768 2859 2824 2702 2770 2815 2839 2768 2744 2779 2859 2735 2839 
2772 2677 2733 2668 2715 2782 2670 2708 2768 2737 2819 2738 2798 2744 2774 2745 2744 2709 2729 2710 2773 2775 2685 2802 2733 2744 2784 2728 2692 2734 
2703 2659 2692 2689 2668 2636 2743 2659 2651 2718 2703 2744 2700 2695 2672 2683 2667 2705 2770 2687 2735 2704 2686 2626 2703 2692 2614 2729 2753 2669 
2756 2673 2677 2685 2744 2688 2640 2659 2650 2568 2700 2678 2646 2637 2616 2708 2639 2622 2665 2710 2645 2650 2611 2692 2655 2709 2693 2648 2705 2697 
2650 2631 2718 2657 2613 2571 2618 2594 2666 2656 2559 2632 2624 2686 2669 2621 2654 2665 2637 2617 2608 2665 2617 2606 2599 2635 2580 2614 2595 2598 
11671 11996 11836 11816 12027 12434 12029 12158 12312 11964 11893 11570 12024 11739 12125 11754 12374 12224 11617 12067 12413 12019 12093 12127 11981 12478 12254 12508 11782 12389 
7036 6982 7253 6852 6857 7040 7064 7200 7013 7269 7073 6732 6808 6872 7004 6813 6921 6670 7071 6802 6998 6667 6859 6876 7020 7149 6966 7000 6914 7020 
5544 5671 5703 5919 5891 5906 5736 5677 5991 5947 5792 5635 5742 5654 5894 5534 5676 5818 5873 5655 5636 5650 5667 5902 5929 5825 5681 5674 5630 5838 
5208 5176 5139 5098 4838 4905 4979 5156 5267 4982 4951 4977 5138 5044 5069 5035 4909 5299 5410 5018 5045 5156 5079 4792 5097 5227 5012 4988 4968 5126 
4516 4727 4648 4697 4627 4709 4592 4629 4733 4661 4470 4668 4773 4562 4493 4475 4544 4624 4920 4702 4437 4527 4568 4528 4591 4551 4680 4687 4486 4676 
4189 4225 4244 4337 4338 4313 4291 4269 4273 4261 4219 4107 4274 4291 4275 4358 4327 4313 4235 4264 4123 4219 4240 4254 4362 4414 4334 4374 4311 4296 
4170 4048 4024 4037 4106 4190 4176 4071 3945 3971 3895 3996 3941 3920 4015 4018 3908 3991 4068 4115 3957 4048 3939 3873 3892 3939 4067 4049 4095 3968 
3685 3806 3768 3794 3698 3801 3805 3805 3999 3782 3755 3834 3591 3851 3763 3673 3803 3748 3736 3773 3743 3870 3968 3801 3870 3855 3724 3769 3620 3851 
3522 3627 3576 3577 3684 3565 3581 3700 3528 3559 3759 3688 3746 3607 3588 3649 3685 3598 3462 3549 3615 3506 3541 3533 3573 3825 3463 3573 3533 3721 
3440 3530 3467 3568 3419 3490 3599 3532 3479 3509 3477 3468 3389 3418 3328 3316 3385 3459 3390 3427 3508 3476 3544 3618 3514 3432 3409 3406 3503 3458 
3264 3341 3264 3338 3334 3177 3333 3420 3494 3396 3304 3506 3300 3449 3365 3391 3327 3348 3411 3309 3331 3288 3457 3228 3296 3391 3396 3315 3323 3440 
3275 3238 3132 3202 3161 3471 3216 3313 3322 3111 3179 3325 3201 3282 3307 3094 3344 3292 3197 3242 3305 3170 3313 3208 3269 3258 3180 3217 3234 3314 
3047 3213 3114 3225 3159 3192 3173 3125 2992 3039 3146 3102 3038 3108 3105 3202 3060 3004 3101 3111 3103 3123 3118 3162 3110 3248 3129 3185 3143 3183 
3070 3007 2993 2968 3098 3176 2953 3001 3176 3122 3004 3073 3121 3083 2969 2969 2920 3152 3016 3098 3164 3107 3099 3090 3029 2990 3080 3086 2977 3012 
3067 3022 3020 3094 2857 3022 3085 2967 2981 3128 2927 3022 3015 3055 2952 3074 3028 2855 2926 2909 2977 2982 2947 2927 3005 3012 3146 3035 3033 2928 
2927 3043 2958 2930 3003 2975 2903 2962 3032 2943 2913 2917 3047 2983 3039 2921 2995 2925 2917 2870 2943 2861 2872 2911 2778 3042 2861 2961 2980 2927 
2934 2879 2920 2924 2827 2913 2839 2938 2899 2898 2841 2908 2783 2875 2848 2980 2861 2889 2922 2829 2773 2940 2900 2865 2812 2797 2838 2964 2871 2930 
2869 2707 2802 2712 2829 2849 2804 2839 2759 2753 2880 2877 2918 2862 2876 2837 2778 2752 2788 2743 2884 2887 2774 2872 2804 2886 2839 2841 2730 2807 
2820 2715 2762 2773 2777 2688 2800 2710 2692 2860 2769 2783 2796 2772 2699 2756 2772 2748 2807 2701 2804 2750 2713 2669 2794 2768 2671 2816 2750 2744 
2812 2660 2752 2719 2811 2759 2669 2797 2737 2634 2694 2714 2703 2688 2682 2839 2693 2673 2695 2782 2689 2774 2715 2753 2819 2789 2765 2758 2761 2760 
2697 2680 2767 2683 2678 2632 2627 2639 2751 2686 2618 2656 2673 2762 2732 2715 2686 2719 2742 2706 2664 2689 2673 2672 2639 2717 2637 2676 2649 2682 
