MergeSort QuickSort TimSort OESM Cook_Kim LIS BothAlgo 
7 21 101
6805 6792 6645 6807 6687 6670 6667 6700 6781 6789 6671 6663 6636 6594 6642 6734 6794 6998 6702 6696 6804 6793 6706 6807 6731 6747 6782 6650 6748 6743 6791 6696 6713 6694 6733 6749 6967 6759 6594 6809 6698 6670 6778 6716 6731 6675 6694 6749 6787 6748 6650 6599 6811 6836 6731 6739 6828 6604 6799 6711 6840 6924 6709 6678 6587 6625 6795 6733 6883 6735 6778 6634 6646 6760 6625 6704 6718 6798 6856 6643 6611 6756 6771 6751 6755 6734 6711 6614 6757 6681 6743 6812 6617 6780 6683 6704 6896 6651 6636 6687 6702 
6098 6177 6116 6094 6196 6080 6223 6291 6203 6096 6148 6112 6241 6215 6130 6127 6074 6152 6094 6140 6195 6185 6216 6146 6136 6013 6148 6153 6055 6133 6203 6187 6226 6146 6274 6130 6106 6088 6195 6131 6072 6215 6241 6215 6235 6257 6163 6097 6116 6178 6133 6190 6135 6151 6224 6189 6142 6223 6166 6101 6213 6175 6086 6105 6171 6141 6186 6165 6221 6087 6114 6092 6177 6307 6215 6127 6074 6188 6178 6229 6210 6203 6175 6094 6117 6093 6189 6194 6081 6200 6127 6126 6253 6175 6181 6100 6202 6168 6131 6312 6165 
5874 5877 5903 5849 5818 5903 5872 5907 5779 5902 5913 5960 5864 5849 5898 5961 5967 5903 5926 5891 5885 5870 5892 5905 5894 5846 5864 5915 5868 5921 5906 5907 5902 5887 5921 5946 5917 5925 5865 5874 5943 5880 5845 5920 5940 5935 5859 5931 5905 5939 5903 5900 5939 5947 5841 5893 5776 5925 5876 5884 5912 5967 5874 5961 5925 5820 5890 5870 5913 6006 5905 5928 5980 5908 5891 5857 5882 5898 5866 5913 5915 5879 5893 5854 5925 5899 5948 5948 5820 5905 5851 5991 5910 5897 5866 5913 5881 5827 5915 5849 5879 
5688 5755 5722 5688 5726 5710 5696 5730 5718 5719 5682 5713 5738 5690 5686 5678 5730 5629 5756 5730 5703 5716 5702 5716 5743 5674 5711 5736 5674 5695 5719 5737 5729 5695 5767 5738 5730 5660 5746 5765 5698 5781 5780 5759 5663 5729 5725 5670 5729 5737 5721 5755 5744 5715 5744 5634 5648 5731 5790 5738 5643 5627 5691 5715 5724 5746 5699 5808 5730 5741 5758 5741 5708 5740 5657 5731 5697 5720 5706 5759 5772 5692 5732 5756 5797 5728 5778 5679 5673 5768 5715 5753 5674 5677 5737 5694 5744 5713 5688 5735 5702 
5613 5599 5586 5604 5646 5603 5631 5646 5553 5621 5518 5616 5582 5590 5618 5637 5630 5614 5657 5636 5590 5591 5661 5613 5605 5540 5589 5637 5604 5616 5712 5607 5580 5595 5555 5590 5606 5625 5641 5666 5641 5647 5614 5563 5590 5623 5678 5647 5673 5620 5595 5635 5674 5588 5665 5605 5666 5631 5586 5639 5583 5630 5594 5597 5600 5637 5632 5674 5575 5601 5604 5600 5660 5604 5622 5620 5622 5706 5588 5602 5557 5617 5644 5607 5640 5581 5610 5589 5660 5639 5608 5608 5647 5647 5665 5616 5615 5612 5577 5679 5626 
5521 5472 5496 5547 5449 5508 5579 5570 5503 5556 5541 5506 5510 5546 5578 5497 5549 5507 5523 5522 5526 5501 5503 5567 5537 5539 5551 5539 5505 5534 5567 5533 5541 5504 5533 5522 5524 5527 5554 5523 5464 5528 5492 5529 5536 5483 5525 5522 5555 5505 5512 5512 5493 5619 5555 5521 5548 5512 5567 5499 5538 5521 5529 5532 5599 5566 5505 5529 5541 5529 5511 5539 5538 5514 5537 5498 5557 5538 5460 5526 5521 5558 5579 5490 5492 5530 5515 5541 5539 5503 5520 5494 5562 5538 5510 5520 5553 5546 5512 5512 5594 
5450 5515 5457 5480 5467 5537 5516 5439 5464 5496 5490 5452 5446 5496 5453 5484 5460 5467 5497 5451 5488 5486 5485 5457 5479 5443 5498 5452 5502 5451 5479 5419 5492 5478 5448 5479 5505 5430 5462 5440 5497 5476 5423 5443 5440 5461 5473 5442 5418 5488 5481 5438 5470 5461 5469 5440 5490 5466 5491 5427 5511 5460 5453 5427 5426 5455 5474 5455 5474 5448 5488 5465 5497 5492 5464 5461 5450 5448 5500 5443 5460 5523 5480 5437 5487 5470 5476 5434 5430 5462 5482 5456 5493 5492 5486 5450 5496 5470 5538 5472 5527 
5408 5439 5424 5423 5432 5425 5415 5417 5424 5427 5407 5410 5427 5404 5431 5430 5406 5417 5422 5447 5402 5404 5385 5384 5436 5400 5400 5433 5418 5397 5419 5409 5432 5425 5446 5413 5377 5460 5410 5428 5379 5467 5445 5398 5415 5392 5411 5426 5420 5411 5388 5425 5412 5420 5406 5411 5428 5440 5443 5424 5415 5429 5408 5398 5419 5406 5440 5491 5409 5465 5419 5421 5433 5420 5401 5427 5425 5386 5436 5429 5386 5402 5380 5371 5407 5396 5427 5427 5386 5358 5455 5443 5409 5423 5369 5383 5423 5416 5422 5420 5430 
5363 5346 5380 5367 5364 5384 5393 5351 5379 5343 5337 5392 5362 5395 5337 5371 5385 5353 5386 5345 5420 5348 5341 5350 5355 5388 5346 5361 5402 5378 5386 5327 5349 5361 5370 5345 5367 5414 5357 5342 5381 5378 5341 5398 5387 5384 5406 5357 5358 5366 5396 5377 5395 5413 5374 5375 5363 5380 5353 5364 5347 5359 5365 5383 5394 5382 5407 5386 5381 5385 5402 5374 5379 5389 5365 5370 5353 5426 5380 5413 5361 5415 5388 5360 5385 5337 5340 5359 5362 5378 5371 5368 5370 5386 5381 5363 5363 5365 5385 5362 5344 
5358 5359 5373 5344 5341 5352 5333 5333 5345 5337 5325 5341 5356 5330 5328 5323 5302 5353 5299 5329 5353 5333 5366 5334 5332 5364 5346 5317 5346 5326 5324 5326 5331 5356 5338 5324 5334 5326 5367 5359 5339 5321 5319 5369 5336 5329 5317 5336 5335 5356 5330 5340 5370 5345 5367 5346 5322 5358 5344 5331 5307 5398 5305 5344 5345 5329 5319 5347 5337 5356 5308 5330 5328 5322 5347 5315 5355 5325 5331 5362 5329 5313 5315 5328 5325 5362 5367 5344 5313 5353 5339 5309 5334 5336 5368 5346 5329 5296 5356 5336 5341 
5325 5312 5297 5320 5339 5282 5294 5331 5316 5291 5302 5325 5303 5309 5294 5305 5285 5274 5337 5302 5281 5332 5304 5310 5318 5269 5302 5263 5302 5271 5303 5307 5288 5324 5307 5295 5298 5343 5311 5321 5342 5314 5263 5351 5297 5367 5297 5339 5298 5297 5295 5287 5317 5297 5288 5291 5316 5322 5335 5346 5285 5347 5280 5328 5308 5306 5315 5342 5327 5307 5298 5310 5301 5310 5354 5303 5318 5268 5295 5276 5326 5324 5318 5283 5326 5279 5292 5296 5304 5301 5301 5327 5291 5312 5294 5282 5319 5306 5321 5285 5288 
5277 5282 5275 5327 5295 5304 5289 5267 5264 5265 5265 5235 5267 5279 5296 5332 5282 5279 5254 5308 5285 5257 5277 5279 5286 5288 5296 5286 5273 5289 5266 5285 5282 5296 5254 5292 5298 5269 5294 5290 5300 5285 5253 5276 5332 5277 5300 5295 5276 5296 5298 5279 5279 5259 5299 5275 5243 5265 5290 5272 5270 5272 5256 5274 5317 5279 5285 5259 5288 5288 5261 5298 5277 5285 5253 5285 5304 5303 5294 5268 5282 5300 5301 5283 5284 5280 5287 5274 5263 5276 5253 5319 5283 5297 5279 5267 5300 5300 5270 5262 5278 
5263 5249 5241 5278 5267 5265 5279 5270 5264 5267 5277 5261 5263 5286 5249 5271 5255 5274 5278 5278 5293 5253 5251 5224 5271 5264 5243 5279 5294 5276 5249 5258 5233 5250 5273 5254 5266 5256 5274 5298 5277 5265 5276 5268 5267 5257 5246 5267 5272 5253 5251 5239 5274 5234 5263 5259 5240 5278 5260 5265 5285 5241 5241 5277 5242 5257 5220 5245 5264 5273 5257 5266 5256 5263 5263 5251 5267 5260 5244 5278 5264 5267 5245 5240 5241 5263 5258 5259 5276 5253 5258 5248 5287 5273 5260 5263 5260 5260 5240 5254 5263 
5240 5229 5235 5246 5268 5243 5242 5236 5234 5236 5270 5262 5231 5238 5248 5231 5246 5273 5251 5249 5259 5266 5215 5254 5250 5264 5238 5225 5243 5263 5235 5220 5267 5246 5233 5244 5299 5240 5241 5221 5260 5241 5219 5242 5265 5230 5235 5236 5249 5258 5254 5227 5252 5247 5272 5265 5232 5228 5230 5229 5242 5243 5237 5250 5251 5265 5244 5250 5216 5223 5239 5263 5256 5253 5235 5227 5227 5245 5239 5229 5276 5228 5239 5249 5203 5237 5211 5248 5238 5214 5216 5260 5255 5230 5227 5222 5248 5260 5240 5236 5211 
5249 5226 5236 5214 5210 5241 5238 5221 5219 5225 5234 5234 5217 5222 5244 5237 5255 5255 5240 5220 5217 5225 5231 5223 5207 5217 5217 5237 5208 5198 5213 5229 5230 5232 5250 5239 5232 5242 5237 5239 5233 5238 5233 5216 5219 5221 5224 5245 5226 5202 5238 5244 5235 5240 5233 5254 5224 5236 5220 5225 5243 5249 5232 5271 5209 5220 5213 5243 5221 5222 5234 5230 5227 5211 5240 5220 5220 5225 5212 5248 5242 5213 5210 5210 5199 5227 5226 5224 5207 5233 5219 5214 5216 5237 5220 5236 5233 5246 5210 5247 5226 
5206 5254 5225 5236 5229 5229 5217 5216 5216 5209 5215 5209 5242 5226 5230 5223 5218 5189 5187 5231 5212 5215 5229 5210 5197 5219 5217 5214 5204 5185 5227 5220 5222 5204 5210 5206 5200 5190 5218 5196 5230 5203 5205 5188 5222 5239 5214 5228 5215 5213 5211 5231 5205 5219 5205 5200 5191 5210 5200 5220 5210 5206 5199 5217 5233 5224 5184 5195 5200 5217 5202 5214 5210 5231 5210 5209 5215 5220 5200 5212 5191 5229 5223 5194 5221 5215 5226 5198 5207 5233 5207 5219 5191 5225 5209 5201 5201 5217 5203 5218 5195 
5203 5224 5191 5196 5193 5191 5202 5169 5200 5198 5230 5176 5198 5212 5190 5214 5211 5212 5182 5181 5174 5198 5192 5214 5191 5205 5184 5196 5188 5195 5189 5192 5183 5203 5193 5206 5179 5216 5190 5208 5211 5195 5218 5200 5208 5184 5191 5172 5194 5187 5204 5227 5209 5192 5209 5213 5214 5195 5237 5199 5217 5199 5173 5201 5210 5219 5209 5192 5189 5215 5196 5181 5201 5203 5194 5231 5187 5201 5194 5195 5159 5201 5190 5208 5185 5191 5185 5207 5205 5194 5180 5198 5188 5200 5188 5212 5202 5195 5184 5222 5184 
5176 5216 5205 5214 5214 5196 5175 5167 5188 5188 5181 5178 5183 5186 5187 5189 5194 5221 5170 5173 5172 5176 5180 5223 5214 5183 5182 5198 5179 5180 5186 5199 5170 5187 5189 5191 5179 5197 5174 5191 5193 5231 5197 5187 5175 5201 5199 5191 5219 5188 5178 5192 5185 5197 5197 5192 5203 5187 5191 5185 5208 5186 5185 5187 5182 5177 5183 5181 5183 5175 5186 5186 5168 5187 5172 5199 5178 5184 5181 5170 5175 5173 5189 5218 5210 5169 5180 5184 5191 5185 5197 5177 5194 5159 5201 5179 5181 5175 5187 5170 5221 
5166 5171 5158 5182 5174 5177 5186 5176 5184 5171 5177 5180 5188 5179 5173 5166 5161 5180 5166 5181 5185 5162 5184 5198 5174 5170 5170 5174 5189 5170 5164 5189 5190 5160 5160 5181 5185 5168 5189 5168 5180 5174 5189 5168 5182 5218 5173 5196 5181 5174 5147 5167 5180 5168 5179 5176 5183 5178 5181 5190 5171 5185 5175 5191 5182 5172 5178 5173 5169 5170 5179 5173 5177 5164 5172 5160 5191 5171 5143 5192 5169 5171 5175 5176 5150 5154 5179 5164 5173 5174 5178 5186 5187 5173 5180 5167 5175 5173 5169 5207 5196 
5170 5189 5168 5173 5165 5171 5144 5176 5172 5168 5167 5191 5168 5169 5182 5161 5169 5163 5143 5161 5165 5181 5160 5166 5145 5181 5178 5177 5156 5157 5141 5170 5154 5191 5171 5168 5166 5158 5178 5162 5183 5191 5167 5160 5177 5166 5152 5165 5177 5164 5153 5162 5171 5188 5150 5147 5172 5156 5179 5177 5158 5166 5193 5168 5162 5178 5156 5177 5181 5189 5160 5163 5170 5161 5177 5205 5170 5178 5167 5176 5175 5168 5174 5154 5152 5169 5172 5153 5167 5183 5174 5171 5167 5185 5167 5156 5177 5172 5165 5166 5172 
5146 5167 5138 5166 5152 5158 5160 5182 5168 5162 5163 5175 5148 5161 5179 5157 5170 5161 5158 5152 5147 5177 5168 5172 5176 5177 5149 5167 5161 5164 5161 5174 5171 5157 5170 5165 5146 5142 5182 5149 5162 5188 5181 5159 5156 5159 5159 5156 5145 5174 5167 5157 5159 5163 5158 5168 5160 5137 5169 5158 5150 5150 5148 5134 5152 5157 5140 5142 5156 5177 5151 5167 5154 5153 5144 5178 5167 5153 5162 5165 5174 5155 5166 5151 5161 5167 5167 5162 5165 5165 5159 5155 5148 5157 5173 5160 5167 5148 5176 5165 5156 
11016 11918 10059 11541 11116 10631 11126 10551 12454 11228 10083 10357 11404 11622 10573 10355 10991 10311 10827 11307 10441 10246 10299 11889 11351 10513 10800 10611 10808 11350 10817 10751 10965 11047 10530 10439 12294 11309 10346 9847 10900 9913 10489 11014 10848 11922 11165 11460 11181 12013 11677 11811 12934 12051 10871 10851 10235 10639 11362 11375 10366 11585 11719 10634 10635 11183 10285 11463 10712 10965 10316 10641 10346 10154 11200 11878 10358 11245 10635 11101 10557 10748 11653 10817 10137 10899 10856 11480 10712 10846 11271 10981 11220 11278 10626 10896 11164 10966 12283 9836 12023 
11104 10700 10319 10764 10621 9959 9953 10496 10278 11346 10793 10789 11627 14722 10455 11294 10145 11156 10313 11162 11452 10109 10518 11205 11405 11911 11437 11290 11597 10855 10786 13433 10012 11927 11783 10922 11234 10679 11045 11248 10538 9947 11157 11068 11922 10796 10887 11004 11264 10727 10524 10470 11804 10676 11115 10783 10697 11208 10130 11590 10614 10027 10357 10407 11062 12145 10010 10742 10765 10022 10877 10129 10806 11818 11122 11385 10696 11283 10877 10239 11781 11116 10476 10028 11255 11233 10276 9607 11187 10085 10614 10432 11958 10324 11870 11409 12561 10367 10005 10828 10929 
10665 12185 10956 10724 11284 10591 10344 11996 11122 11610 10846 10301 11027 10625 9914 11058 12288 11120 10771 10899 10409 11142 10302 11286 10498 11207 10216 12006 10788 10594 10310 10733 10150 10084 11179 11856 11195 10354 10390 11568 10296 13533 10984 10957 10462 10040 11353 10517 11882 10822 10934 10145 11339 10286 10630 10495 12716 11148 11081 10757 10604 10280 11877 10294 10985 9897 10859 11042 10963 12352 12378 10505 11359 10921 10146 11266 11048 12395 10450 10050 11028 10437 10649 10725 11590 10713 11602 10190 10851 11748 11175 10724 10631 10501 10107 11396 11724 11992 10982 11009 11376 
12185 10776 11125 11600 10461 11342 12349 12242 11335 13231 11546 11176 10471 11471 10609 11363 11709 11068 10974 11157 11663 11397 10704 10774 11076 11154 10731 10746 10134 10977 11559 11019 10687 10626 11262 10654 10219 10728 11202 10433 10591 10502 10036 11045 10533 11277 10422 10151 11518 10271 12049 11864 11130 10549 10763 10973 9892 11990 10830 10610 11095 10850 10583 10733 10044 10710 10846 10083 11029 10454 10880 10225 10129 10516 10665 11395 10241 11764 11395 10434 10743 9952 11121 10686 11192 11687 12326 10674 10183 11348 10237 10266 10857 12310 11529 11001 13203 10903 12423 10561 10299 
10955 10533 10544 10974 10687 11739 10606 10729 11659 11240 10956 10929 10749 11089 10687 11899 11193 10707 10903 10945 10639 11148 11818 10513 11694 10425 10578 11447 10657 12125 10542 11542 10286 12387 10709 11783 11709 10820 10428 11641 10301 10916 10128 11092 10332 11693 10302 11296 10605 11642 10582 10637 10982 10711 12826 10573 9994 11668 11078 10688 11935 10953 11581 10899 11002 10789 10690 10784 11128 11106 10601 10979 10733 11515 10698 12018 10074 11055 10961 11172 10381 11896 10679 11312 11007 10528 10549 10594 11974 11726 10150 10396 11109 10147 11530 13092 10694 10553 10936 11135 11178 
9744 11894 11999 10523 11501 11259 10477 11424 11158 10727 11716 11135 10397 11278 11040 11744 11049 11376 10686 10962 13551 11184 11464 10577 10235 11388 10542 10570 11410 11745 10579 12312 10719 10750 9980 11018 10162 11145 10454 10930 11111 11828 10665 10509 11212 10723 10744 12079 10495 11153 11154 11034 10814 10309 9956 12162 10494 10267 10572 10546 9973 11159 11188 11801 11300 11039 9958 10857 11242 11147 10516 11372 10106 10870 10572 9781 11251 10714 11241 10912 10898 10768 11112 10277 10739 11367 10292 11196 11148 11078 10901 11996 12017 10298 10196 10746 11382 10964 10431 10804 10408 
10084 10401 11074 10591 11390 11257 11409 10829 10366 11142 10168 10508 10662 10265 10817 10296 10652 11440 10888 10880 11270 12348 10445 10794 10805 10779 10844 10985 10671 11346 10587 11653 10895 10904 11281 10791 10911 10800 11006 10462 11125 9664 11102 10740 10965 10461 10477 10721 10562 10507 12537 10872 11008 11329 10925 10986 10938 10618 11101 11206 11529 11096 10222 10418 10175 11303 10634 11948 11078 12831 11267 10856 11318 10569 10873 11013 10154 11467 9998 11351 10842 11534 11008 12814 10560 10562 11214 11103 10300 10289 10981 11800 10042 11171 11733 10593 10408 10527 12575 11401 10998 
11155 10747 11129 10207 10805 11767 10305 10849 10226 11843 10652 10735 11806 10483 10543 10831 11211 10777 10924 10183 10742 10283 10431 10524 10868 11331 10745 10625 10701 10937 11356 10419 10877 10853 10981 10279 10430 11844 10683 10924 11514 10248 11415 9983 10288 9937 10748 11521 11068 10640 11810 11521 11479 12365 10718 10673 12587 10189 12080 11628 10992 10759 10618 10754 10117 11366 10692 10859 10417 10304 10050 11344 10760 11761 10670 12867 10794 10090 10299 10294 11613 10487 10454 11476 10727 10995 11205 12047 11210 10546 9853 10209 11664 10759 10953 10926 11122 11996 11173 10629 10179 
10833 10831 10260 10643 11330 10715 10027 10402 10231 11572 10642 10737 11732 10690 10315 11200 10852 11621 10218 10303 10315 10636 10832 12019 11239 10747 12127 10787 10193 10323 11370 12308 11688 10992 10765 11009 11136 12601 9896 11052 11658 10485 12451 10217 10450 11497 11437 11712 10694 11146 11145 11957 10697 10603 11554 10272 11585 11849 11472 11029 11205 10599 10443 10503 10486 10258 10357 10226 10517 12699 10430 10104 10411 11263 10930 10537 10760 11744 11133 10360 10857 10426 11228 10534 12856 11009 10432 11063 10877 11777 12126 10827 10630 10347 11349 11459 10522 12381 10830 12195 10931 
10500 11348 11175 11087 10871 11779 10963 10847 10581 11986 10283 10869 10374 11100 10718 10380 10414 10799 10989 11636 10952 11982 11430 11333 12865 10262 11097 10836 10615 11241 10797 12491 10513 11246 10536 10377 10309 10716 11213 10334 9997 10325 10382 11405 10127 11558 10136 10158 10761 10989 9979 10738 10384 11739 10710 10226 11467 10212 10752 11563 11262 10958 10926 11657 11236 10530 10630 10932 10951 10223 10356 10933 10589 10921 11043 10639 10192 12484 11201 12206 11344 11267 10580 11782 11138 11174 12345 11386 10865 10834 10481 10710 10570 10859 10748 10559 11567 10356 11503 11570 10761 
11029 11157 10429 10622 10621 12352 11149 10494 11484 10780 12057 10838 10245 11680 10915 11126 10382 10930 11079 12328 11273 10081 10196 10538 10986 10400 11330 10975 11093 10831 12493 13401 11531 10447 10808 10761 11409 10864 11639 11411 11569 11298 10757 11292 11383 10666 11797 10849 12051 10105 10728 9907 11127 10410 10271 10705 11340 11130 10744 10208 10903 11372 11371 10442 10051 10331 10887 10536 11588 11201 11648 11111 10968 11168 10226 11698 11815 10518 10290 10691 11296 10728 11192 10556 10788 11434 10139 10026 11909 11123 11262 10327 10856 10526 11609 10503 9999 10967 12273 10705 11800 
11572 10336 11417 11144 11206 11829 11072 10136 10935 10650 10925 10596 10293 10625 10164 11543 10940 11154 10798 10896 9842 10699 11223 10838 10593 10681 11074 11138 10793 10038 10714 11007 10882 11081 10645 11153 10650 12102 10812 10350 10761 10202 10519 11115 10235 10613 10484 10724 12133 11070 10857 9875 11407 10312 10414 10546 12261 11713 10473 10820 11902 10632 10007 10991 12068 12623 10832 11099 10550 11058 11009 10782 11780 10959 10988 10948 11971 11106 11098 11172 10828 10945 12350 12050 10991 10164 10383 10647 11258 10204 10543 10058 10756 11192 10449 11541 11085 9897 10454 11248 11315 
11798 10286 10359 11305 11040 10394 9886 10364 11586 10164 12107 11465 11436 11341 11600 12660 10295 10536 10745 11508 11375 10446 10510 11304 12375 10783 12567 11422 11606 11567 12713 11010 10302 11427 11145 10851 11083 10144 11046 13475 10796 10702 11066 10605 9846 11797 10758 11471 11217 10756 9959 12402 11111 11622 11521 10831 10229 11369 11048 11331 11384 11509 10967 10889 10437 10251 10692 11066 10747 10372 10476 11311 11609 11905 10401 10899 14079 12885 10096 10595 10764 11318 10284 10274 11140 10662 11797 10600 10859 9795 10606 11708 10892 10615 12030 10753 10288 11011 11083 11483 10139 
12191 10533 10338 10298 11216 10197 10168 12125 10944 10420 11597 10996 11166 11320 11125 10539 11228 13962 11178 10550 11462 10595 10304 10604 11786 10946 10880 10604 9959 10379 10026 10219 11964 10769 10658 11178 11490 12353 11148 10788 11195 11393 11442 10883 10693 10801 11673 11052 10372 11511 10138 10541 10613 11047 10801 12005 12292 10947 11964 10657 10395 12211 11047 10101 10682 11735 11295 10852 10553 10828 12035 10755 10673 10283 11506 10483 10366 11124 10554 10519 10504 10866 10804 12071 10483 11205 10521 11481 10887 11756 9908 10450 10481 10619 10324 10418 11960 10462 11182 10633 10574 
10606 10485 10847 11360 11394 10870 9989 10235 10024 11862 10168 10866 11915 11165 11909 11080 10505 11170 10435 10462 10415 10336 10886 11153 10793 10288 13095 10889 10487 10801 11337 11386 10514 11782 10860 10202 11770 10370 12202 10509 11129 11798 10681 11377 11035 11242 10059 11396 10350 10252 11075 10975 10402 10270 10844 10137 10522 11109 10785 11631 11291 11534 10967 10209 10437 10853 10618 11982 10467 11114 10504 10453 10319 11517 10389 10484 10262 10809 11342 10811 10996 9918 11276 11813 11173 12086 10652 10440 10814 11110 11301 10409 10781 10969 10696 11290 10274 10532 11160 10103 10965 
10551 11627 10382 10875 10621 11794 13178 10852 10862 10103 10403 10966 11023 11788 10516 10943 10302 11139 11516 10441 11915 10844 10353 11896 11208 11371 10480 10681 10140 10433 10374 10579 10736 10475 10512 11425 10306 11573 11331 10303 11673 10583 10971 10178 10040 10866 11864 10530 11007 10412 10767 11850 10675 11500 10822 11047 11439 11545 10974 10666 10635 12173 10268 11864 12784 11193 10500 10901 11330 11889 11273 10306 11329 11022 11010 9880 11782 10313 10632 11253 11515 11894 10406 10718 10315 12229 10834 10090 11747 10726 12547 11755 11812 10217 11743 10236 10473 11597 10296 11854 11689 
11580 10095 10877 10469 10976 11424 10261 10887 10425 11016 10898 11354 11110 10949 12407 11400 11470 11072 10401 10750 10266 11579 10464 11673 10757 10376 11448 11511 10378 10936 10300 10134 10169 10885 11198 9980 10544 12764 9945 10342 10670 11260 10808 11524 11187 9777 10578 11500 10784 10489 11169 10954 11372 10549 11366 11132 10920 11865 11623 12316 12283 11047 11798 11483 10953 11545 10738 10601 10517 12084 12428 10925 10216 9827 12061 10800 11331 10938 12202 10492 13697 10739 11592 11123 12606 10390 11556 11543 11134 11500 10180 10437 10340 11012 11864 11464 10919 10823 10872 12915 9785 
10987 10048 10232 10796 10185 10908 9674 11326 10963 10828 10653 11300 11147 10483 10607 10700 10126 11099 11113 10378 11055 10422 10510 9858 10440 12305 10261 13116 12813 10336 11024 10667 11018 11813 10620 11232 10873 10285 11880 10146 11317 10736 11756 11048 10718 11587 12252 11930 11479 11084 10698 11733 11867 10235 11126 10698 11015 10247 11123 10048 11093 10931 11012 11565 11334 10267 10941 10714 11025 10791 12189 11082 11418 10925 10949 11328 11043 10676 10751 10962 11032 10648 11037 10947 10922 11046 11372 10042 11680 11140 11514 10725 11563 10597 10518 12054 10483 10358 10967 11272 10718 
10432 10106 10639 10157 10945 10906 12097 10572 10243 10554 11312 10538 10760 11452 10698 11127 10525 10239 10059 13273 11717 9982 10742 11205 11098 10794 11874 10538 11078 10992 10689 10725 11508 11345 10567 10149 10817 11736 10680 10586 11112 11146 12338 11750 10380 10330 10146 10166 12160 10651 10543 11229 10381 10298 10629 10409 10395 10436 10749 10627 10972 10976 10440 9942 11412 11835 10533 10661 11700 12049 11204 11393 10760 11518 11042 10842 12639 10294 10468 10276 10418 10484 10942 10350 13490 11478 10739 11304 10620 10942 10577 10783 10943 11881 10435 10875 10629 10751 10714 11272 11016 
10484 13493 10518 12286 11451 10067 11593 10672 10889 11854 10774 11117 10312 12014 12123 11794 10368 10987 12077 11194 11362 10503 10177 10379 10038 10116 11246 12835 10864 10924 11239 11804 10606 12063 11003 10911 10972 10307 10871 10529 10053 10521 11580 10363 10373 11150 11534 11213 11623 11178 10749 10789 10043 11399 10786 11780 10355 11272 10632 11060 10846 10465 10750 10510 11421 10681 11148 12100 11302 10100 10546 11464 11255 10049 10755 10566 9958 10444 10650 11619 10991 11124 10905 10366 10813 10140 10333 11081 10898 12378 10653 11690 12190 12970 11155 10456 10402 10532 11315 11489 11152 
10136 11715 10534 11176 10358 11530 10337 11617 11059 11308 11535 12434 10917 10662 10565 10621 11568 10153 11795 11955 10674 10386 11489 11876 10544 12449 11015 11259 10375 12323 11298 10767 10855 10249 11332 10881 10273 10133 10795 10662 10287 11040 9742 11218 10899 11119 10609 10674 10382 10481 10352 10446 10443 10581 11050 12079 10185 11716 12314 10953 10653 11259 10614 10196 10713 10914 11191 10831 11005 11134 11381 13332 11527 12962 11200 12181 11477 10606 11557 10586 10238 11110 10760 10755 10401 11005 10829 10506 11682 10558 10661 10605 11226 10454 11724 12201 10001 10463 10892 12084 10966 
10050 9344 9334 10119 9609 9536 9391 9751 9912 9606 9461 9666 9285 9483 9383 9403 9176 9792 9597 9391 9615 9684 9414 9530 9427 9318 9982 9163 9432 10170 9448 9663 9924 9445 9289 9460 9853 9534 9370 9520 9501 9308 9313 9681 9751 9860 9465 9643 9985 9614 9338 9380 9601 9822 9595 9508 9768 9195 10030 9608 9347 10352 9425 9295 9780 9216 9480 9770 9663 9850 9135 9455 8980 9725 9480 9316 9534 9960 9392 9174 9077 9839 9756 9889 9649 9300 9434 9482 9594 9343 9578 10477 9536 9309 9179 9250 9794 9170 9516 9399 9346 
7160 7592 7351 6924 7114 7206 7369 7632 7335 7054 7242 7140 7426 7136 7010 7245 7171 6949 7068 7066 7822 7190 7657 7332 6990 7164 7338 7046 6668 7049 7696 7499 7156 7415 7532 7465 6943 6975 7265 7533 7070 7713 7134 7561 7401 7752 7219 7051 7269 7514 7201 7464 7003 7207 7206 7406 7124 7818 7389 7460 7383 7473 7257 7519 7351 6975 7494 7362 7396 7351 7437 7315 7264 7876 7722 7103 6836 7446 7286 7242 7164 7797 7098 7037 7514 7343 7304 7332 7279 7130 6861 7254 7235 7493 7238 6866 7435 7588 6814 7719 7318 
6028 5942 6046 5982 6234 6126 6060 6051 5788 6332 6301 6521 6030 6204 6289 6224 6487 6006 6297 6069 6138 6015 5974 6290 5973 5888 5826 6323 6021 6203 6407 6166 6186 6073 6094 6309 6274 6017 6226 5734 6286 6200 6177 6229 6233 6353 5883 6359 6102 6384 6052 5817 6258 6239 5959 6174 5845 6149 6376 6094 6191 6346 6125 6357 6132 6045 6108 6092 6087 6649 6538 6350 6348 6061 6168 5939 6006 6178 6269 5725 5994 6005 5913 5983 6406 6110 6140 6392 6088 6207 5981 6516 6351 6396 6105 6284 6232 5817 6079 6247 6115 
5408 5535 5360 5216 5518 5281 5428 5605 5361 5539 5490 5451 5484 5478 5257 5183 5309 5128 5526 5359 5578 5495 5669 5461 5427 5259 5612 5343 5393 5335 5329 5680 5585 5477 5517 5414 5660 5377 5502 5607 5227 5558 5635 5572 5276 5529 5300 5382 5485 5429 5537 5710 5558 5366 5575 5074 5088 5588 5556 5395 5222 5241 5418 5401 5465 5707 5313 5787 5651 5514 5412 5550 5333 5707 5285 5452 5430 5427 5212 5568 5899 5407 5547 5537 5789 5443 5635 5483 5327 5686 5411 5395 5329 5578 5471 5491 5388 5486 5437 5607 5623 
4994 5167 4929 5024 5190 5073 5089 5072 4883 5104 4759 5149 5040 4897 5150 5335 5066 5068 5194 5129 4975 4896 5115 5022 4989 4949 4964 5145 5159 5018 5583 4951 5004 4972 4909 4997 5019 4950 5000 5139 5153 5230 5159 4869 5214 5264 5037 5188 5272 5015 4995 5066 5202 5028 5273 5084 5179 5133 5073 5110 4824 5180 5047 5015 4952 5170 5045 5236 4908 5025 5004 4947 5269 5254 5171 5083 5128 5464 5043 4909 4923 5109 5160 4970 5038 5087 4925 5012 5254 5196 5173 5119 5005 5163 5252 5151 5084 5047 4957 5279 4987 
4789 4678 4636 4784 4674 4729 4829 4903 4779 4788 4846 4762 4773 4859 4813 4680 4866 4745 4701 4723 4763 4549 4695 4790 4859 4831 4853 4713 4820 4832 4836 4742 4820 4694 4805 4722 4870 4707 4885 4728 4595 4767 4744 4832 4823 4679 4752 4719 4817 4713 4633 4738 4652 5086 4819 4654 4838 4771 4844 4804 4840 4807 4821 4675 4996 4989 4733 4765 4792 4757 4561 4959 4815 4825 4791 4639 4879 4899 4539 4650 4694 5049 4840 4649 4602 4795 4709 4811 4984 4629 4738 4653 4940 4778 4719 4691 4999 4786 4719 4797 5101 
4489 4678 4465 4577 4733 4690 4685 4521 4595 4639 4624 4564 4490 4568 4521 4592 4569 4511 4628 4589 4590 4735 4683 4582 4586 4536 4672 4609 4626 4462 4513 4439 4677 4698 4594 4600 4659 4505 4472 4529 4648 4585 4369 4493 4592 4527 4657 4418 4496 4624 4564 4585 4567 4566 4497 4525 4607 4559 4650 4454 4545 4569 4481 4488 4525 4516 4562 4529 4547 4557 4629 4538 4630 4594 4518 4573 4623 4627 4734 4443 4617 4667 4589 4540 4632 4663 4604 4426 4521 4480 4630 4737 4519 4612 4671 4583 4648 4532 4751 4554 4718 
4333 4542 4392 4460 4434 4384 4402 4372 4489 4469 4356 4375 4476 4485 4446 4373 4362 4377 4393 4609 4344 4400 4342 4369 4474 4518 4392 4515 4358 4467 4443 4400 4405 4430 4549 4346 4344 4541 4385 4447 4309 4588 4529 4360 4419 4358 4365 4430 4444 4472 4349 4474 4359 4417 4421 4440 4388 4408 4470 4440 4411 4373 4393 4397 4455 4445 4525 4641 4352 4488 4419 4403 4547 4385 4477 4387 4401 4338 4425 4559 4375 4419 4323 4300 4526 4511 4418 4454 4352 4309 4436 4522 4368 4422 4315 4308 4390 4366 4454 4480 4474 
4244 4233 4350 4317 4221 4337 4276 4304 4327 4235 4174 4332 4243 4328 4239 4279 4317 4286 4323 4203 4501 4305 4214 4343 4270 4332 4239 4244 4360 4301 4382 4190 4221 4224 4328 4286 4319 4355 4223 4375 4255 4288 4193 4409 4253 4289 4414 4299 4274 4270 4312 4294 4390 4412 4243 4289 4263 4320 4218 4249 4234 4232 4303 4348 4387 4220 4388 4278 4371 4331 4369 4247 4215 4410 4309 4267 4255 4298 4304 4340 4258 4426 4353 4248 4321 4218 4197 4309 4263 4337 4269 4283 4275 4270 4325 4258 4263 4295 4298 4275 4264 
4268 4227 4231 4249 4197 4252 4180 4149 4184 4198 4156 4175 4158 4194 4153 4199 4146 4241 4121 4199 4249 4212 4216 4218 4187 4246 4237 4179 4246 4198 4178 4172 4140 4219 4219 4170 4217 4211 4278 4227 4167 4269 4140 4273 4192 4145 4124 4179 4167 4244 4187 4270 4242 4293 4243 4221 4166 4263 4229 4202 4097 4307 4160 4221 4175 4138 4129 4243 4179 4229 4128 4211 4234 4193 4208 4077 4294 4188 4202 4221 4119 4137 4186 4142 4125 4281 4240 4184 4240 4221 4199 4123 4211 4247 4244 4189 4237 4168 4239 4195 4171 
4128 4085 4106 4150 4189 4068 4102 4141 4121 4048 4083 4132 4128 4140 4105 4158 4064 4076 4188 4169 4072 4143 4101 4208 4096 4009 4067 4030 4142 4046 4143 4078 4003 4164 4105 4039 4076 4168 4124 4108 4177 4149 4025 4195 4054 4259 4091 4177 4074 4071 4061 4089 4159 4087 4123 4133 4138 4107 4172 4193 4084 4193 4070 4157 4114 4110 4128 4172 4172 4140 4105 4137 4075 4104 4197 4095 4113 4061 4064 4062 4161 4159 4161 4078 4160 4122 4077 4079 4089 4060 4089 4128 4075 4138 4071 4095 4139 4125 4159 4059 4080 
4077 4103 4033 4139 4082 4088 4078 4042 3978 3999 3960 3984 4024 4076 4004 4176 4092 4087 4018 4080 4033 4014 3997 4093 4058 4026 4053 4069 4064 4036 4016 4071 4024 4036 3973 4097 4082 4038 4089 4082 4064 4082 3948 4003 4189 4048 4099 4055 4056 4088 4058 4014 4074 4020 4050 4048 3972 4005 4135 4083 4017 4008 4025 4030 4099 4083 4027 4034 4091 4050 4000 4013 4057 4101 4011 4068 4115 4107 4060 4046 4072 4139 4089 4049 4089 4053 4002 3984 3992 4045 4004 4119 4052 4113 4016 3984 4052 4049 4034 4019 4062 
3988 3941 3968 4050 4033 4024 4052 4062 4002 4010 4028 3971 4009 3996 3976 4052 3990 4001 4015 4051 4094 3996 3935 3922 4069 4017 3983 4025 4041 4032 3987 4003 3944 4018 3990 3980 3982 4022 4030 4103 4043 3993 4000 4023 4005 3965 3921 4030 3981 3992 3942 3954 3961 3986 4012 4003 3933 4057 4018 4004 4048 3957 3949 4099 3948 3939 3930 3949 3978 3992 4006 3991 4066 4006 3960 3988 4003 4004 4011 4037 4010 4045 3978 3931 3992 4001 3954 3991 4046 4007 3996 3964 4068 4057 3981 4022 4007 3972 3952 3998 3993 
3976 3939 3919 3929 4011 3962 3970 3920 3920 3933 3978 3994 3887 3946 3972 3947 3952 4058 3993 3961 3979 4001 3936 3992 3982 3978 3946 3891 3940 3967 3953 3886 3984 3974 3923 3974 4074 3993 3925 3889 3966 3946 3912 3959 4011 3968 3978 3949 3947 3987 3929 3953 3957 3962 4007 4030 3930 3911 3920 3922 3985 3943 3915 3951 3949 4008 3934 3956 3901 3878 3926 3976 3960 3967 3935 3910 3892 3941 3943 3928 4023 3933 3982 3992 3904 3912 3906 3980 3940 3895 3911 3977 3989 3936 3971 3911 3998 4019 3931 3885 3863 
3976 3884 3906 3934 3885 3950 3935 3853 3873 3912 3956 3934 3901 3891 3919 3958 3988 3963 3937 3910 3922 3898 3907 3868 3871 3891 3913 3935 3902 3862 3894 3903 3943 3900 3953 3946 3940 3917 3940 3944 3930 3901 3905 3887 3875 3934 3943 3965 3951 3862 3945 3948 3916 3923 3894 3952 3937 3930 3939 3905 3937 3935 3922 4003 3887 3878 3904 3955 3923 3869 3903 3888 3914 3932 3953 3894 3883 3930 3889 3916 3977 3930 3877 3882 3898 3922 3884 3906 3889 3956 3899 3876 3863 3903 3890 3951 3917 3965 3867 3928 3890 
3839 3986 3928 3908 3887 3899 3861 3879 3880 3851 3897 3881 3942 3902 3891 3906 3914 3848 3854 3910 3908 3908 3873 3891 3846 3905 3901 3903 3858 3870 3895 3906 3911 3842 3878 3892 3838 3865 3884 3875 3918 3866 3878 3837 3913 3954 3884 3884 3881 3879 3894 3932 3879 3871 3834 3839 3834 3883 3836 3900 3855 3894 3859 3923 3930 3899 3832 3881 3867 3881 3849 3926 3880 3894 3889 3883 3893 3897 3863 3880 3858 3901 3896 3846 3928 3877 3900 3834 3867 3928 3846 3866 3826 3903 3865 3855 3910 3879 3844 3907 3833 
3840 3879 3872 3840 3835 3857 3864 3807 3835 3846 3902 3820 3836 3852 3847 3904 3877 3875 3803 3797 3803 3867 3872 3871 3842 3848 3809 3850 3832 3844 3854 3834 3834 3860 3861 3872 3815 3935 3852 3857 3865 3858 3915 3855 3885 3792 3822 3798 3854 3843 3851 3943 3901 3842 3881 3881 3868 3892 3899 3892 3890 3869 3805 3828 3864 3909 3844 3807 3826 3890 3872 3832 3852 3881 3870 3883 3848 3869 3836 3832 3778 3879 3811 3869 3836 3848 3792 3881 3867 3844 3848 3827 3839 3842 3842 3885 3859 3865 3857 3891 3833 
3783 3866 3879 3890 3859 3855 3801 3817 3845 3818 3872 3813 3845 3810 3831 3815 3849 3881 3777 3813 3835 3804 3818 3886 3899 3791 3795 3835 3788 3840 3812 3830 3802 3833 3855 3835 3833 3824 3822 3844 3874 3906 3820 3844 3808 3898 3830 3832 3862 3815 3811 3851 3808 3882 3842 3873 3847 3820 3797 3819 3865 3828 3849 3824 3838 3799 3830 3800 3843 3806 3812 3822 3783 3819 3799 3864 3825 3803 3804 3804 3817 3787 3825 3891 3861 3795 3789 3827 3809 3819 3844 3803 3846 3777 3838 3819 3817 3781 3816 3798 3882 
3782 3807 3767 3789 3824 3789 3805 3813 3820 3796 3804 3801 3818 3804 3772 3788 3774 3783 3768 3785 3805 3752 3819 3854 3789 3757 3815 3795 3816 3808 3773 3835 3818 3789 3789 3836 3823 3772 3816 3785 3803 3801 3830 3796 3810 3873 3808 3819 3827 3803 3771 3805 3798 3779 3784 3794 3796 3812 3822 3803 3790 3825 3791 3786 3812 3793 3789 3810 3778 3781 3810 3794 3801 3792 3780 3778 3831 3820 3754 3817 3797 3797 3788 3834 3747 3763 3799 3775 3788 3809 3772 3795 3815 3780 3798 3778 3802 3783 3790 3882 3841 
3785 3820 3785 3776 3781 3787 3735 3797 3765 3772 3764 3835 3789 3758 3805 3792 3786 3794 3734 3773 3779 3804 3793 3786 3742 3816 3781 3795 3754 3754 3731 3787 3753 3828 3761 3784 3778 3778 3813 3779 3811 3807 3773 3761 3781 3811 3737 3805 3827 3775 3762 3758 3780 3814 3775 3747 3794 3750 3815 3792 3773 3811 3851 3797 3778 3790 3795 3772 3798 3839 3747 3778 3791 3763 3809 3822 3788 3806 3776 3809 3770 3752 3792 3741 3769 3754 3777 3756 3800 3810 3793 3822 3779 3800 3787 3766 3800 3781 3764 3770 3813 
3738 3799 3717 3785 3730 3741 3785 3786 3772 3775 3769 3764 3752 3740 3799 3768 3798 3786 3794 3776 3740 3786 3782 3766 3773 3800 3739 3768 3751 3797 3757 3789 3785 3757 3766 3796 3720 3711 3802 3748 3807 3787 3828 3768 3743 3756 3745 3756 3759 3767 3789 3763 3792 3777 3760 3761 3734 3738 3767 3762 3746 3796 3738 3714 3748 3782 3757 3762 3756 3803 3748 3785 3754 3733 3720 3799 3781 3753 3772 3769 3781 3767 3746 3767 3764 3764 3769 3760 3774 3772 3739 3748 3724 3745 3800 3768 3760 3745 3780 3793 3740 
7568 7616 7538 7628 7459 7428 7444 7586 7568 7522 7459 7442 7463 7467 7479 7580 7610 7745 7566 7658 7581 7507 7491 7571 7577 7556 7647 7491 7568 7536 7517 7495 7518 7494 7506 7546 7726 7625 7539 7557 7502 7464 7517 7533 7566 7597 7549 7587 7595 7538 7473 7436 7607 7626 7628 7508 7644 7514 7555 7572 7609 7751 7483 7513 7530 7529 7534 7574 7679 7579 7617 7416 7404 7612 7416 7489 7478 7674 7569 7369 7409 7579 7541 7528 7488 7503 7506 7511 7532 7541 7519 7629 7469 7544 7499 7510 7704 7507 7444 7475 7524 
7095 7170 7098 7101 7129 7115 7244 7253 7150 7134 7123 7150 7124 7160 7136 7145 7111 7138 7245 7134 7215 7066 7265 7166 7053 7084 7109 7122 7051 7093 7221 7222 7156 7190 7272 7095 7087 7070 7134 7207 7084 7132 7127 7249 7148 7181 7213 7113 7102 7184 7129 7176 7127 7124 7186 7203 7188 7180 7122 7096 7155 7218 7111 7154 7218 7205 7199 7197 7210 7204 7109 7197 7214 7303 7223 7098 7094 7219 7146 7192 7123 7343 7155 7108 7217 7094 7156 7185 7054 7303 7134 7092 7192 7128 7284 7139 7218 7194 7055 7342 7112 
7087 7042 6966 6996 7159 6983 6997 6888 6779 7010 7034 7070 6886 6990 7001 7018 7163 6889 7017 6946 6964 6931 7041 7005 7111 6921 7041 7038 7018 6980 7163 7113 6983 6892 7042 7135 7019 7009 6817 6918 6980 6835 7024 6975 7107 7003 6958 7019 7057 6995 7022 7199 6972 7172 7046 7012 6978 6914 6998 6922 7080 7071 7005 7037 7028 6790 7067 6982 6948 6962 7111 7067 7216 6956 7023 7084 6977 6958 7148 6875 7153 7034 7066 6806 7046 6929 7010 7036 6846 6931 7023 7068 7071 6934 6918 7057 7032 7019 7042 6951 7009 
6723 6926 6750 6732 6765 6651 6900 6781 7041 6832 6714 6852 6775 6892 6787 6634 6763 6699 6944 6687 6711 6779 6852 6816 6836 6798 7027 6784 6706 6957 6903 6838 6898 6902 6805 6728 6599 6919 6959 6919 6775 6932 6822 6913 6694 6949 6750 6702 6838 6713 6890 6926 6890 6801 6756 6749 6722 6919 6880 6738 6592 6836 6767 7048 6626 6902 6572 7021 6787 6832 6791 6968 6943 6796 6766 6910 6766 6800 6773 6928 6869 6629 6820 6860 6977 6851 6865 6983 6653 6953 6737 6773 6843 6892 6808 6881 6834 6703 6913 6850 6737 
6423 6778 6485 6583 6744 6486 6602 6806 6387 6684 6143 6792 6419 6454 6488 7035 6645 6749 6633 6413 6543 6518 6710 6458 6396 6465 6620 6665 6607 6847 6801 6536 6499 6325 6471 6540 6664 6568 6436 6704 6592 6693 6672 6335 6679 6786 6621 6518 6737 6597 6692 6765 6759 6676 6756 6447 6573 6676 6596 6580 6375 6836 6553 6564 6421 6619 6582 6859 6484 6540 6760 6428 6612 6725 6735 6752 6663 6769 6748 6408 6524 6613 6804 6711 6775 6652 6547 6692 6742 6604 6771 6520 6408 6777 6682 6741 6827 6689 6415 6855 6370 
6492 6295 6060 6560 6241 6167 6346 6471 6368 6513 6296 6471 6335 6393 6185 6504 6589 6167 6301 6314 6442 6274 6297 6149 6657 6428 6387 6452 6328 6515 6409 6386 6274 6395 6315 6349 6283 6120 6608 6408 6342 6455 6386 6186 6328 6309 6408 6325 6393 6175 6289 6508 6059 6716 6554 6014 6445 6602 6413 6648 6404 6560 6403 6187 6499 6628 6248 6168 6270 6556 6152 6434 6448 6396 6356 6328 6561 6426 6042 6213 6348 6696 6477 6234 6214 6427 6167 6799 6541 6459 6376 6323 6564 6613 6255 6399 6663 6237 6499 6455 6423 
6008 6461 5973 6448 6455 6315 6241 6034 6219 6354 6371 6114 5974 6333 6149 6146 6263 6165 6271 6323 6224 6451 6296 6124 6097 6071 6540 6214 6208 6006 6231 6017 6240 6341 6297 6197 6246 5952 6081 6163 6191 6164 5896 6267 6292 5999 6317 6058 6137 6382 6283 6493 6089 6233 6249 6270 6390 6149 6316 6124 6207 6184 6100 6056 6343 5990 6246 6110 6131 6107 6218 6158 6253 6271 6046 6328 6337 6205 6389 5907 6298 6331 6005 6054 6119 6396 6208 6082 6086 5974 6182 6530 6282 6176 6386 6208 6405 6308 6499 6099 6535 
5848 6072 5823 6224 6150 5878 6174 5933 6022 6137 5894 6038 6087 6311 5992 5909 5918 6095 6083 6548 6190 6059 5996 5857 6183 6065 5884 6197 6242 6097 6049 6045 5930 5885 6125 5995 5812 6230 5953 6098 5978 6381 6102 6065 5967 5949 5992 6067 6081 5931 6052 6093 5958 6007 6045 6037 6132 5731 6111 5860 6083 5852 6060 6003 6004 6070 6236 6407 5828 6230 5959 5983 6164 6155 6124 6112 6206 6094 6130 6381 6203 5921 5819 5836 6104 5965 5981 6048 5949 5876 6130 6003 5978 6187 5775 5916 6100 6112 6143 6260 6015 
5975 5847 6021 6209 5976 5930 6145 6034 5801 5948 5930 6036 5731 5859 5704 6129 6169 6060 6021 5955 5971 6000 5869 5933 5903 6041 5886 5862 5847 5787 6100 5754 6035 5937 5925 5886 5953 6127 5689 6313 5927 5929 5965 5945 5618 5917 6129 5711 5954 6056 6150 5791 6158 6121 5761 5800 5756 5881 5902 5858 5727 5827 5770 5888 5872 5922 6099 5894 6124 6047 5906 5619 5732 6080 5813 5954 5854 5969 6017 5818 5926 6119 5980 5906 5917 5854 5741 5955 5885 5967 5880 5984 6071 5820 6030 5768 5901 6165 5963 5868 5678 
5855 5830 5926 6057 5832 5956 5802 5899 5749 5933 5675 5844 5733 5681 5730 5849 5815 5867 5822 5790 5765 5890 5851 5849 6042 5892 5609 5683 5996 5876 5882 5922 5765 5602 6000 5659 5638 5811 5931 5913 5633 5992 5833 5817 5815 5980 6140 5763 5864 5837 5729 6021 6074 5722 5962 5807 5794 6006 5765 5888 5677 6031 5589 5904 5857 5702 5842 5933 5836 5762 5786 5909 5784 5861 5873 5879 6128 5842 6097 5808 5608 5721 5867 5697 5373 5750 5900 5959 5909 5795 5982 5775 5809 6187 5778 5819 5862 5857 5813 5749 5850 
5807 5567 5571 5907 5837 5864 5844 5664 5937 5246 5678 5791 5952 6022 5573 5753 5757 5834 5901 5885 5680 5735 5796 5899 5694 5754 5711 5589 5814 5815 5785 5722 5713 5887 5845 5479 5791 5856 5855 5810 5811 5914 5465 5698 5605 5958 5773 5820 5994 5511 5754 5686 5552 5771 5754 5628 5924 5799 5662 5999 5791 5763 5829 5904 5839 5782 5868 5823 5809 5821 5737 5635 5704 5830 5956 5982 5810 5450 5811 5652 5790 5806 5824 5665 6211 5907 5637 5747 5708 5702 5578 6023 5721 5733 5564 5716 5867 5724 5525 5679 5556 
5796 5851 5694 5876 5874 5546 5627 5376 5675 5675 5288 5739 5637 5696 5818 6073 5659 5697 5824 5761 5674 5732 5367 6013 5840 5737 5772 5859 5627 5740 5743 5838 5821 5825 5770 5753 5748 5751 5852 5867 5639 5822 5658 5517 5951 5863 5761 5843 5555 5717 5587 5890 5926 5624 5538 5750 5713 5668 5872 5876 5327 5614 5845 5588 5709 5659 5816 5746 5936 5525 5652 5562 5708 5646 5809 5637 5938 5821 5760 5903 5539 5874 5579 5817 5614 5909 5579 5622 5665 5863 5720 5696 5709 5543 5562 5755 5809 5790 5918 5964 5579 
5625 5697 5258 5680 5935 5554 5881 5787 5680 5875 5748 5535 5830 5687 5454 5715 5551 5658 5785 5813 5931 5642 5012 5710 5740 5629 5736 5694 5854 5682 5633 5605 5621 5737 5540 5627 5924 5892 5467 5693 5777 5701 5791 5635 5720 5416 5489 5566 5706 5694 5402 5543 5716 5731 5488 5452 5389 5640 5856 5708 5721 5542 5428 5743 5618 5598 5292 5873 5589 5635 5550 5556 5704 5901 5535 5856 5457 5799 5555 5676 5833 5625 5661 5374 5640 5274 5548 5596 5849 5895 5530 5721 5818 5460 5679 5680 5857 5550 5344 5502 5435 
5603 5741 5287 5674 5809 5646 5616 5278 5375 5563 5409 5707 5264 5719 5626 5624 5637 5435 5588 5502 5522 5591 5491 5729 5448 5556 5387 5257 5542 5746 5518 5000 5792 5641 5616 5684 5679 5715 5238 5262 5131 5402 5589 5563 5784 5557 5637 5807 5589 5745 5620 5488 5952 5554 5319 5679 5447 5516 5586 5236 5631 5771 5417 5662 5300 5597 5149 5543 5420 5198 5355 5650 5731 5742 5477 5215 5606 5578 5335 5812 5597 5598 5599 5696 5735 5529 5514 5483 5795 5758 5152 5741 5652 5509 5775 5437 5626 5628 5257 5345 4660 
5401 5183 5440 5706 5548 5661 5455 5602 5490 5744 5633 5421 5515 5585 5451 5607 5623 5647 5446 5857 5459 5738 5131 5208 5791 5425 5334 5348 5687 4920 5765 5321 5706 5832 5640 5388 5542 5190 5618 5334 5787 5633 5622 5415 5336 5419 5317 5280 5625 5390 5602 5596 5675 5482 5505 5667 5367 5556 5488 5608 5373 5336 5379 5598 5320 5504 5471 5656 5192 5396 5409 5855 5255 5539 5426 5348 4954 5641 5162 5390 5937 5623 5360 5400 5366 5476 5151 5658 5380 5649 5818 5471 5109 5322 5264 5983 5424 5545 6043 5564 5241 
5117 5916 5493 5568 5653 5585 5276 5700 5297 5006 5310 5342 5541 5721 5325 5683 5497 5424 5233 5626 5985 5683 5520 5476 5266 5896 5720 5688 5206 5476 5227 5496 5306 5135 5411 5310 5022 5571 5513 5431 5543 5265 5161 5584 5618 5836 5315 5420 5406 5415 5155 5762 5582 5205 4905 5308 5122 5504 5411 5377 5196 5602 5480 5688 5726 5645 5234 5677 5306 5238 5264 5587 5447 5097 5550 5081 5342 5354 5293 5737 5266 5401 5798 5469 5267 5822 5435 5461 5441 5928 5320 5093 4905 5778 5745 5510 5540 5473 5244 5436 4992 
4982 5158 5339 5156 4937 5527 5334 5485 4924 5497 5209 4849 5000 5321 5351 5230 5415 5779 5054 4983 5101 5681 5718 5619 5121 5147 5135 5302 5297 5434 5320 5376 5143 5444 5023 5826 5112 5763 5053 5292 5078 5221 5548 5429 5827 4915 5428 4907 5719 5272 5428 5818 5296 5489 5206 5476 5607 5139 5822 5630 5562 5626 5202 5139 5211 5573 5075 4938 5578 5145 5274 5393 5352 5641 5708 5273 5481 5436 5252 5038 4737 5127 4791 5383 4614 5068 5416 5410 5312 5280 5247 5125 5043 5207 5393 5579 5381 5458 5451 5281 5050 
4698 5148 5725 5473 5608 5189 4738 5433 5208 4955 5560 4881 5314 5548 5334 4875 5113 5650 4808 5650 5350 5082 5307 5184 5390 4587 5104 5369 5077 5047 4927 5223 4936 5324 5585 5312 5335 5128 5784 4948 5462 5621 5374 5501 5480 5491 5319 5152 5242 4952 5478 5037 4962 5811 5493 5398 5137 5223 4978 4551 5439 5106 5419 5164 5002 4847 5255 4821 5230 5208 5004 5210 5000 4728 4797 5560 5593 4705 5396 5077 4517 5219 4882 5493 5293 5144 5225 5234 4825 5387 4924 4853 5027 5215 5346 5306 4954 4711 4999 4800 5743 
4855 5172 4699 5093 5184 4587 5111 5271 4967 4786 5043 5342 5501 5115 4777 5241 4896 5091 4702 5274 5017 4967 5276 5337 4951 5150 5190 5097 5100 5301 5037 5417 4976 5280 4373 5142 5297 4358 5122 5107 5601 5232 5096 5378 4820 5136 4925 5203 4863 4767 4476 5308 5716 5289 5134 4917 4968 4883 4825 4940 4899 5342 5195 4826 4901 4906 4508 5398 5314 4918 5079 4884 4789 5292 5277 4582 5197 4979 4736 5270 5386 5335 4934 5586 4812 4985 4909 4950 4844 5302 4682 4876 5061 4807 5169 4389 5042 4622 4957 5547 5302 
5271 5389 4976 5114 4922 5265 4391 5087 4785 4600 4347 5364 5191 4522 5469 5072 4830 5540 4875 4762 4826 4925 4797 4883 4868 5267 5008 5001 4695 5123 5016 4743 4986 5085 5213 5159 5050 4990 5237 4793 4798 5266 5127 5052 4742 5237 4464 5483 5202 4822 4599 5116 4648 5041 5139 4799 4950 4340 5304 5099 4901 5407 5318 5393 4825 4848 5236 4777 4941 5129 4490 5068 4687 5069 4542 5324 5039 5220 5032 5238 4745 4654 5347 4697 4700 4363 4898 5021 4961 4925 5260 5527 4647 5553 4653 5059 5385 4862 5008 5361 4979 
5034 5219 4682 4937 4607 4520 5320 4514 4885 4868 4949 4900 4696 4529 4809 4443 5163 4782 5189 4958 4934 5295 5221 5119 4843 5063 4505 4953 4201 4979 4777 4548 4680 4391 4721 5022 4344 4528 4827 5114 5415 5279 5103 4888 4775 5203 4659 5006 4720 4975 5129 4771 5435 4714 4577 4872 4431 4417 5090 5200 4353 5029 4440 4561 4686 4906 5073 4501 4596 5271 4771 5577 5014 5024 4707 4997 4748 4951 4605 4737 5059 4814 4766 5026 4786 4779 5193 4403 5374 4854 4893 4391 4690 5039 5044 5149 5054 4855 4829 4763 4590 
13929 13606 13768 14172 13631 13600 13460 13572 13883 14006 13267 13741 13584 13602 13332 14112 13410 13840 14000 13617 13539 13836 13514 13930 13789 13558 13721 13448 13806 13676 13446 13382 13838 13316 13377 13772 13880 13232 13238 13632 13460 13354 13485 13616 13773 13354 13635 13772 13788 13569 13722 13628 13615 14190 13442 13435 14034 13557 13787 13877 13629 14318 13467 13549 13833 13512 13807 13622 13943 14078 13437 13090 13097 14207 13617 13674 13562 13761 13596 13350 13173 13918 13489 14056 13729 13561 13310 13460 13419 13446 13552 13957 13591 14062 13510 13238 13570 13510 13749 13728 13315 
10199 10189 10116 9561 10330 10161 10078 10404 10336 9829 9840 9841 10154 10070 9763 9899 9679 9652 9991 9387 10740 10190 10151 9851 9961 9792 10037 9784 9653 10058 10380 10136 9963 9912 10218 10113 9824 9800 9986 10282 9963 10283 10495 10461 10266 10528 10036 9580 9941 10007 9864 9866 9632 9895 10289 10173 9761 10531 10012 10102 9875 10106 9952 10123 10278 10134 10293 10052 10617 9647 10069 10007 10180 10746 10434 9748 9820 10643 9864 10513 9860 10672 10064 9958 10069 9687 9973 10253 9594 10373 9858 9981 10646 9912 10151 9674 10293 10406 9719 10835 9855 
7939 8015 8135 7871 8123 8149 7747 8082 7162 8051 8186 8823 7654 7867 8299 8253 8787 7819 8225 7990 7856 8329 7990 8187 7915 7817 7655 8213 7973 7943 8378 8373 8422 8116 8237 8539 8019 8184 8119 7642 8634 8071 8077 8133 7937 8552 7755 8445 8401 8402 7870 7824 8209 8086 7732 8013 7429 8364 8301 7988 8347 8387 8140 8271 8137 7666 8198 8038 8130 8915 8325 8400 8511 7893 8253 7641 7830 7999 7905 7818 8387 7915 7801 7816 8347 7636 8095 8446 8257 8009 8033 8202 8149 8147 7731 8365 8335 7926 7896 7960 7884 
6833 7067 6689 6331 6745 6372 6820 7028 7013 6833 6838 6983 7140 6517 6413 6613 6616 6255 6950 6847 7062 7028 7485 6482 6783 6369 7009 6542 6755 6546 6561 6893 7017 6695 7070 6884 7141 6522 7053 6775 6766 7129 7048 7304 6417 6704 6519 6660 6824 6895 6946 6946 6817 6776 6887 6125 5963 6876 6768 6805 6422 6114 6903 6440 6874 7170 6699 7256 7086 7147 6776 6778 6801 7093 6250 6916 6896 6687 6631 6954 7204 6608 6861 6956 7238 6622 7125 6785 6646 7079 7117 7017 6520 6815 6652 6837 6883 6931 6714 7052 7094 
5920 6091 5793 6065 6329 6110 6067 6101 5665 6003 5626 6255 5966 5935 6195 6508 5849 6148 6383 6239 5863 5712 6653 6026 5788 5705 5706 6268 6109 6078 7012 5845 5765 5980 5528 5898 5941 6014 5990 6462 6264 6409 6074 5609 6178 6216 6213 6327 6175 6021 6015 6150 6495 5955 6192 6268 6483 6209 5814 5966 5630 6254 6062 5896 5889 6395 5978 6074 5889 6114 6035 5956 6142 6339 6153 6046 6331 6975 6065 5927 5642 5897 6239 5876 6048 5772 5858 5914 6341 6404 6266 6084 6103 6363 6452 6153 6287 5824 5997 6291 5846 
5554 5367 5186 5550 5199 5174 5521 5526 5411 5511 5530 5288 5353 5453 5712 5225 5634 5391 5315 5486 5410 5005 5321 5593 5631 5416 5406 5428 5533 5584 5674 5491 5450 5280 5755 5341 5517 5244 5612 5479 5262 5558 5437 5549 5781 5233 5623 5375 5505 5364 5295 5475 5258 5918 5700 5202 5554 5254 5673 5616 5558 5453 5559 5338 5740 5569 5522 5461 5430 5489 4985 5508 5574 5743 5570 5029 5836 5566 5058 5244 5185 5918 5634 5233 5126 5467 5447 5713 5574 5195 5333 5128 5583 5746 5228 5287 5784 5466 5333 5515 5784 
4882 5186 4827 5124 5103 5308 5311 4994 5109 5022 5333 5112 4859 5042 5021 5212 5027 4915 5025 5135 4908 5257 5287 5015 5154 5017 5246 5115 5147 4680 5146 4921 5037 5199 5201 5211 5130 4743 4862 4800 5186 5071 4691 4848 4899 4928 4873 4872 4978 5256 5071 5054 5061 5184 5047 4860 4921 5124 5192 4860 4996 4912 4853 4851 4981 5168 5069 4982 5181 4977 5024 5148 5141 5174 5025 4896 5191 4981 5200 4889 5254 5173 5194 4847 5217 5069 5069 4751 5068 4900 5024 5381 4919 5368 5287 5227 5378 4908 5433 5090 5404 
4584 5023 4822 4744 4692 4704 4686 4626 4777 4582 4719 4612 4855 4640 4552 4818 4663 4587 4711 5110 4572 4642 4664 4672 4949 4914 4608 4917 4756 4832 4963 4739 4573 4768 5210 4662 4519 4938 4584 4680 4465 4990 4678 4540 4721 4592 4474 4859 4644 4782 4533 4882 4585 4659 4589 4532 4464 4729 4680 4763 4809 4578 4654 4649 4582 4640 4922 5097 4581 4745 4648 4698 4853 4617 4709 4643 4703 4572 4773 4959 4716 4604 4532 4370 4710 4673 4681 4768 4603 4596 4733 4883 4723 4940 4397 4472 4771 4641 4843 4809 5007 
4534 4366 4617 4428 4321 4472 4525 4318 4696 4203 4249 4542 4474 4521 4317 4325 4457 4508 4591 4288 4786 4439 4209 4263 4553 4409 4398 4419 4577 4228 4687 4424 4489 4185 4403 4302 4545 4452 4315 4592 4391 4507 4384 4400 4416 4499 4708 4454 4266 4449 4392 4437 4708 4773 4446 4557 4321 4398 4360 4349 4358 4348 4532 4617 4654 4315 4523 4463 4426 4577 4657 4418 4219 4702 4554 4502 4303 4552 4587 4568 4406 4547 4579 4351 4529 4387 4299 4463 4573 4530 4483 4554 4558 4278 4445 4372 4421 4504 4466 4357 4475 
4361 4273 4420 4380 4287 4229 4185 4087 4126 4221 4279 4169 4122 4107 4124 4351 4195 4378 4145 4243 4317 4238 4250 4231 4370 4369 4407 4226 4232 4108 4252 4149 4284 4252 4289 4195 4344 4245 4414 4239 4173 4256 4214 4415 4171 4068 4013 4153 4127 4283 4157 4466 4464 4362 4344 4169 4236 4317 4353 4291 4127 4438 4226 4271 4271 4130 4091 4379 4237 4387 4011 4285 4253 4222 4236 3914 4337 4054 4357 4262 4157 4160 4181 3940 4189 4320 4283 4246 4428 4324 4197 4084 4270 4312 4364 4370 4351 4096 4250 4362 4219 
4063 4165 4024 4210 4186 3906 4027 4067 4160 3869 4033 4126 4143 4075 3965 4250 4148 4027 4258 4160 4027 4147 3947 4292 4026 3895 4048 3980 4075 3981 3981 4112 3846 4108 3962 3893 3904 4253 3987 4078 4200 4173 3871 4186 3883 4470 4085 4132 4026 4034 4023 4095 4086 3904 4005 4183 4191 4097 4215 4260 4028 4242 3920 4012 4098 4058 4049 4185 4221 4102 4032 4287 3976 4203 4130 4037 4153 4041 3998 4035 4032 4088 4201 3946 4183 4010 3871 4039 4185 3887 3973 4245 4006 4123 3975 3994 4099 3961 4124 3955 3965 
3892 4058 3788 4204 3917 3931 3985 3856 3901 3770 3744 3829 3929 3994 3813 4339 4117 4070 3740 3985 3864 3850 3846 4022 3906 3935 3879 4012 4067 3832 3826 3851 3923 3997 3786 4063 4023 3962 3983 4034 3894 3874 3734 3793 4128 3880 4142 3853 3936 4024 3900 3673 4073 3911 3891 4013 3714 3916 4129 3939 3800 3782 3852 3913 3962 3939 3982 3858 4036 4059 3884 3813 3861 4041 3857 4039 4003 3944 3996 3909 3964 4060 3989 3927 4040 4008 3926 3903 3810 3949 3848 4001 3926 4056 3881 3862 3969 3951 3719 3783 4062 
3803 3596 3841 4012 3916 3900 3888 3978 3841 3732 3986 3674 3753 3739 3628 3951 3677 3873 3845 4006 4011 3859 3637 3683 3783 3805 3726 3873 3829 3843 3826 3875 3698 3635 3801 3690 3765 3794 4014 3975 3889 3862 3811 3859 3775 3804 3599 3860 3690 3921 3711 3728 3688 3893 3886 3775 3599 3883 3952 3888 4047 3780 3708 4050 3719 3830 3726 3651 3816 3823 3846 3727 3971 3821 3799 3699 3717 3871 3840 3923 3817 3868 3857 3687 3723 3832 3651 3883 3896 3770 3781 3757 3905 4002 3760 3912 3822 3811 3676 3692 3716 
3816 3578 3713 3552 3804 3867 3785 3606 3722 3736 3667 3662 3677 3657 3669 3686 3704 3890 3831 3687 3674 3887 3651 3857 3787 3731 3648 3601 3713 3809 3693 3581 3715 3868 3709 3770 3882 3803 3669 3537 3756 3606 3621 3725 3780 3713 3721 3712 3680 3845 3700 3704 3685 3800 3938 3884 3590 3553 3724 3609 3803 3655 3598 3768 3625 3759 3623 3716 3527 3608 3647 3696 3623 3765 3723 3619 3603 3625 3626 3571 3729 3778 3730 3836 3665 3758 3651 3683 3650 3628 3639 3732 3772 3694 3661 3573 3794 3770 3644 3418 3400 
3762 3615 3518 3657 3574 3710 3549 3472 3571 3659 3724 3607 3524 3573 3728 3684 3891 3679 3808 3662 3765 3517 3709 3510 3453 3512 3594 3708 3662 3399 3606 3508 3687 3633 3721 3742 3698 3634 3643 3740 3674 3571 3519 3444 3493 3592 3870 3751 3706 3397 3648 3696 3666 3654 3518 3624 3704 3563 3690 3533 3764 3535 3646 3677 3571 3470 3503 3699 3668 3475 3633 3524 3476 3633 3833 3689 3405 3659 3484 3608 3756 3603 3524 3431 3570 3690 3525 3664 3684 3667 3559 3617 3378 3646 3593 3701 3561 3758 3478 3612 3555 
3324 3815 3613 3714 3537 3573 3453 3663 3648 3415 3661 3532 3638 3624 3630 3650 3634 3444 3437 3490 3594 3507 3580 3576 3451 3609 3613 3608 3413 3569 3714 3705 3687 3577 3661 3539 3482 3473 3425 3333 3411 3530 3519 3438 3524 3732 3578 3610 3491 3372 3553 3647 3557 3488 3553 3460 3422 3621 3387 3560 3429 3579 3458 3546 3665 3583 3289 3504 3368 3459 3485 3671 3581 3608 3608 3533 3533 3516 3467 3441 3561 3646 3535 3381 3597 3556 3610 3386 3525 3670 3396 3573 3348 3513 3466 3494 3729 3495 3641 3551 3391 
3510 3590 3374 3417 3405 3583 3406 3271 3430 3528 3496 3400 3346 3572 3488 3527 3447 3482 3435 3368 3312 3517 3540 3558 3389 3548 3340 3279 3460 3475 3481 3450 3478 3439 3563 3529 3249 3639 3454 3411 3319 3519 3436 3344 3541 3275 3357 3312 3447 3534 3424 3744 3563 3468 3554 3488 3630 3515 3584 3581 3619 3399 3349 3511 3510 3573 3417 3275 3447 3565 3590 3250 3443 3589 3540 3591 3576 3556 3343 3379 3282 3596 3430 3604 3474 3347 3338 3457 3414 3445 3480 3338 3394 3343 3280 3564 3393 3566 3435 3410 3303 
3279 3594 3487 3541 3382 3457 3274 3273 3391 3367 3486 3336 3429 3376 3427 3456 3501 3525 3231 3245 3348 3240 3365 3693 3550 3260 3315 3373 3356 3406 3338 3349 3332 3484 3353 3543 3412 3363 3456 3300 3498 3531 3428 3534 3342 3421 3411 3299 3306 3451 3367 3400 3464 3513 3420 3493 3414 3337 3322 3343 3529 3353 3537 3378 3432 3381 3232 3347 3409 3369 3426 3270 3314 3429 3232 3407 3500 3309 3398 3407 3497 3240 3431 3595 3540 3476 3412 3559 3426 3395 3406 3261 3548 3269 3431 3487 3486 3286 3294 3519 3513 
3494 3321 3310 3353 3324 3349 3380 3394 3375 3200 3266 3301 3363 3269 3393 3193 3096 3412 3337 3385 3306 3089 3387 3497 3287 3197 3402 3325 3445 3252 3329 3315 3341 3310 3238 3370 3391 3232 3439 3491 3276 3320 3300 3263 3292 3476 3323 3440 3400 3296 3343 3283 3374 3380 3290 3223 3426 3296 3349 3323 3338 3473 3335 3376 3366 3393 3177 3355 3188 3250 3382 3363 3277 3327 3393 3260 3349 3452 3168 3372 3276 3362 3250 3326 3268 3305 3294 3488 3357 3285 3325 3356 3314 3313 3339 3188 3243 3273 3286 3534 3509 
3329 3447 3221 3309 3467 3401 3304 3315 3255 3342 3390 3468 3294 3190 3314 3275 3283 3212 3248 3335 3257 3282 3258 3359 3218 3268 3205 3328 3263 3177 3178 3296 3264 3388 3235 3314 3325 3283 3387 3178 3343 3361 3263 3136 3198 3304 3223 3332 3395 3323 3221 3217 3251 3383 3245 3183 3233 3318 3257 3328 3262 3341 3567 3306 3222 3296 3262 3376 3310 3423 3174 3325 3254 3237 3352 3359 3315 3519 3180 3270 3240 3106 3246 3106 3317 3307 3096 3076 3348 3320 3326 3392 3303 3217 3253 3202 3226 3339 3253 3342 3285 
3042 3359 3027 3288 3130 3175 3152 3342 3206 3325 3251 3272 3354 3115 3267 3126 3390 3352 3374 3369 3123 3221 3245 3207 3188 3318 3114 3271 3131 3229 3284 3345 3286 3155 3250 3316 3248 3131 3375 3159 3379 3322 3464 3100 3168 3232 3069 3256 3174 3153 3283 3248 3289 3327 3178 3229 3368 3160 3363 3243 3167 3412 3117 3244 3161 3385 3268 3143 3123 3433 3073 3185 3167 3217 3293 3206 3273 3247 3389 3327 3190 3189 3284 3299 3265 3322 3374 3169 3177 3407 3216 3153 3033 3170 3382 3243 3196 3145 3343 3340 3104 
8074 7640 7542 8036 7465 7365 7354 7497 7951 7614 7408 7436 7503 7392 7311 7778 7516 8425 7918 7712 7872 7860 7937 7859 7554 7588 7884 7487 7749 7699 7658 7724 7664 7636 7433 7431 8371 7516 7233 7933 7672 7405 7792 7722 7577 7333 7442 7565 7813 7391 7494 7394 7908 7998 7845 7619 8074 7487 7780 7669 7735 8518 7572 7441 7409 7376 7651 7606 8216 7825 7704 7690 7269 7929 7506 7379 7532 8170 7882 7263 7113 7962 7793 7793 7590 7713 7641 7355 7736 7314 7499 8075 7715 7767 7513 7305 8325 7585 7426 7682 7719 
5359 5665 5392 5264 5626 5337 5765 5900 5511 5291 5452 5591 5569 5496 5430 5467 5239 5385 5380 5297 5642 5459 5871 5464 5340 5319 5350 5437 5245 5542 5772 5486 5628 5643 5918 5461 5280 5188 5510 5539 5248 5558 5765 5770 5693 5754 5514 5400 5327 5597 5410 5434 5307 5486 5501 5826 5357 5908 5529 5397 5574 5584 5397 5464 5669 5518 5707 5534 5805 5458 5467 5380 5682 5870 5726 5354 5209 5668 5491 5785 5631 5702 5541 5425 5501 5277 5412 5518 5302 5693 5303 5503 5694 5455 5621 5322 5595 5698 5270 6179 5538 
4453 4514 4599 4373 4479 4498 4524 4637 4289 4772 4656 4970 4458 4456 4630 4710 4962 4480 4677 4633 4473 4456 4479 4597 4491 4454 4380 4686 4487 4515 4643 4613 4708 4542 4633 4699 4659 4655 4571 4340 4674 4580 4455 4722 4611 4653 4448 4672 4596 4703 4477 4486 4566 4728 4442 4544 4296 4623 4664 4460 4624 4750 4568 4750 4639 4396 4608 4467 4547 4952 4548 4741 4692 4637 4578 4551 4568 4608 4447 4429 4764 4480 4472 4406 4652 4495 4570 4673 4609 4720 4484 4679 4755 4692 4522 4543 4529 4513 4600 4545 4579 
3954 4002 4048 3788 4029 3918 3949 4126 4038 4006 4002 4079 4076 3921 3877 3899 3905 3751 4070 4049 4151 4043 4107 3952 4023 3767 4091 3878 3938 3944 3919 4077 4069 4014 4054 3944 4006 3819 4054 4115 3925 4051 4171 4191 3860 3942 3999 3895 4094 3973 4046 4118 4042 3906 3951 3685 3713 4032 4036 3919 3701 3828 3931 3929 4036 4082 3906 4220 4191 4095 4026 4044 4070 4061 3875 4032 3931 3897 3947 4121 4279 3931 4108 4085 4177 3875 4109 3855 3784 4169 4102 4051 3827 3997 3979 3949 4011 4041 3900 4069 4079 
3509 3668 3523 3541 3720 3690 3671 3674 3511 3703 3490 3674 3594 3537 3669 3810 3623 3646 3713 3695 3534 3545 3762 3655 3574 3525 3558 3680 3652 3731 3992 3606 3516 3580 3550 3632 3604 3683 3655 3792 3687 3725 3631 3532 3626 3743 3794 3774 3757 3644 3558 3658 3809 3594 3737 3668 3799 3754 3603 3668 3470 3806 3616 3517 3548 3762 3593 3786 3605 3684 3530 3579 3695 3662 3678 3712 3718 3958 3633 3620 3543 3642 3828 3627 3629 3589 3561 3534 3744 3705 3725 3674 3647 3737 3843 3602 3667 3640 3587 3766 3568 
3357 3274 3266 3423 3208 3299 3386 3400 3345 3484 3395 3336 3345 3411 3428 3341 3435 3333 3306 3410 3394 3211 3310 3425 3453 3448 3361 3362 3475 3412 3469 3326 3408 3331 3398 3325 3362 3325 3440 3378 3230 3346 3370 3388 3426 3294 3340 3290 3429 3328 3322 3370 3280 3574 3540 3241 3440 3322 3425 3358 3469 3339 3385 3336 3506 3559 3342 3370 3375 3383 3267 3440 3395 3447 3448 3288 3472 3433 3200 3287 3259 3551 3410 3310 3266 3349 3297 3471 3477 3277 3304 3258 3441 3409 3337 3330 3545 3417 3300 3394 3550 
3188 3277 3096 3167 3240 3335 3212 3167 3163 3213 3246 3132 3150 3220 3207 3214 3201 3195 3163 3179 3161 3344 3263 3138 3192 3164 3281 3166 3317 3088 3173 3087 3265 3245 3198 3190 3248 3079 3114 3116 3230 3199 2993 3082 3142 3122 3189 3059 3115 3186 3193 3216 3194 3192 3209 3170 3190 3161 3322 3053 3218 3164 3097 3071 3130 3171 3227 3131 3191 3186 3202 3148 3172 3197 3127 3173 3207 3232 3306 3087 3253 3296 3217 3084 3264 3234 3186 3085 3234 3139 3214 3342 3176 3329 3249 3236 3250 3151 3392 3180 3287 
2992 3138 3038 3091 3081 3010 3025 3057 3046 3042 2968 2999 3076 3048 3012 2983 2969 2993 3072 3154 2980 2981 2967 3001 3094 3032 2952 3158 3013 3027 3087 3040 3007 3015 3155 3044 2951 3091 3011 3043 2879 3106 3055 3032 3024 2963 2997 3009 3049 3006 2933 2981 2981 3031 3025 2984 3026 3003 3030 3043 3033 3026 3038 2993 3062 3083 3050 3186 2975 3076 3031 3068 3158 3011 3011 3013 2996 2958 3045 3137 3008 2995 2957 2925 3067 3010 3076 3049 2946 2952 3023 3116 3011 3030 2922 2892 3062 2970 3105 3018 3111 
2899 2845 2878 2888 2856 2921 2906 2894 2914 2806 2772 2932 2855 2937 2864 2878 2919 2868 2908 2831 3052 2911 2849 2869 2894 2952 2838 2874 2940 2892 2984 2845 2866 2835 2861 2798 2924 2970 2878 2990 2821 2972 2854 3006 2837 2932 3016 2913 2873 2916 2924 2908 2956 2957 2854 2865 2849 2873 2835 2868 2854 2870 2859 2948 2975 2881 2928 2855 2960 2941 3022 2837 2874 2958 2908 2905 2830 2939 2892 2914 2856 3019 2953 2886 2860 2867 2814 2881 2916 2942 2930 2941 2887 2862 2889 2919 2900 2877 2927 2890 2868 
2850 2760 2811 2830 2784 2821 2761 2727 2757 2808 2739 2769 2737 2769 2720 2795 2747 2843 2713 2752 2859 2792 2816 2820 2822 2872 2811 2765 2785 2778 2788 2748 2784 2775 2823 2760 2812 2807 2875 2871 2803 2762 2748 2866 2794 2763 2738 2766 2755 2817 2748 2838 2842 2864 2816 2808 2765 2878 2829 2801 2698 2883 2811 2817 2821 2786 2709 2804 2815 2850 2730 2741 2774 2814 2799 2681 2858 2779 2833 2807 2720 2734 2730 2757 2792 2894 2854 2788 2839 2841 2766 2724 2854 2786 2832 2797 2803 2733 2841 2853 2765 
2791 2649 2677 2806 2765 2662 2689 2735 2736 2659 2671 2739 2688 2721 2727 2752 2695 2660 2807 2728 2698 2728 2662 2777 2700 2569 2698 2608 2737 2622 2697 2643 2610 2731 2696 2653 2701 2744 2728 2736 2768 2750 2616 2790 2647 2854 2689 2736 2662 2650 2661 2641 2710 2670 2694 2738 2716 2770 2747 2804 2681 2783 2663 2692 2704 2729 2708 2760 2776 2667 2690 2740 2663 2713 2817 2681 2718 2636 2697 2657 2711 2762 2759 2667 2742 2662 2644 2691 2675 2633 2693 2746 2704 2676 2703 2672 2717 2700 2751 2641 2632 
2657 2698 2573 2718 2673 2667 2671 2618 2586 2584 2562 2573 2640 2704 2617 2737 2687 2666 2613 2638 2596 2599 2560 2639 2613 2630 2609 2626 2652 2586 2632 2649 2633 2633 2525 2708 2653 2645 2744 2656 2644 2673 2532 2612 2748 2641 2693 2614 2636 2641 2628 2594 2671 2596 2610 2604 2552 2620 2657 2636 2608 2598 2583 2616 2665 2652 2613 2604 2674 2637 2570 2620 2608 2671 2587 2636 2677 2675 2642 2649 2626 2706 2664 2632 2708 2625 2563 2569 2580 2607 2564 2709 2654 2613 2605 2596 2670 2631 2605 2605 2651 
2544 2545 2549 2630 2617 2596 2617 2622 2581 2568 2602 2549 2590 2563 2571 2633 2579 2578 2583 2620 2694 2584 2482 2484 2582 2599 2542 2592 2610 2583 2610 2569 2496 2578 2530 2530 2554 2597 2641 2663 2624 2621 2571 2615 2585 2564 2499 2622 2562 2539 2485 2543 2542 2559 2572 2579 2488 2658 2595 2567 2644 2536 2557 2690 2535 2517 2480 2523 2547 2567 2589 2547 2611 2583 2562 2512 2588 2624 2570 2659 2570 2609 2539 2487 2544 2603 2519 2576 2613 2534 2594 2547 2614 2686 2586 2568 2584 2561 2520 2578 2566 
2548 2529 2476 2471 2581 2550 2563 2511 2500 2484 2549 2563 2462 2488 2561 2467 2531 2617 2570 2515 2560 2527 2485 2561 2580 2542 2519 2466 2529 2522 2505 2469 2555 2577 2535 2551 2643 2548 2513 2482 2520 2543 2498 2533 2560 2513 2546 2504 2469 2556 2506 2502 2536 2537 2601 2593 2520 2503 2479 2492 2559 2511 2530 2546 2510 2564 2475 2517 2452 2459 2499 2551 2526 2555 2496 2481 2473 2516 2511 2464 2585 2494 2548 2554 2427 2443 2482 2531 2495 2468 2499 2548 2535 2492 2529 2451 2575 2575 2501 2447 2408 
2519 2428 2482 2511 2433 2534 2532 2407 2425 2462 2526 2503 2473 2445 2501 2541 2555 2531 2508 2461 2470 2486 2454 2405 2414 2433 2456 2475 2466 2402 2425 2478 2467 2486 2506 2491 2480 2482 2490 2511 2515 2462 2455 2451 2436 2484 2517 2544 2467 2423 2495 2492 2491 2473 2444 2530 2519 2474 2491 2476 2524 2487 2500 2559 2461 2439 2472 2504 2477 2413 2490 2439 2494 2485 2535 2470 2431 2498 2418 2492 2541 2485 2422 2430 2419 2502 2457 2466 2451 2489 2470 2428 2404 2466 2450 2511 2470 2508 2398 2499 2426 
2412 2579 2470 2451 2437 2464 2428 2461 2454 2393 2460 2445 2508 2472 2452 2482 2478 2398 2393 2454 2460 2500 2422 2458 2391 2462 2433 2490 2397 2403 2430 2455 2446 2415 2448 2438 2361 2420 2425 2408 2480 2408 2427 2396 2489 2535 2437 2448 2407 2419 2434 2491 2408 2429 2392 2409 2381 2435 2398 2483 2407 2451 2389 2469 2468 2451 2357 2412 2377 2403 2375 2495 2440 2435 2424 2449 2458 2430 2435 2435 2384 2485 2436 2370 2483 2466 2435 2378 2411 2449 2374 2421 2373 2475 2381 2408 2463 2403 2404 2437 2394 
2402 2454 2437 2373 2368 2398 2393 2365 2394 2393 2435 2359 2385 2387 2407 2430 2402 2401 2358 2353 2346 2390 2398 2426 2375 2378 2346 2392 2388 2377 2425 2381 2358 2401 2380 2438 2379 2525 2407 2398 2408 2417 2447 2388 2432 2337 2354 2322 2365 2399 2412 2471 2416 2400 2438 2426 2400 2424 2467 2432 2419 2388 2322 2365 2403 2470 2386 2334 2385 2447 2409 2363 2393 2436 2398 2430 2421 2419 2399 2378 2338 2433 2349 2404 2373 2372 2322 2413 2376 2402 2382 2385 2383 2391 2380 2424 2407 2432 2406 2434 2366 
2328 2444 2425 2449 2409 2412 2339 2347 2391 2355 2401 2370 2367 2340 2386 2336 2375 2445 2294 2356 2363 2328 2333 2431 2441 2321 2349 2379 2333 2384 2361 2379 2355 2385 2377 2371 2341 2371 2357 2377 2400 2442 2374 2378 2331 2397 2372 2389 2408 2372 2341 2408 2358 2422 2359 2419 2394 2346 2321 2358 2403 2356 2380 2372 2392 2342 2363 2343 2387 2368 2346 2393 2325 2366 2330 2432 2382 2353 2335 2350 2372 2321 2369 2434 2407 2338 2337 2376 2336 2371 2398 2339 2382 2308 2377 2364 2362 2322 2332 2316 2411 
2341 2351 2300 2319 2364 2312 2329 2345 2355 2324 2368 2358 2374 2337 2321 2286 2310 2327 2282 2322 2348 2284 2340 2373 2323 2288 2361 2331 2340 2343 2294 2331 2365 2296 2317 2371 2340 2299 2362 2324 2333 2334 2356 2322 2325 2421 2341 2370 2357 2316 2301 2320 2319 2300 2316 2320 2345 2349 2353 2308 2294 2337 2336 2324 2357 2334 2336 2332 2291 2303 2318 2345 2333 2323 2318 2307 2392 2366 2264 2346 2324 2314 2334 2373 2280 2273 2330 2304 2314 2331 2309 2338 2364 2309 2334 2329 2331 2317 2336 2415 2389 
2321 2341 2322 2284 2297 2321 2250 2327 2285 2301 2272 2370 2329 2305 2326 2308 2307 2321 2256 2302 2300 2360 2287 2309 2248 2336 2313 2316 2282 2290 2271 2334 2273 2352 2290 2315 2297 2300 2342 2299 2339 2340 2293 2293 2319 2349 2266 2339 2363 2303 2281 2275 2317 2352 2294 2261 2317 2279 2335 2334 2309 2328 2392 2356 2309 2322 2293 2308 2325 2379 2268 2306 2314 2295 2352 2364 2311 2347 2320 2334 2293 2279 2325 2270 2289 2291 2281 2289 2328 2370 2308 2368 2298 2333 2312 2282 2344 2328 2299 2302 2357 
2247 2346 2247 2312 2239 2259 2311 2306 2314 2293 2295 2308 2267 2258 2335 2289 2317 2340 2322 2291 2256 2314 2321 2273 2317 2319 2252 2297 2275 2360 2268 2311 2316 2289 2277 2323 2239 2215 2341 2283 2362 2316 2386 2302 2259 2263 2273 2310 2282 2294 2307 2265 2328 2289 2292 2290 2253 2261 2299 2263 2285 2329 2245 2232 2283 2312 2284 2319 2297 2358 2282 2323 2271 2247 2240 2348 2314 2268 2318 2298 2309 2277 2267 2293 2302 2295 2314 2306 2305 2294 2268 2273 2247 2286 2334 2305 2266 2254 2306 2328 2265 
9474 9091 8856 9733 8648 8707 8570 8872 9239 9032 8951 8883 8796 8652 8599 9125 9055 9853 9275 8949 9174 9276 9127 9254 8784 9000 9207 8635 9045 9226 9130 9028 9053 9030 8801 8883 10056 8923 8710 9513 9119 8405 8947 8886 8953 8881 8728 9086 9320 8934 8833 8767 9238 9588 9195 8903 9539 8675 9352 9327 9188 10479 9076 9007 8890 8580 8886 9112 9725 9514 9317 9071 8417 9580 8821 8595 8977 9893 9296 8653 8370 9316 9083 9251 8967 8924 8918 8866 9053 8599 8974 9788 8941 9357 8778 8402 9662 8736 8702 9159 9169 
6102 6382 5950 5975 6380 6193 6533 6799 6287 6062 6240 6244 6390 6327 6011 6057 5864 6105 6054 6014 6551 6353 6637 6144 6057 5939 6250 6137 5825 6214 6473 6405 6359 6543 6730 6259 6087 5962 6305 6439 5908 6443 6505 6641 6507 6682 6125 6030 6252 6493 6100 6239 6067 6238 6278 6523 6211 6700 6306 6400 6334 6296 6019 6123 6378 6259 6421 6370 6785 6324 6172 6106 6473 6933 6527 6062 5773 6527 6309 6426 6414 6624 6296 6034 6266 5925 6202 6356 6095 6494 6219 6211 6509 6424 6401 6067 6401 6644 5975 7147 6195 
5039 5044 5113 4872 4885 5125 4985 5029 4702 5274 5242 5472 4856 4814 5203 5242 5675 4809 5154 5070 4968 5127 5124 5191 4973 4934 4781 5254 4959 5148 5181 5126 5155 5051 5149 5221 5318 5231 5041 4865 5195 5088 4948 5192 5084 5256 4930 5287 5099 5435 4873 5035 5151 5175 4876 5038 4679 5122 5228 5059 5234 5438 5185 5406 5079 4824 4977 5016 5047 5544 5179 5240 5347 5252 5192 5034 5061 5152 5123 5015 5259 4923 4910 4919 5120 4983 5031 5361 5000 5121 4872 5292 5205 5208 4950 5183 5175 4897 5172 4957 5146 
4280 4343 4381 4177 4406 4266 4288 4454 4352 4455 4381 4489 4469 4215 4279 4244 4304 4060 4600 4376 4398 4386 4523 4417 4356 4173 4452 4404 4252 4222 4305 4509 4456 4280 4519 4404 4388 4253 4434 4565 4205 4513 4463 4659 4186 4326 4276 4280 4446 4341 4428 4561 4574 4421 4427 4069 4123 4387 4529 4346 4060 4035 4343 4228 4413 4508 4313 4737 4467 4478 4382 4386 4451 4482 4321 4385 4288 4274 4215 4533 4693 4284 4495 4464 4660 4351 4513 4325 4208 4525 4391 4464 4257 4350 4474 4328 4477 4470 4286 4415 4380 
3833 3992 3814 3942 4013 3974 3958 3998 3728 3983 3684 3995 3928 3819 4010 4114 3917 3962 4142 3984 3886 3887 4138 3898 3875 3790 3767 4091 4059 4073 4486 3887 3761 3874 3787 3855 3991 3894 3981 4111 4033 4142 4058 3738 3968 4120 4125 4155 4136 3876 3814 3960 4163 3851 4092 3987 4099 3989 3832 3988 3737 4029 3859 3853 3779 4128 3986 4173 3791 3982 3941 3834 4139 4125 3989 3970 4083 4288 3957 3967 3787 3898 4032 3856 4032 3864 3852 3867 4164 4079 4090 4005 4007 4068 4205 4026 4015 3879 3921 4154 3922 
3654 3518 3519 3662 3547 3558 3721 3711 3571 3767 3767 3586 3593 3755 3673 3565 3738 3532 3499 3644 3662 3509 3572 3718 3688 3625 3648 3610 3617 3649 3770 3578 3670 3581 3666 3668 3688 3510 3687 3627 3543 3649 3576 3658 3713 3501 3664 3577 3710 3439 3556 3570 3513 3950 3780 3572 3776 3652 3669 3637 3717 3610 3718 3538 3917 3849 3612 3666 3685 3549 3437 3767 3686 3689 3722 3504 3803 3753 3389 3572 3516 3905 3770 3515 3492 3648 3535 3703 3753 3460 3545 3490 3695 3652 3576 3531 3819 3598 3547 3596 3901 
3340 3611 3254 3440 3512 3559 3550 3325 3394 3518 3560 3436 3361 3490 3374 3442 3424 3371 3504 3443 3403 3593 3540 3375 3469 3332 3500 3436 3502 3315 3394 3295 3491 3471 3393 3446 3463 3310 3275 3332 3505 3460 3197 3336 3385 3337 3441 3312 3293 3451 3422 3430 3416 3337 3432 3320 3428 3359 3562 3273 3432 3371 3333 3220 3294 3407 3425 3343 3440 3455 3474 3427 3469 3475 3334 3429 3431 3376 3497 3269 3473 3540 3465 3354 3463 3484 3438 3189 3363 3379 3446 3503 3386 3512 3580 3379 3533 3405 3625 3378 3578 
3156 3385 3238 3322 3294 3219 3231 3142 3326 3289 3188 3166 3257 3273 3275 3206 3126 3244 3293 3408 3199 3128 3150 3151 3303 3259 3170 3372 3245 3181 3244 3227 3198 3261 3396 3145 3116 3291 3214 3290 3173 3470 3358 3172 3265 3245 3165 3230 3248 3259 3200 3259 3167 3278 3185 3242 3242 3287 3248 3256 3273 3217 3223 3143 3275 3269 3323 3454 3168 3305 3171 3186 3341 3222 3259 3280 3191 3112 3270 3354 3177 3240 3122 3082 3278 3271 3248 3299 3182 3130 3255 3297 3230 3245 3080 3115 3282 3175 3278 3238 3276 
3044 3017 3094 3091 2998 3144 3062 3022 3150 3033 2956 3144 3046 3106 3020 3071 3125 3025 3088 3013 3251 3103 3018 3075 3035 3179 3002 3044 3198 3105 3104 2931 2999 3012 3089 3010 3040 3112 2943 3146 3061 3049 2983 3177 3047 3101 3208 3051 3086 3095 3103 3022 3217 3208 3021 3068 3023 3151 3065 3013 2981 3014 3077 3123 3168 3023 3202 3131 3130 3203 3198 3004 3031 3212 3090 3063 3048 3162 3089 3135 2980 3278 3188 3044 3117 2986 2971 3079 3030 3077 3072 3135 3102 3080 3113 3088 3056 3090 3103 3029 3019 
3032 2998 3045 3028 2962 2977 2909 2891 2929 2972 2902 2961 3019 2979 2894 2972 2872 3041 2901 2957 3042 2962 3040 2976 2970 3048 3030 2908 2977 2950 2966 2929 2860 3015 2983 2893 2976 3019 3078 3000 2951 2962 2906 3082 2977 2882 2901 2975 2914 3008 2919 2981 3074 3053 3053 2968 2908 3058 2989 2998 2861 3118 2912 2972 2966 2854 2904 3020 2974 2968 2849 2953 2976 2940 2984 2802 3037 2904 3041 3003 2868 2915 2913 2904 2907 3093 3010 2957 2958 2958 2900 2838 3007 2908 3083 2984 2961 2868 2987 2952 2917 
2915 2889 2817 2889 2945 2837 2831 2878 2894 2800 2812 2887 2860 2885 2822 2913 2792 2797 2975 2896 2731 2936 2860 2956 2817 2722 2784 2704 2861 2737 2864 2868 2709 2927 2839 2808 2819 2915 2868 2843 2919 2888 2729 2963 2798 2987 2857 2932 2776 2853 2786 2874 2971 2853 2848 2907 2861 2890 2981 2941 2850 2982 2821 2940 2879 2858 2921 2942 3006 2882 2851 2885 2799 2867 2971 2847 2904 2765 2810 2756 2886 2906 2911 2831 2994 2822 2825 2812 2836 2804 2825 2907 2815 2861 2795 2824 2919 2872 2926 2779 2824 
2803 2823 2745 2892 2776 2824 2790 2762 2691 2686 2651 2683 2746 2760 2748 2938 2805 2828 2732 2804 2695 2721 2707 2834 2802 2750 2801 2805 2774 2753 2692 2805 2762 2756 2687 2848 2815 2705 2843 2828 2776 2813 2658 2760 2939 2753 2820 2800 2797 2772 2797 2721 2798 2737 2769 2782 2671 2699 2869 2810 2722 2718 2727 2709 2860 2793 2781 2742 2860 2820 2707 2747 2767 2841 2721 2811 2817 2834 2822 2809 2822 2882 2819 2751 2837 2767 2692 2727 2743 2775 2670 2845 2782 2815 2737 2699 2786 2761 2751 2728 2781 
2700 2632 2651 2796 2769 2721 2751 2769 2715 2690 2766 2699 2709 2749 2671 2813 2676 2719 2730 2760 2831 2694 2643 2605 2743 2751 2693 2756 2768 2767 2687 2728 2657 2741 2729 2688 2696 2720 2723 2841 2770 2732 2699 2709 2722 2662 2658 2715 2670 2713 2612 2630 2650 2684 2787 2724 2632 2751 2689 2703 2801 2646 2623 2751 2634 2634 2648 2622 2697 2726 2722 2684 2766 2703 2667 2667 2716 2736 2709 2747 2732 2747 2712 2618 2668 2715 2652 2693 2755 2717 2669 2685 2811 2768 2711 2703 2688 2688 2640 2701 2703 
2661 2620 2619 2645 2701 2645 2654 2609 2636 2654 2678 2680 2576 2653 2674 2618 2674 2781 2708 2635 2699 2737 2633 2711 2701 2710 2652 2571 2628 2643 2663 2594 2677 2683 2599 2711 2793 2689 2629 2544 2687 2637 2592 2661 2699 2640 2675 2623 2647 2676 2615 2665 2668 2610 2707 2745 2613 2575 2622 2618 2671 2668 2578 2634 2667 2691 2610 2670 2590 2555 2616 2683 2632 2661 2634 2608 2532 2662 2613 2612 2769 2610 2634 2702 2571 2630 2573 2677 2644 2573 2586 2689 2683 2631 2672 2609 2712 2717 2605 2579 2539 
2669 2568 2584 2641 2572 2629 2641 2536 2524 2592 2636 2629 2551 2572 2609 2662 2694 2652 2640 2599 2634 2578 2590 2562 2516 2579 2605 2619 2554 2511 2592 2592 2621 2579 2639 2652 2612 2608 2597 2672 2573 2581 2571 2523 2544 2599 2616 2654 2659 2503 2664 2676 2570 2639 2566 2674 2594 2651 2642 2569 2639 2594 2607 2717 2548 2569 2570 2651 2580 2537 2599 2571 2579 2603 2640 2571 2555 2591 2547 2627 2688 2617 2560 2555 2578 2644 2572 2619 2540 2671 2551 2554 2504 2612 2583 2615 2612 2693 2542 2613 2591 
2499 2694 2640 2597 2589 2547 2528 2556 2555 2522 2602 2557 2623 2584 2596 2540 2573 2507 2509 2591 2594 2570 2536 2553 2517 2615 2585 2586 2537 2519 2606 2633 2610 2484 2561 2550 2512 2511 2544 2549 2550 2528 2514 2484 2615 2648 2557 2554 2560 2543 2557 2639 2564 2530 2494 2497 2479 2592 2507 2571 2510 2552 2530 2579 2653 2595 2473 2514 2550 2558 2519 2607 2554 2542 2530 2558 2536 2586 2497 2552 2507 2569 2535 2513 2613 2552 2592 2488 2536 2611 2500 2543 2494 2575 2562 2528 2563 2568 2493 2595 2490 
2485 2557 2518 2483 2478 2520 2509 2429 2497 2487 2553 2445 2477 2518 2528 2580 2552 2516 2415 2440 2451 2490 2482 2536 2498 2494 2447 2489 2489 2494 2507 2501 2516 2508 2511 2540 2465 2609 2502 2515 2513 2518 2571 2516 2558 2455 2469 2430 2496 2501 2491 2636 2593 2507 2576 2543 2560 2569 2591 2539 2557 2531 2425 2473 2550 2591 2493 2461 2449 2570 2541 2468 2497 2547 2557 2587 2510 2535 2490 2475 2403 2538 2458 2536 2486 2495 2444 2552 2534 2487 2511 2485 2503 2507 2522 2563 2524 2527 2524 2592 2484 
2411 2559 2509 2575 2527 2537 2418 2473 2497 2445 2512 2462 2510 2455 2487 2468 2499 2568 2397 2463 2461 2456 2464 2573 2564 2428 2417 2491 2427 2493 2482 2483 2453 2482 2537 2464 2485 2480 2485 2488 2541 2591 2447 2513 2421 2522 2447 2461 2543 2460 2458 2505 2460 2553 2512 2536 2517 2440 2434 2451 2546 2458 2498 2461 2511 2428 2483 2445 2496 2418 2453 2442 2401 2469 2447 2532 2505 2451 2444 2430 2475 2397 2520 2533 2520 2425 2434 2455 2462 2479 2521 2418 2483 2394 2511 2490 2455 2407 2443 2429 2554 
2419 2443 2398 2419 2429 2428 2431 2426 2464 2410 2451 2425 2468 2467 2415 2430 2382 2432 2403 2428 2425 2349 2474 2499 2433 2396 2468 2432 2468 2434 2409 2502 2455 2405 2446 2488 2474 2406 2444 2415 2452 2440 2479 2396 2466 2529 2433 2466 2480 2456 2396 2465 2449 2413 2435 2454 2449 2455 2472 2474 2438 2504 2420 2465 2436 2451 2419 2441 2395 2425 2474 2413 2440 2415 2410 2422 2491 2456 2372 2489 2433 2428 2426 2465 2352 2396 2445 2436 2449 2490 2405 2436 2475 2417 2450 2392 2441 2430 2413 2559 2516 
2433 2485 2369 2409 2394 2409 2360 2441 2407 2398 2425 2494 2417 2358 2455 2410 2434 2445 2326 2399 2386 2436 2395 2396 2379 2447 2426 2431 2365 2350 2316 2434 2361 2457 2357 2403 2411 2416 2469 2403 2454 2450 2420 2355 2402 2445 2343 2435 2449 2392 2372 2395 2397 2483 2394 2365 2447 2375 2466 2417 2407 2425 2516 2403 2414 2434 2428 2421 2444 2503 2375 2417 2426 2388 2442 2478 2434 2452 2377 2458 2403 2383 2436 2353 2366 2403 2398 2376 2475 2420 2437 2433 2412 2425 2423 2380 2427 2397 2380 2414 2450 
2342 2443 2314 2423 2355 2361 2393 2417 2401 2398 2362 2398 2329 2331 2460 2403 2430 2442 2411 2404 2354 2425 2383 2379 2392 2441 2358 2413 2391 2413 2388 2416 2416 2366 2414 2454 2340 2323 2424 2359 2461 2435 2472 2383 2363 2383 2367 2332 2373 2394 2423 2380 2432 2412 2379 2385 2340 2349 2395 2382 2340 2406 2364 2315 2332 2424 2364 2340 2357 2439 2341 2390 2355 2328 2310 2480 2429 2375 2398 2381 2411 2376 2378 2380 2393 2393 2394 2374 2394 2407 2353 2361 2330 2353 2435 2371 2399 2365 2439 2427 2369 
