MergeSort QuickSort TimSort OESM Cook_Kim LIS LIS_treap BothAlgo 
8 21 30
1141498 1146444 1144474 1141987 1142974 1141151 1145466 1142907 1143298 1146377 1143559 1143069 1142697 1140132 1139896 1141673 1144052 1140875 1143429 1144347 1145667 1139612 1141474 1147518 1143736 1144293 1143783 1143754 1146176 1143778 
984604 984128 984679 984659 983450 982927 983536 983773 984855 984499 984440 984978 983968 984210 984053 984813 984469 984669 984545 984444 984420 984494 983581 983257 982544 983839 984445 983741 984797 984847 
942947 942952 942153 943159 943339 943349 942860 943438 943024 943099 942404 942622 943919 942233 942430 943155 942495 941891 943137 942708 942581 942934 943061 942832 942580 942953 942908 943022 943564 942927 
921259 921038 921877 921990 921827 921871 921319 920496 921535 921738 921324 921273 921110 921518 921141 921188 921081 921634 921486 921145 921193 921444 921788 921642 921541 920993 921535 921985 921222 921498 
907905 907774 908079 907708 908342 908035 907857 907622 907919 908376 908097 907810 908430 908196 908070 907777 908239 907875 907678 907090 907496 908259 907504 907351 908392 908164 907693 907898 908021 908029 
898949 898641 898656 899010 898546 898315 898647 898912 899116 898576 898808 898584 898795 898601 898427 898855 898577 898553 898133 898638 898384 898438 898617 898743 897987 898633 899189 898507 898087 898079 
891394 891699 891459 891414 891944 891630 891733 892081 891638 891727 891514 892037 891388 891304 891692 891312 891650 892056 891492 891638 891641 891747 891595 891737 891951 891405 892134 891671 891580 891690 
885973 886106 886851 886145 886241 885929 886366 886258 886627 886501 886628 886030 886270 886546 886021 885947 886673 886316 886536 886024 886273 886572 886091 886244 886282 886149 886596 886646 886050 886250 
881962 881985 882011 881935 882119 882229 882055 882172 882026 882094 881875 882359 881452 881700 881964 881899 882097 882005 882214 882084 882527 882171 882271 882055 882175 881997 882154 882432 882351 882318 
878568 878329 878553 878917 878786 879061 878821 878878 878697 878714 878734 878395 878697 878772 878503 878733 878918 878503 878637 878453 878652 878654 878510 878733 878415 878451 878751 878596 878529 878277 
875943 875985 875716 876017 875700 876048 875732 875829 875998 875484 876110 875596 875820 875556 875916 876095 876070 876275 875507 875849 875881 875754 875917 876052 875786 875694 875768 875948 876050 875689 
873996 873499 873112 873411 873409 873215 873310 873503 873340 873643 873134 873578 873260 873395 873370 873826 873444 873340 873526 873546 873512 873189 873733 873691 873240 873564 873716 873499 873535 873618 
871610 871593 871553 871539 871156 871594 871456 871783 871568 871412 871381 871510 871709 871434 871782 871591 871358 871353 871689 871496 871399 871563 871734 871510 871637 871313 871633 871377 871652 871078 
869868 869952 869696 869704 869594 869978 869850 870000 869621 870030 869810 869627 869912 869894 870014 870164 869929 869906 869885 869916 869715 869989 869989 869700 869947 870206 869757 870076 869757 869855 
868588 868350 868383 868379 868413 868381 868299 868307 868516 868468 868499 868566 868295 868291 868211 868336 868371 868263 868278 868048 868126 868336 868476 868142 868431 868546 868467 868173 868361 868472 
867190 867394 867014 867310 866961 867017 867348 867200 867116 866937 867387 867034 867237 867254 867128 867197 867039 867291 867184 867200 867015 867046 867276 866969 866984 867036 866805 867349 867118 867082 
865921 866033 866079 865899 866062 865974 865992 865799 865835 866096 866028 865932 866042 866024 865994 866037 865813 866281 865913 866003 866151 865783 866020 866097 866115 865919 866075 866172 865787 866003 
865158 865065 864917 865013 865037 865012 865073 864887 865199 865035 865152 865116 865198 864993 865058 865006 864937 865187 865124 865106 865185 865105 865031 865025 865181 865156 864925 865241 865176 865145 
864297 864159 864188 864504 864349 864404 864399 864213 864242 864312 864130 864329 864316 864380 864217 864157 864261 864289 864366 864037 864286 864027 864074 864401 864297 864148 864359 864162 864341 864109 
863404 863621 863369 863539 863485 863523 863269 863375 863419 863349 863527 863438 863292 863400 863322 863345 863221 863573 863384 863551 863464 863537 863504 863364 863203 863411 863421 863464 863459 863569 
862855 862842 862574 862901 862849 863075 862740 862756 862904 862699 862802 862643 862883 862918 862693 862880 862803 862879 862781 862932 862993 862839 862818 862845 862784 862947 862713 862801 862875 862724 
2002090 2039813 2017923 1920995 1974853 2144464 2030930 2107892 1955057 1896123 2024366 1964216 1980366 1991797 2031416 2024464 2117841 1995006 2020539 2103790 1971198 1941633 2079694 2080494 2012887 2037653 1934031 1950134 2050111 2010019 
2065616 1936169 2082634 1931041 1926537 2044470 1902249 1965524 2033640 2063099 2003557 1975229 2014152 2039269 2174337 1994611 1944768 2060025 2117592 1949305 1977809 2007435 2024456 1992895 1989855 1993695 2083341 1992060 2070122 1983137 
1980712 2005989 1930325 1988000 2025946 1961541 2024480 1956279 1953719 1986322 1949675 2017727 2021815 1964884 2000199 1964337 2022067 2018919 2006217 2068644 2007866 1978836 1988101 1987655 2066796 2257223 2038264 2015596 1993350 2064510 
2081580 2068845 1989861 2028117 2123883 1980131 2042290 2140619 2040915 2004820 1936484 2105421 2074616 2088325 1928428 1988165 1972415 1983505 2041801 1964686 2110178 1977758 2025368 2070137 2029705 1911417 2038443 1974120 1959480 2038097 
2017459 1971165 1943708 2017253 1971087 1942878 2020250 1979293 1977342 2066531 2088633 2056581 2014049 2040419 2014982 1990021 1962756 1981471 2019876 2061493 1954123 2059903 2102865 1995750 2017815 1970948 2009133 2019236 2139852 2158341 
2156655 2100080 1971095 2043816 2002889 2130266 2072082 2045017 2008240 1960447 1990376 1940402 1947737 2000517 2030039 1990749 1974347 2107358 1924220 1934527 1950080 1983962 1922758 2011055 2003171 2067589 2074069 1962708 1952722 1939267 
2004589 1988690 2048552 2029071 2079933 2134922 2147079 2047149 2057146 1942773 1963492 2009208 2061693 1992936 2111496 2029023 1992544 2039090 2120495 1990557 2014677 2067608 2092428 2011638 1974373 1993045 1955008 1998864 2033076 1976160 
2036596 1957646 2013153 2091939 1995360 2022668 1952496 2048514 1979365 1981171 1967275 1945290 2020696 2028245 2100072 2119144 2044361 2057335 2021084 2044851 2010051 1977159 1997150 2002605 1902393 2029577 2143599 1986036 2059889 2012507 
2077952 1985375 2051524 2027923 1946137 2038637 2011458 2081599 2243864 2052070 2031270 1990964 2003562 1970333 2004053 1942481 2125032 1985152 1941483 2112140 2029247 1951665 1989117 1969964 1929135 2005342 1965837 2147156 2056601 2000067 
2107618 1950516 1950491 2000698 2040949 2001134 1963437 1975231 1935194 1954236 1979720 1950572 2031185 2288973 1999424 2150281 1977829 2023340 1957985 1954365 2251714 1995059 2027411 1958534 2033292 2046306 1993512 1965081 1999641 1994472 
1987217 2007748 2013844 1960485 1991358 2019039 2039778 1985227 2010003 2075493 1967831 2007363 1937079 1980774 1964988 2022801 1957371 1977440 1974781 2128186 2150812 2118678 2058211 1969372 1918419 2004778 1961113 2034993 2011802 2093412 
1922522 2015384 2000712 2199767 1930695 2040753 1988364 1978521 1986627 2032720 1984839 2033054 2058676 1923904 1951785 1915256 1973795 2047872 1947247 1941847 1942205 2123787 2015626 1947022 1998093 1934566 1948886 2112785 2003267 2086044 
2113127 1987056 1967588 2048734 2048536 2287617 1963663 2111041 2028709 1962932 2006867 2055445 2000113 2006459 2072456 2033972 2061402 1928935 2059089 2162002 2135149 2027970 1989753 1924192 1975347 1955318 1971902 1977620 2012567 1966645 
1953285 2045791 1956377 2022623 1955741 2029709 2037302 2107839 1931234 2010217 2026090 2007116 1923702 2023637 2049916 2015584 1974693 2138273 2030330 1985987 1971790 1941317 1998936 2038052 2025297 1955037 1992489 1978183 2003643 2134712 
2010242 2000992 2013161 2012349 2085802 2027076 2142038 2090082 2064576 2094793 1979425 2075225 1969721 2012642 2142005 2069189 2192705 2100569 2022890 2038681 1998409 2215668 1926378 2076406 1920045 2005378 1968377 2121579 1982715 1963409 
1920636 2024261 2032964 1961298 2014126 2138435 2026483 1943097 2060679 1979991 2008248 2059324 2058426 2023470 2001601 1964153 1997805 1971045 2033565 2211421 2041318 2039936 1942316 1986348 1925564 1968587 2074342 2059935 2025079 1938420 
1909117 1976589 1953326 2056218 2157519 1906138 2085946 2078831 2053775 1961245 2073025 1976353 1978983 2095557 1925105 1904609 2016988 1976438 1976186 1936953 2032341 2004142 1993987 2007018 1958708 1912944 1987187 2027399 1979357 1984073 
1992742 1974033 1998023 2293599 1997528 2024800 2007543 2139201 2060499 1943864 1925761 2069774 2015203 1962365 2093780 1980437 1961995 1931998 1954953 1984545 2024850 1954593 1940104 2064795 2115359 1997021 2000432 1910999 2023465 2010950 
1995913 2079328 2009381 2018275 1940652 2023113 1988780 2005035 2093763 1963089 2111862 1979625 2039118 2030308 2019510 1978220 1985516 1944916 2141242 2145948 2038391 2007410 2043647 2007422 2050604 2018059 2042329 2051535 2133305 1981969 
2062185 1991144 1977721 1943580 1930738 1986380 1922256 2107098 2062125 1940248 1957913 1987460 2022908 1907113 2061517 1979094 1951505 2011247 1986226 2021122 1976888 1997036 2195417 2084987 1938716 1948462 2092541 2009863 2046655 1970124 
2069886 2058085 2024464 1936411 1987978 2001159 2074250 1944985 2090946 1979046 2056038 1979181 2045722 1973584 2149224 1949599 2015095 2145451 1970039 2078941 2193092 2060079 2003148 2012661 1942634 2083256 2010315 1994190 2164620 1992739 
1621319 1628449 1621211 1625242 1624909 1626805 1628966 1620428 1624169 1626757 1626380 1623758 1625500 1622770 1623419 1621670 1626470 1622769 1625770 1622712 1622664 1622501 1622309 1624784 1626762 1627462 1628192 1631669 1630109 1625084 
1238331 1236044 1238200 1236985 1234590 1231884 1236701 1233522 1237063 1233234 1234820 1238888 1233159 1233777 1235897 1233633 1232185 1231126 1235725 1235146 1232636 1234917 1234611 1231878 1229264 1229163 1232672 1231788 1235814 1235041 
1060543 1058820 1059293 1062148 1062358 1062444 1061864 1061616 1059073 1059016 1056992 1059274 1063223 1058716 1055461 1058481 1060914 1056007 1061527 1059424 1060931 1062970 1060808 1061107 1060135 1059166 1060516 1060592 1063950 1061833 
965937 963934 968403 967742 969745 969243 964243 962170 965584 967430 965320 966254 967044 965481 965982 963601 963878 965528 965844 967561 965668 965948 966325 969797 967168 966253 966017 969950 966751 967810 
907735 907158 909800 909352 910413 911911 908552 907741 910681 910881 910757 908020 910891 910084 909057 907719 910082 908851 910997 906648 910106 909195 907808 906098 909178 910960 909217 908574 911813 908425 
874764 872304 872907 873248 870432 871860 871786 872512 872765 871732 872907 872755 873917 871438 871738 873910 871818 873303 871426 873411 870512 870323 872348 871140 870660 871181 873649 872018 871499 870264 
845628 845083 843777 844671 846906 846297 846465 845542 845552 845306 844507 847063 844653 844225 845350 844932 844915 847757 845102 845725 845525 846470 845297 846524 847206 844389 847579 846097 845003 845685 
825607 825974 827951 824875 825202 825717 826697 825744 826816 827697 826374 826079 824729 826956 825339 825861 826870 826023 827894 825173 826453 825514 825977 825636 825445 826186 826276 827434 825765 826921 
811457 810724 811396 811038 812050 812050 811430 811898 811376 810805 811343 812927 809905 810145 810014 811121 811793 810798 811499 812198 813298 811521 811832 812135 811975 810515 811630 811014 811651 811369 
800296 798881 798881 799978 801365 800745 800892 800061 799850 799888 799505 799401 799184 800019 798931 800345 799731 799248 799636 799140 799708 799733 798714 799776 799550 799023 800199 799129 800424 798657 
790403 790958 790186 790924 789940 790805 789840 789947 791109 789656 791219 790439 790829 789992 790952 790689 790977 791274 789202 790941 790314 790388 790341 790954 790630 790295 790482 791104 791159 790187 
783647 783351 782732 782667 782909 781844 782924 783531 782461 783453 782833 782868 782299 783019 782436 783328 782629 782636 782858 782281 783609 782374 783348 783739 782102 782775 783712 783287 782626 783400 
776714 776866 776699 776916 775802 776740 776627 777028 776728 776379 776533 776595 777264 776427 777355 776955 776306 776547 776887 776879 776032 777000 777025 776553 776763 776301 776902 776526 777380 775353 
771818 771799 771237 771702 770687 772180 771514 771442 770945 772285 771302 770984 771656 771456 771615 772319 771026 771305 771428 771946 771312 772047 772417 771282 771577 772024 770849 771389 770754 771201 
767211 767251 767132 767314 767109 766870 766514 767119 767085 766898 767083 767400 766931 766983 766675 766964 766987 766911 766909 766481 766764 766643 767163 766702 767317 767090 767585 766551 767182 767087 
763501 763904 763423 763366 762430 762365 763599 763207 763251 762833 763317 763289 763392 763215 762838 763425 762937 763450 763629 762959 762914 762924 763182 762766 762656 762795 762763 763604 763307 763485 
759849 759549 759342 759494 759738 759385 759985 759235 759781 760000 759419 759326 759901 759549 759522 760006 759798 759875 759691 759735 759804 759292 759496 759826 760236 759596 759809 760001 759371 759739 
757143 756811 756853 757063 757056 757042 757139 756933 757257 756791 757354 757103 757273 757202 757169 756841 756670 757529 757038 756979 757219 756903 756676 756835 757022 757124 756911 757270 756907 757157 
754528 754250 754214 754874 754638 754826 754515 754287 753886 754712 754545 754651 754653 754976 754449 754116 754890 754445 754095 754026 754386 754063 754337 754678 754690 754368 754771 754045 754976 754366 
751963 752260 752031 752499 752508 752327 752000 752317 752494 752080 752260 752243 751422 752213 752001 751824 752091 752447 752181 752068 752206 752439 752373 752088 751715 752124 752509 752067 752099 752287 
750459 750379 750019 750492 750309 750563 750334 749922 750524 749969 750385 750240 750253 750392 750011 750244 750174 750482 750472 750554 750302 750075 750262 750029 750451 750387 750325 750092 750278 750137 
1241056 1244783 1240615 1242170 1238242 1240609 1245777 1240545 1243564 1242471 1246211 1242383 1244751 1239837 1240316 1242661 1244215 1241130 1238541 1240954 1240606 1240665 1240826 1244775 1241788 1243252 1243020 1244746 1246382 1243009 
1071718 1073045 1070401 1074219 1070505 1061150 1066981 1064436 1078663 1070164 1073635 1072014 1071861 1070282 1071059 1075996 1075189 1073667 1072564 1075391 1072304 1075394 1074574 1054883 1059520 1067148 1071878 1068939 1060656 1075448 
1007124 1011939 1006335 1014052 1012865 1014491 1002599 1013638 1008784 1010782 1010048 1002640 1007102 1007196 1004154 1013789 1008630 1006004 1008732 1011594 1003229 1009571 1004981 1008502 1007984 1001003 1006852 1007196 1010330 1010947 
908534 903831 910036 914706 922416 915666 915813 907531 922401 918988 919146 918807 914977 917815 906164 907509 902883 909641 915211 913805 919058 911129 910078 919648 923733 920444 909495 918073 913126 929857 
874879 873392 880420 880591 875243 883305 877433 875510 884838 882979 878407 872417 876817 876677 875114 870640 883394 873743 876793 874660 883916 875351 873259 867897 872488 875014 881657 872811 873929 876457 
872739 875525 871964 876143 868376 874990 869739 866598 878795 875610 880276 876656 876359 870090 877790 871075 873098 874028 874226 869630 870971 869400 868263 870634 870698 875989 878966 871177 874134 869844 
844898 858825 839926 850663 856266 856673 855566 853670 845440 850373 840468 858464 847742 846311 852301 838344 851082 868894 860797 850605 859121 845778 835169 849547 860005 847064 854196 849841 830921 842133 
799168 791778 820850 791442 784963 798881 813394 799416 806894 806885 816650 804496 783734 801207 793824 786573 798394 819525 806533 791271 812515 795835 796599 799365 792046 801279 808124 801768 803435 800302 
745626 750781 743862 762541 756923 756762 742047 756755 753772 753760 770553 758922 771029 742198 750472 747909 767474 753490 744786 767633 784590 748190 756961 763294 755517 752629 757710 751530 760780 751894 
735579 722076 722075 738696 730515 725594 726763 736372 731777 742473 726094 734539 723097 735224 741397 740317 722214 720757 718269 730108 732431 738166 723901 726607 739664 723503 752283 726928 735578 723107 
723750 719550 710360 714851 721975 722014 719787 714396 722574 711061 715130 717576 720738 729646 713154 719320 728029 722539 720632 724677 717785 714791 715919 723248 726075 715060 711003 718744 716231 719163 
719845 716926 713620 715592 715058 717156 716495 714409 714451 713173 713250 711147 718690 719421 718362 710276 718356 723094 711757 715730 730415 718800 713317 711205 716595 718125 714930 716185 717521 725930 
714675 723341 719712 714335 720053 722901 720010 724390 719816 716778 717889 717209 717244 715552 717145 714078 719283 722343 714398 720477 719376 712276 722397 715514 714794 725120 721066 720814 715697 714089 
719546 719424 717661 718276 721744 726775 721517 721974 723830 720520 718452 722491 723794 728172 725909 708034 711753 717850 721180 722957 721429 722082 722475 721414 717641 716172 722263 717783 720813 714474 
717632 721140 714892 717257 711753 723094 728892 716130 717569 723339 712381 728316 727550 733028 703249 717659 718591 719300 723111 718196 727139 719443 720462 714776 715878 723109 720707 720502 729872 725831 
709751 705539 726833 723052 704699 706046 725884 704030 719306 716238 724188 712516 707277 705049 705053 724161 733031 715691 714550 709844 705626 713205 712951 711333 715090 718577 700942 714592 681227 708733 
703083 696503 692862 693261 712506 705587 664914 689967 706227 707961 706674 689105 702932 686088 669909 675769 701513 711720 693178 701710 698963 714914 699324 688076 702737 689025 701260 713073 693360 698211 
706563 681295 653747 677565 654702 666266 685045 695925 675384 662705 686038 669946 659076 696592 683255 679952 657745 697678 679264 675858 670510 668814 682783 679409 694439 665342 662437 664659 660336 657219 
657352 685360 647670 650639 651878 656801 661864 639967 615428 649565 652968 665158 661761 654814 652177 619605 642579 632414 629417 649421 623636 665688 630676 600521 649118 659847 662915 642259 632583 655620 
617800 640266 625719 625622 655327 660629 639810 620686 624092 632730 617138 633023 614488 632915 621384 644697 643764 646891 630672 617761 618401 642177 648672 609326 611798 638575 631864 620177 624202 643275 
599413 628933 601813 602633 631106 597280 599231 594939 633961 597741 629347 650060 606627 627573 605580 609388 590206 628202 613292 614113 593567 626861 598485 598069 597524 608801 592171 594237 605193 623917 
3095223 3097074 3094366 3099378 3090732 3102912 3093694 3098381 3093136 3091696 3097510 3098111 3096402 3092731 3094161 3102060 3095407 3092116 3092987 3086461 3107867 3096944 3098801 3099424 3094047 3095689 3097513 3094816 3095248 3096470 
1709235 1702844 1697697 1702238 1692812 1687990 1704305 1699675 1705837 1699608 1702157 1711273 1696172 1699648 1700844 1698556 1695502 1692026 1710073 1706437 1692395 1701787 1690621 1685458 1680403 1691118 1686402 1691667 1704111 1698551 
1129539 1122967 1122311 1133866 1133280 1139568 1129419 1137192 1133793 1119816 1125408 1120073 1135027 1123017 1125370 1130208 1122887 1114677 1131250 1130219 1128610 1137246 1132489 1124113 1122156 1124537 1128350 1133072 1141230 1129345 
859927 854776 865028 865758 870012 864704 856419 854011 858520 870728 856756 864775 859330 862864 857283 853596 854544 858175 862556 864447 859414 859079 858947 862995 861411 861811 855722 864345 861695 865025 
711313 708680 714105 713426 715815 716762 712824 704832 715218 716680 715491 708024 714941 715869 713589 712324 717420 714748 714438 707473 712982 714142 711163 710253 710301 717837 710617 710970 716843 709293 
623690 623563 623203 622846 619726 619738 621460 618868 622098 620198 624160 622951 626234 621145 618519 626039 621909 624076 620115 624863 617219 617741 622240 619676 616655 619580 622185 619999 618886 619040 
558102 557671 556349 555832 559839 559454 559319 558929 556918 556110 555853 562519 553409 555532 555040 556667 555850 564303 557280 557542 559132 557931 555147 559501 560469 554090 562082 559816 555278 557261 
508454 509216 516513 510732 510885 509332 513647 512347 512923 515718 511348 511573 508631 514112 510487 511371 513785 512882 512995 509664 511472 512479 511456 508557 509188 510994 511653 515007 510447 512592 
478588 476244 479988 478521 478046 481717 477437 477850 477517 477077 475858 479361 472775 475687 474255 477610 479386 477882 477145 478590 481717 478567 478524 478950 480272 475848 477146 477498 477724 477370 
452140 448107 448984 451091 454031 452205 452608 451508 451652 450339 450161 448637 449970 450677 448063 452148 448312 450413 450639 450282 451118 448746 447500 451587 451309 447541 450880 447476 452175 447626 
429955 429724 428597 429494 428015 429916 427285 426701 430319 425556 431414 429558 430711 428142 429305 428890 431284 430459 425668 430262 428566 430332 429337 430689 428678 429122 428311 430849 430499 428429 
413792 411781 410704 411971 412467 409142 409272 413271 411018 412792 412770 410893 411415 411037 410199 411995 411498 410385 411018 409754 412301 409881 411010 412312 410679 411357 413122 412974 411825 413063 
398220 397780 396675 396929 395733 397337 396840 397392 397381 395805 397541 396922 398535 395984 398485 398701 395338 396638 397385 398094 395722 397415 398117 395774 396552 395868 397551 397084 398003 393864 
385558 384807 384191 385550 382065 386587 385674 385160 382855 386026 383591 383512 384265 385486 384617 387070 384121 384836 384282 387164 386179 386272 386668 384164 384376 385155 383480 384858 383844 383171 
373725 374356 373701 375433 373883 374504 372437 372679 374343 373694 375378 375879 373244 373262 372168 374031 373933 373397 373459 372682 372927 374134 374746 373069 374974 375013 374584 373576 375142 374381 
365889 366968 365807 366260 364439 363675 364554 365460 365110 363622 364802 364885 364751 364850 365164 366165 363922 364746 366303 364876 365074 363941 365603 364630 363135 363475 363481 365142 364984 365618 
357339 355705 355698 356292 357563 355396 357247 355469 356783 356150 355789 354452 356515 355010 355535 356728 356651 355815 355770 356446 357050 355305 355953 356531 357252 356512 356502 356652 354989 356316 
349943 350068 349353 350527 349394 348658 351065 349165 350310 348745 351433 350039 350994 351088 349087 350010 348929 351410 350724 349144 350322 349396 348099 349412 349585 350609 350217 349972 350010 349342 
344008 342180 342284 344665 343805 343733 342705 343166 342004 343953 343629 343769 343728 345356 343481 342276 344383 342975 342237 342523 343033 343342 342432 343992 343030 343209 343566 343176 345812 343518 
337661 337650 336771 338332 337631 337413 336451 338747 339451 337315 338482 337926 335382 338694 337909 337132 337619 338700 336742 336216 337667 339281 337863 338111 338183 338521 338952 338114 338012 338302 
332613 333084 332239 333123 332702 333986 333209 331455 333646 332025 333082 332281 332850 334236 332655 332158 332679 333972 333662 332479 333052 331947 333458 332645 333285 332964 332912 332706 332149 332859 
1301529 1317819 1294639 1298767 1295418 1291792 1315425 1298740 1300622 1306099 1302606 1297788 1304039 1289197 1292431 1289216 1302511 1296478 1298209 1293620 1300347 1297252 1302347 1309415 1309498 1304511 1304694 1314125 1311328 1299067 
674205 673478 674803 674255 671615 668590 671824 670375 675484 675730 672534 675469 673048 675223 672158 675464 673377 670549 675437 674754 672710 673155 671141 668750 666212 671867 671600 671031 672402 675447 
518376 516313 515660 519474 518574 520160 517167 519967 518236 517354 515986 515704 520516 516532 516305 518108 517362 514656 518435 518288 517031 519718 519065 516789 515180 516443 517542 518242 521124 518859 
440001 438522 440784 441505 441353 440543 438804 437241 439890 441215 439696 440848 439217 440374 440545 439318 437954 440464 440580 440646 439444 438877 439407 441423 440885 440249 439613 442025 441040 442158 
391243 390681 392840 391838 391846 392898 390701 390648 392698 392428 392101 391270 393155 392618 392256 391188 392419 392585 392503 390459 391391 392052 391206 390569 392353 392723 391319 390918 393259 391330 
360564 359866 359045 359476 358822 358956 359305 358941 359481 359161 359494 359274 360131 359022 358813 360476 359857 358914 358661 360363 357854 358436 359587 358345 357301 358225 358989 358478 357630 357838 
334268 334109 333922 333135 335519 334821 335053 334976 334089 334546 334023 336262 332957 334297 333978 333940 333897 336870 334095 334376 334253 334990 334273 334414 335651 333449 335332 334982 333422 334181 
314950 315181 317344 315167 315628 314563 315872 315824 315599 316275 315263 315453 314583 316764 314980 315228 316679 314997 316169 315007 315205 315641 315168 315240 315149 315491 316653 316258 315367 315453 
301274 299863 301275 300537 301467 301377 300207 300948 300959 300229 300185 301569 299145 300131 299818 300310 301234 300511 300604 301217 301884 300585 301700 301046 301201 300175 300678 301099 300956 300999 
289108 287555 288081 288762 289865 289287 289640 289141 288933 288468 288476 288154 288150 289148 288303 288811 288594 288513 288692 288797 288849 288445 287551 288277 288754 288287 289267 288307 288968 287374 
278646 279046 278845 279221 277869 279106 277956 278208 279484 278012 279626 278594 278949 278063 279616 279030 279423 279283 277196 279228 278370 278883 278715 279516 278550 278634 278731 279645 279862 278311 
271435 270939 270324 270126 270565 269369 269998 271070 269942 271080 270501 270223 269600 270143 269835 270619 269847 270235 269974 269684 271167 269435 270574 271248 270029 270068 270997 270519 270499 270707 
263559 263585 263240 263652 262613 263520 263661 263573 263333 263269 263506 263208 264041 263038 264321 263701 262714 263156 263588 263570 262655 263952 263508 263122 263766 263134 263680 263086 264207 262175 
257871 257514 257169 257407 256578 258008 257471 257515 256846 257981 257206 256742 257428 257073 257706 258542 257169 257345 257553 257712 257116 257841 258453 257190 257386 257693 256995 257228 256696 257169 
252505 252351 252168 252264 252200 252184 251627 252294 252290 252075 252438 252401 252287 251884 251925 251994 251984 252178 252242 251565 251603 251677 252268 252334 252901 252458 252763 251817 252613 252054 
247869 248634 247812 248000 246734 246872 247874 247695 247854 247240 247719 247697 247682 247583 247249 248068 247307 247989 248445 247507 247510 247447 247723 247078 246931 247307 247109 248102 248089 247778 
243826 243180 242978 242856 243204 243206 244001 243105 243594 243815 243202 243010 243709 242952 243465 243890 243463 243442 243298 243713 243511 242965 243005 243321 244057 243345 243489 243784 242923 243313 
240139 240039 240179 240005 240244 239893 240196 239967 240321 240003 240521 240164 240693 240430 239881 239997 239971 240887 240148 239776 240073 239972 239633 240214 239817 240346 239899 240355 239755 240350 
237152 236666 236532 237350 237117 237485 237077 236640 236596 237205 236960 237391 237122 237447 236948 236718 237324 237294 236578 236631 237074 236348 236812 236893 237211 236891 237337 236392 237790 236803 
233924 234241 234004 234428 234542 234249 233902 234506 234641 234215 233959 234277 233212 234206 233930 233822 233956 234432 234229 234044 234305 234486 234397 234130 233899 234430 234684 234027 233892 234224 
232174 231910 231585 232042 231592 232004 231729 231261 232055 231332 231981 231555 231612 231964 231356 231525 231604 232010 231760 232263 231732 231515 231910 231509 231736 232212 232049 231337 231878 231379 
1919760 1956283 1920498 1922511 1909692 1908289 1962883 1922616 1919256 1937979 1925317 1919532 1932422 1907666 1906137 1909916 1929328 1909624 1915231 1915492 1914435 1903123 1924025 1932410 1951268 1938472 1922790 1955003 1937484 1912196 
894147 887763 890356 886245 883990 881944 885538 884092 892836 892292 887553 894809 888211 888110 883929 892675 886683 884114 892489 892144 891048 888451 889387 882928 878682 885246 885812 885544 888197 894136 
671327 666351 664062 670557 669259 670938 664963 671024 668735 666554 664913 666182 672828 665555 667616 669585 668606 665809 670562 667898 666525 670385 670231 664847 661685 667451 666977 668561 672589 672963 
561428 559616 562003 563029 563523 561285 558304 556312 559781 563331 561800 564439 561050 561220 562815 561403 558445 562612 562579 561443 560845 560593 559824 561922 563126 562429 562302 563285 563046 562163 
497002 493537 497895 497162 495323 497939 494774 493551 497909 497734 495785 492939 497504 497491 497314 495960 496925 497421 496143 495442 496501 496853 494587 495059 495249 496497 496608 495267 497656 496004 
453490 453956 454483 452227 450887 450627 452173 452128 451816 449300 452600 453950 453267 452113 452251 453237 452479 451377 450364 451881 450706 452128 451736 452048 447781 450946 450930 450785 450481 449470 
418358 418056 417650 416213 420304 418500 419497 420208 417554 419442 416328 420048 416739 418158 417446 417104 416916 420882 419280 417788 417778 419354 418842 418555 420281 414912 420313 419062 416230 418148 
391760 391906 394026 392253 393174 391158 393718 392636 393166 392923 393443 392171 392544 393536 390930 392225 393840 392950 393197 390512 392210 391479 393283 393128 390648 390776 394001 393833 391298 393960 
373016 370791 372989 370756 373015 373405 371176 371737 372274 371707 371406 372177 369338 370226 370320 370629 372345 370496 371361 372616 373672 370194 373147 371758 372304 372024 372518 371588 372134 371033 
356799 353393 354539 354699 357435 355671 356617 356136 354945 353402 353619 354662 354796 355913 353205 355444 355039 354690 354780 356014 356014 355480 352252 355519 355760 354471 355618 353932 356464 352745 
339882 341060 340984 342341 339541 340891 339821 339069 341350 338987 342305 339764 340614 339315 343368 340315 342058 340979 339415 341495 339720 340494 340637 341252 341127 340345 341078 342275 341042 340321 
330917 329328 327418 327320 328852 328193 328039 328715 327646 330083 328336 328299 326966 328820 329320 330175 328709 326797 327584 328688 330185 327380 328919 328983 328471 327811 328754 327909 329182 329075 
318515 318509 317529 318679 317220 318747 319765 317955 318078 318207 317504 318071 319406 317655 319628 319059 318112 317663 318175 317343 316815 318000 319462 317792 319320 317855 319497 318994 319206 316353 
309607 309640 308793 308954 307791 310487 309157 309518 308104 309731 308750 307498 310446 309261 309521 310807 309064 309291 308705 309805 309485 308881 311838 307956 309203 310006 308280 309232 308315 309555 
301866 301267 300651 302518 301189 301830 300699 300592 300795 301455 302701 302413 300840 300594 300864 301534 301691 301231 301360 301478 300293 300657 301419 301182 302185 301462 302233 301511 302548 300250 
295127 297235 294628 295113 292885 293269 294429 295010 293976 293409 295406 293540 293875 294342 293076 294468 293399 294947 294423 293757 293998 294207 294283 293425 293530 294141 294131 294176 294617 294677 
288836 287229 286391 286063 286978 287843 288483 286434 288404 287529 287698 287080 288018 286836 288094 288550 287974 287109 287879 287817 288025 286592 287125 287495 288624 286988 287682 287685 287543 288910 
282607 282704 282052 282779 281911 281892 282611 281793 283147 282043 282796 282674 283378 282749 282857 282725 281714 282745 282656 282854 281539 282259 281661 281924 280989 281905 281478 282702 282719 282800 
277731 276436 276705 277522 279133 278094 277584 277252 276876 278660 277297 278391 277749 277861 276734 276256 277447 276378 276632 276356 278537 275813 276773 277444 276549 277459 278068 276763 277997 276929 
271791 271641 272848 272293 273234 272664 271820 272908 273580 272025 272460 273109 270127 272521 272150 272075 272757 273065 272502 271949 272627 272963 272784 272436 272145 273944 272899 272879 272359 272985 
269057 268222 267896 269188 268699 269307 268657 266669 269489 267103 269003 267657 269214 268852 267829 268492 267956 269003 269157 269280 268087 268403 268774 267817 268855 268736 268973 267664 267312 267885 
1635464 1660888 1625186 1630889 1625963 1622114 1656237 1636130 1633227 1643421 1636385 1630363 1639165 1620433 1622705 1620689 1637949 1631698 1630499 1627876 1633971 1631636 1638250 1648747 1648352 1640598 1643000 1652592 1651807 1635395 
784572 783665 784955 785696 779187 774992 781460 779327 785231 784111 782643 784966 780880 782241 779225 785628 780749 780489 784526 783370 781616 783310 778844 776106 773013 779304 780121 779230 780839 783197 
582019 581153 578430 584659 585511 585448 581476 583551 582435 580992 580952 579922 585173 581335 579440 582939 581316 577904 582970 580709 581273 583312 582140 582439 579933 580262 583029 583564 587239 583197 
485044 483714 485357 486297 486254 487025 482896 481219 484917 486447 483110 485395 484231 484781 483792 483462 481920 485503 485305 485196 484030 484586 484812 485239 484737 486489 484192 486301 486121 485814 
424769 424198 426891 425706 426895 428147 425252 424275 426396 426910 427344 424764 426557 426642 426081 424129 426694 426589 426229 423875 424687 426164 424249 424204 425746 426967 425717 424972 427922 424990 
388565 386966 387839 387060 385631 386143 385872 386363 386890 386740 386485 386932 387875 385761 385809 387721 385758 386728 385326 387833 386010 385268 386143 386482 384374 386327 387426 385553 384907 384644 
357340 357522 356351 356560 359512 358412 357899 357767 357101 357511 357017 359190 356226 356420 357049 356204 357212 360351 357817 357713 358046 358628 358036 358396 359019 356043 359558 357877 357025 357584 
335098 335466 337969 335512 335243 334879 335824 335455 336322 336871 335837 334817 334660 336303 334923 335200 337403 335274 337098 334683 335884 336082 335153 335103 335469 335361 335826 337034 335146 335804 
319178 318229 319150 318752 319300 319622 318455 318763 318957 318622 318827 320137 317311 317676 317627 318654 319432 318293 319369 319864 320712 319193 319424 319274 319564 318317 318919 319075 319526 319295 
304844 304368 304493 306011 306741 306606 306534 305707 305588 304927 304760 305307 304504 305124 304985 305517 305242 304581 304607 304830 305434 304732 304270 305903 304565 304478 305897 304863 305876 303809 
294139 294108 293480 294619 293182 294790 292665 293396 294302 292919 295075 294158 294411 293682 294423 294904 294211 294843 292735 294616 294159 294195 294009 294394 293504 293206 294263 294356 294674 293369 
285719 284531 283975 284732 284902 283395 284549 285349 284324 285484 284621 285190 284160 284604 284350 284974 284110 284284 284417 284226 285321 283856 285201 286039 284003 284555 285245 284810 284416 285440 
276907 277272 277235 277362 275586 277286 277069 277147 277330 276292 277050 277142 277953 276667 277696 277265 276470 276787 276952 277247 276131 277220 277826 276585 277151 276873 277535 277127 277390 275216 
270777 270666 269896 270702 269464 271597 270334 270213 269701 271334 269866 269462 270654 270392 270644 271462 269908 269896 269931 271281 269937 270661 271336 270129 270627 271015 269832 270631 269713 270385 
264967 264918 264666 265138 264768 264310 263656 264522 264537 264337 264784 264952 264422 264217 264214 264416 264794 264048 264608 263993 264230 264472 264462 264039 264725 264822 265324 264018 264581 264478 
259937 260578 259754 259967 258554 258411 260248 259664 259500 258665 259941 259311 259775 259744 258995 259782 259132 259685 259870 259281 259168 258899 259873 259128 258754 258992 258954 259759 259212 260236 
254918 254927 254523 254546 254818 254675 255115 254325 254976 255150 254556 254423 254870 254877 254535 255400 255020 254889 254708 254774 255259 254357 254548 255044 255512 254777 254883 254942 254057 255012 
251608 251099 251004 251210 251175 251317 251413 250823 251838 251063 251223 251343 251413 251621 251556 251100 250600 251851 251212 251556 251483 250803 250943 251091 251093 251287 250983 251277 251146 251562 
247764 247521 247642 248277 248291 248313 247594 247454 246814 248106 248118 248012 248074 248611 247773 247185 248199 247894 247244 247050 247594 247231 247438 248320 247784 247611 248225 247178 248230 247426 
244599 244828 244244 245033 245039 244611 244433 244658 245119 244330 244614 244620 243588 244737 244296 244087 244311 245111 244645 244363 244234 245118 244591 244546 243994 244347 244932 244370 244673 244764 
241881 241860 241369 242321 241992 242278 241860 241369 242136 241576 241957 241674 241970 241700 241507 242031 241481 242183 242213 242264 242107 241782 241824 241566 242130 241949 241843 241734 241654 241932 
