MergeSort QuickSort TimSort TimSort2 OESM Cook_Kim InsertionSort LIS LIS_treap BothAlgo DirtyClean2 
11 21 20
120503 120449 120502 120523 120519 120600 120412 120416 120466 120365 120421 120304 120516 120472 120529 120382 120459 120488 120328 120590 
82031 82131 82172 81977 82054 82023 81970 81973 82111 81995 82084 82055 82065 81914 82185 81794 82036 81999 82207 81793 
78099 77906 78277 78197 77781 78019 77870 78083 78163 78177 77990 78138 77981 78081 77670 78004 78008 77770 77854 77926 
75997 76012 75873 76141 75995 75872 76063 76076 75874 75991 75969 76030 75988 76037 75901 76033 75992 76109 75771 76036 
74770 74775 74802 74547 74990 74421 74778 74754 74750 74682 74823 74856 74690 74921 74618 74885 74773 74788 74666 74599 
73849 73838 73869 73855 73668 73865 73906 73938 73704 73898 73640 73927 73784 73619 73844 73755 73786 73648 73753 73876 
73157 73266 73038 73205 73125 73158 73169 73240 73038 73195 73283 73097 73206 73135 73099 73157 73256 73248 73120 73039 
72566 72675 72727 72664 72522 72614 72617 72711 72608 72717 72618 72637 72680 72738 72637 72668 72622 72716 72791 72550 
72238 72263 72162 72272 72246 72190 72305 72121 72255 72241 72285 72222 72312 72244 72283 72141 72304 72252 72272 72290 
71883 71985 71998 71928 71993 71977 71925 71967 71794 71878 71897 72003 71867 72025 72032 71911 71886 71900 71739 72003 
71593 71592 71635 71722 71567 71729 71725 71697 71711 71621 71702 71723 71593 71606 71635 71818 71604 71603 71695 71693 
71442 71425 71384 71444 71372 71464 71368 71430 71339 71494 71441 71438 71435 71386 71453 71321 71422 71436 71517 71375 
71218 71316 71263 71217 71306 71203 71184 71204 71267 71325 71247 71273 71143 71232 71269 71238 71322 71260 71237 71215 
71036 71073 71073 70989 71059 71086 71155 71083 70968 71123 71048 71071 71016 71005 71237 71104 71054 71054 71112 71073 
70975 70956 71015 70853 70892 70930 70890 70995 70964 70909 70938 70888 70885 70970 70938 70901 70984 70931 70924 70967 
70798 70706 70770 70838 70789 70750 70844 70768 70736 70700 70885 70766 70766 70808 70764 70814 70798 70839 70737 70854 
70716 70698 70591 70655 70797 70670 70717 70632 70771 70731 70610 70655 70628 70727 70684 70635 70691 70616 70692 70678 
70630 70547 70558 70494 70566 70588 70554 70619 70530 70605 70561 70559 70516 70616 70550 70550 70606 70608 70602 70613 
70536 70444 70478 70509 70488 70457 70481 70529 70557 70466 70538 70459 70467 70454 70431 70479 70497 70457 70459 70463 
70432 70360 70367 70389 70494 70407 70409 70384 70405 70432 70358 70487 70396 70355 70387 70480 70385 70424 70414 70432 
70338 70360 70326 70347 70305 70335 70347 70350 70303 70316 70344 70385 70319 70364 70326 70365 70320 70299 70401 70356 
153869 159884 159750 158088 156441 149126 149256 158666 176506 163559 170930 147290 162128 152703 157142 153225 151429 158781 159383 162999 
165828 155447 147314 148760 158828 159607 154719 155054 155280 152639 151654 152684 150408 152430 147880 161596 154982 165716 170087 152957 
158257 155444 156049 152905 150688 150554 153992 166580 154515 160626 149223 164020 165859 150772 151427 163607 146415 153463 152267 161537 
158597 147403 151283 154919 155253 162003 152891 152906 160907 157376 148056 154249 151677 152944 149028 178749 151472 147233 156829 154802 
159566 149606 147377 148734 172868 155679 146992 153744 148395 159704 152128 160744 156289 159923 151096 162710 155599 149905 156963 157230 
165651 167348 146481 153324 158104 150730 151426 153447 159641 160276 164585 160792 150784 148767 156076 157281 163816 157192 153006 169472 
151774 159825 156198 157033 167279 146245 146497 152663 150787 166804 147105 168492 150936 170990 147633 156287 158105 152023 167381 155228 
156495 147799 160608 154189 153808 167258 152179 151210 162823 165886 161376 159727 155011 158647 164011 153562 148362 170726 150225 156014 
151900 153920 151066 156336 153278 150053 163043 173244 150098 154516 152099 162567 154039 159070 151161 148358 151395 154376 145099 152606 
156492 155638 170775 156514 160315 163838 160331 151312 150767 156093 150150 147582 142114 170383 152265 156345 160574 156349 168595 152901 
155491 150187 149675 155215 156127 156695 167999 149056 151426 155935 167271 151298 172128 154712 162348 152291 160513 153307 156426 153984 
157235 154007 151143 154005 157652 151325 170112 158516 149574 152676 153928 159081 160484 158819 161947 160299 152756 162977 154788 151960 
160920 150200 153809 154311 151859 162721 150184 158745 157560 153676 154665 153102 159238 154238 154593 146560 156421 166885 164383 162509 
149235 158632 156711 148473 154616 152033 157839 153657 147837 156015 161542 154511 147603 162536 153029 167580 163234 144035 149372 153503 
151424 162651 148877 165135 158271 154034 151824 146749 147446 153124 146616 175491 155136 161911 163116 159865 148281 157505 164767 168360 
153337 174372 153162 153648 143017 160938 154380 152302 170363 148808 154388 149794 152302 160562 155555 161524 175978 147329 163422 173356 
155051 145536 161646 148835 164117 152137 150634 156378 152615 169345 153862 159530 147308 155540 159318 170861 157895 161290 158267 160796 
155045 148978 148121 158058 157306 149181 154860 150590 152274 148295 151437 146936 147226 159487 155038 148060 159238 154474 158535 144141 
157110 160985 151869 154718 154623 153279 150713 145698 154251 159832 165594 162313 160355 161616 151406 162585 157019 155463 165581 160148 
174653 150796 162863 148231 149661 156372 144687 151006 155369 166073 158315 167298 177807 155995 155752 162813 160197 149563 149296 146108 
164950 162948 150407 152970 160855 159137 152611 174574 159360 162066 162476 150174 163535 169944 146679 147034 161671 162295 157101 155436 
172612 171362 171757 171630 171553 171846 172115 171961 172220 171626 172337 171824 171468 171711 171929 171513 172786 172981 171683 172158 
107521 108956 107743 108479 108038 107512 107844 108766 108099 109206 109309 107182 109185 108957 109017 108706 108805 108085 108844 108251 
91443 90817 91689 91566 90364 91762 91888 90086 91263 91703 90966 91902 91355 91682 90306 90297 91563 90659 91473 90886 
81706 82502 81971 82646 82550 81578 82572 82551 82033 81779 82245 82503 81680 82126 82486 81944 82974 83215 81187 82344 
76750 76564 77169 75707 76928 75471 76907 76606 76585 76198 76784 76788 76631 77413 76374 76819 77029 76406 76020 76488 
72719 72952 72905 72440 72333 72636 73210 72606 72305 72569 72490 72426 72533 72282 72958 72696 72999 72436 72830 72516 
70123 70047 69910 70028 70125 69773 70130 70221 69649 70346 70025 70061 70227 69923 70417 69995 70462 70319 69880 69358 
67940 67757 68151 67798 67897 68064 67887 68480 68120 67928 68081 67772 68102 67994 68179 68008 68216 68149 68356 68119 
66707 66588 66792 66855 66870 66633 66708 66446 66538 66870 66494 66556 66422 66494 66729 66402 66715 66706 66717 66719 
65216 65449 65941 65508 65656 65407 65513 65725 65031 65406 65492 65345 65297 65783 65625 65360 65523 65281 65021 65776 
64277 64580 64106 64620 64397 64398 64587 64436 64428 64357 64495 64450 64225 64412 64473 64860 64392 64430 64343 64441 
63561 63926 63582 63428 63469 63874 63682 63778 63444 63683 63986 63750 63836 63596 63669 63466 63617 63735 63927 63492 
62760 63173 63102 63036 63053 62918 62879 63041 63071 63111 62968 63018 62976 62938 62917 62965 63260 62837 63005 62829 
62337 62624 62506 62385 62369 62269 62525 62386 62347 62567 62283 62308 62324 62200 62667 62287 62596 62310 62402 62422 
61962 61932 62132 61828 61799 61867 61734 62028 61904 61876 61835 61986 61785 61978 61942 61852 62120 61856 61930 62011 
61345 61533 61431 61488 61480 61424 61504 61506 61224 61398 61621 61393 61541 61578 61398 61453 61386 61676 61337 61489 
61187 61013 61082 61070 61359 61150 61284 61117 61203 61314 61096 61110 60771 61101 61119 61033 61098 60953 61276 61110 
60953 60851 60646 60592 60787 60690 60788 60720 60916 60942 60739 60825 60696 60836 60598 60757 60687 60796 60814 60792 
60576 60399 60534 60490 60421 60576 60493 60588 60722 60462 60558 60460 60527 60499 60477 60487 60510 60559 60592 60479 
60198 60254 60187 60298 60392 60293 60250 60305 60265 60202 60180 60387 60163 60156 60172 60382 60198 60356 60368 60330 
60004 60034 60080 59967 60070 59898 60039 60071 60010 60027 60110 60032 60032 60067 60022 60027 59975 59954 60138 59950 
120237 120382 120236 120332 120319 120286 120336 120203 120221 120234 120246 120203 120205 120230 120347 120293 120276 120278 120325 120271 
50344 50341 50526 50500 50956 50049 51143 51073 50824 50463 50152 50321 50418 50429 50675 50568 50492 50500 50735 50114 
45963 46124 46395 46734 46264 46363 46545 46116 45920 46463 46459 46333 45912 46351 46080 46159 46017 45905 46053 46047 
44285 44283 44167 44302 44084 44178 44230 44210 44187 44553 44271 44028 44197 44139 44250 44435 44294 44222 44235 44068 
43274 43051 42761 43129 43287 42868 43424 42960 42901 43219 43192 43102 43110 43427 43122 42821 43123 43214 43149 43033 
42534 42399 42385 42382 42213 42254 42378 42312 42216 42365 42168 42395 42349 42222 42312 42271 42192 42539 42336 42432 
41877 41652 41829 41794 41660 41883 41799 41988 41719 41946 41913 41757 41948 41740 41933 41980 41883 41818 41920 41791 
41350 41440 41624 41489 41412 41584 41348 41382 41430 41350 41392 41384 41480 41415 41519 41362 41386 41278 41351 41526 
41197 41204 41221 41156 41102 41049 41136 41062 41212 41266 41136 41251 41049 41180 41089 41013 41071 41021 41242 41282 
40913 40805 40814 40923 40894 40898 40774 40871 40848 40925 40840 40809 40879 40957 40870 40645 40755 40861 40758 41011 
40545 40717 40640 40642 40590 40601 40550 40667 40517 40641 40570 40629 40502 40511 40627 40655 40603 40701 40705 40667 
40472 40439 40363 40406 40423 40333 40380 40375 40450 40425 40588 40360 40406 40383 40439 40455 40395 40463 40426 40547 
40274 40428 40325 40233 40292 40211 40311 40247 40360 40289 40376 40239 40290 40321 40219 40226 40330 40182 40346 40196 
40072 40142 40076 40158 40064 40064 40238 40123 40204 40210 40178 40089 40085 40068 40096 40073 40173 40172 40234 40142 
39949 39965 40057 40052 39910 39994 40025 39910 39959 39977 39975 40065 39993 39945 39839 39946 40046 40052 39876 39967 
39877 39861 39823 39785 39942 39774 39859 39878 39857 39804 39874 39852 39851 40060 39903 39786 39862 39916 39905 39944 
39848 39695 39695 39603 39795 39662 39819 39772 39769 39855 39721 39809 39701 39801 39656 39705 39691 39770 39852 39764 
39674 39642 39603 39604 39649 39639 39710 39693 39692 39784 39631 39688 39687 39739 39702 39702 39717 39658 39736 39705 
39609 39571 39587 39705 39546 39530 39359 39570 39642 39402 39516 39558 39503 39546 39548 39455 39561 39617 39540 39573 
39567 39369 39484 39435 39379 39403 39393 39618 39437 39420 39530 39352 39479 39412 39446 39399 39477 39413 39564 39344 
39280 39419 39355 39407 39376 39215 39424 39391 39191 39363 39372 39478 39477 39276 39244 39353 39358 39359 39435 39204 
125994 125910 126001 125979 126003 126057 125909 126024 125983 126051 126147 125992 125982 125954 126025 126088 126046 126162 126132 126095 
93224 93539 93901 93528 94505 93480 93250 93717 93555 94205 93642 93252 93951 93707 94043 94159 93840 93099 93163 92347 
88625 88096 89049 89330 87964 88773 87448 87675 88154 88393 89154 88256 87958 87860 87703 87930 87818 87739 88357 88416 
84474 84912 85853 85660 85523 84512 86268 83881 85085 84954 85054 84250 85242 84916 85433 83824 84668 86599 84554 85747 
80923 80352 80136 80683 80891 77991 79475 80768 81313 79855 81412 81812 79785 81152 79880 81190 79510 81301 80269 80269 
76624 76876 76397 75897 74039 76186 76693 76174 74513 77369 76368 74366 77167 75864 77047 76125 75873 75897 76151 74864 
74063 75636 75013 75236 73471 73777 74328 74351 73387 73311 73758 73593 74116 73394 74377 73265 74737 74365 72689 72791 
72564 73749 71602 72724 73143 73104 72765 74103 72412 72275 73223 73463 72168 73045 73327 73826 72768 72132 73788 74068 
72491 72842 72140 73236 72234 72591 73097 72602 73269 72080 72487 73781 71100 71792 72080 72423 73792 72299 72121 71232 
71744 71583 71964 71541 71795 71478 72078 72194 69612 70822 72008 71195 71022 72074 71398 69500 72964 72282 71065 73178 
71198 71053 71069 70734 69875 69843 69798 70926 69445 68850 71352 69413 67895 69116 71002 70920 70820 69852 71242 69204 
65947 69120 69248 68284 66435 69874 71426 69450 68161 67460 69862 71636 69182 66529 69667 67553 68157 66348 70333 65938 
62344 70133 64901 65392 66817 63645 66140 66351 65125 64999 67809 65374 63095 66399 64363 65815 67418 65395 65296 62442 
60655 64879 64520 61564 61468 64141 67014 64251 61947 63096 61057 61029 61212 60361 65953 61846 62733 61075 61667 64291 
61065 61720 64394 58134 59298 59978 59951 62938 58967 60143 60836 60873 60669 63791 62036 58723 61254 60231 61670 62305 
58886 58656 60173 59810 57623 60198 59157 61343 58434 60552 61756 60464 60083 60903 58595 59079 59910 61473 58165 59792 
59049 58623 56916 56986 59425 58447 58438 56917 59915 60578 61076 58238 55776 57966 55868 58078 59660 56634 59322 56798 
59454 60879 56855 58596 58532 57653 57353 57478 57407 57411 57921 57978 56851 57180 59383 57238 57488 59843 57067 59250 
58456 56647 58087 56516 57917 57515 56902 56238 57881 57945 57302 58347 57197 56911 57588 56713 57362 57411 58049 56678 
56186 56567 56649 56230 57139 56487 56317 58385 57496 56749 56237 56687 56904 56539 56066 56950 56899 56707 58773 57133 
57340 56796 57692 56050 56540 57821 56319 56417 56008 57237 57038 57027 56658 56570 57054 56783 56987 57112 57622 56633 
248545 247324 249470 250812 248217 249415 249542 250795 249552 248025 248527 249552 249299 248713 246845 246611 250590 250535 246237 248563 
150211 153225 151974 154166 153987 153367 153139 152340 152718 153292 152244 152434 154733 155059 155713 153101 150712 150118 151329 150833 
111245 110059 112976 113328 109394 109829 110136 109408 110685 112464 111290 112495 110752 110787 107422 110967 111597 110107 110199 109498 
88820 87516 87829 88850 90948 87253 89904 87973 87547 88262 88661 89275 87962 88311 88839 88590 88700 91247 87792 88674 
75920 74657 74663 73363 77208 72031 76006 76198 75031 74638 75554 75649 75063 76912 75398 76136 75439 74849 74673 75133 
66149 66173 67212 66881 65558 67542 68170 67026 65230 67041 65575 65560 66315 65315 67023 66293 67319 66076 66664 66076 
60042 61166 61165 60741 60586 59700 60331 60467 59352 61261 61287 59988 61096 60691 61231 60619 61140 61185 60696 59191 
55773 55255 56848 55509 55187 56206 55884 56567 56122 56011 56545 55498 56596 56623 55877 56016 56608 56447 57169 56058 
52794 53274 53484 52968 54178 53211 53100 52363 52862 52685 52871 53054 52630 52668 53140 51979 53401 52584 53453 53373 
49645 50512 51175 50470 50616 50138 50400 50993 49042 49416 50263 50615 50272 50663 50451 49851 50628 49648 49307 51076 
47903 48285 47275 48747 48075 47776 48184 47988 47722 47516 47728 47892 47379 48120 47808 48981 47713 48566 48341 48421 
45893 46924 45701 45699 45793 46307 46609 46276 45976 46056 46364 46426 46311 45805 46777 45896 46413 46237 46790 45964 
44332 44354 44892 45056 45255 44416 44707 45116 44527 44325 44934 44428 44747 44549 44786 44731 45247 43976 44609 44069 
42799 43759 43384 42648 43219 43058 43430 43251 43215 43586 43107 42733 42995 42944 43403 43071 43640 43009 43579 43611 
41950 41858 42254 41384 42636 42125 41737 42459 42538 42625 41922 42327 41775 42375 42002 41823 42450 41878 42046 42190 
40803 40603 41060 41285 40886 40718 41022 41117 40389 40224 41562 40861 40968 40770 40455 41071 40893 41655 40676 41199 
40582 40218 39713 40027 40885 40423 40320 40255 40379 40521 40757 40283 39076 40126 39843 40059 40317 39960 40925 40565 
39973 39468 38571 39158 38948 39469 39386 38970 39807 39360 39236 39178 39385 39305 39064 39318 39103 39397 39165 39404 
38717 38671 38617 38375 38439 38606 38816 38482 39198 38755 38451 38770 38877 38342 38709 38626 38714 38340 38788 38696 
37654 37465 37376 37924 38696 37705 37985 38670 38096 37887 38101 38337 37633 37801 38183 38160 37798 38493 38489 37771 
37643 37521 37384 37066 37383 37206 37635 37709 36903 37644 37958 37418 37781 37259 37216 37657 37575 36941 37552 37402 
24916518 24880236 24780628 24950081 24906665 25220533 25002099 25135868 24844790 25264056 25018794 25355059 24938829 25039070 25091840 25134641 24990163 25126689 24920660 24934276 
102481 103541 111843 108062 109333 105116 109736 112430 108446 107726 105602 104471 109582 104502 109692 108121 103507 105444 108765 100017 
56873 56874 59229 61469 56890 57582 57348 56738 58055 60496 58582 59256 57117 57351 56130 56984 58295 56103 57623 57604 
40423 40997 40853 42113 42309 40321 42880 41298 40447 41695 42087 41639 40263 41554 42095 41313 41123 43519 39922 41751 
33674 33193 33156 32199 34344 31367 33467 34050 33783 32466 33320 33267 33083 34541 33037 33693 33399 32843 32340 33115 
28145 28406 28436 28162 27521 28634 28678 28172 27489 28334 27877 27779 27938 27481 28352 28018 28423 27766 28387 27850 
24817 25125 24823 24989 24843 24761 25088 24851 24435 25200 25016 24834 25088 24732 25509 24793 25292 25237 24589 24017 
22208 22135 22653 22170 22250 22636 22214 22951 22564 22547 22641 22350 22506 22444 22636 22495 22634 22601 22954 22530 
20935 20903 21157 21142 21176 20984 20920 20687 20809 21089 20879 20893 20670 20835 21059 20665 20996 21001 21072 21027 
19247 19574 20170 19637 19732 19658 19575 19864 19128 19516 19616 19571 19369 20005 19800 19484 19827 19518 19149 20047 
18309 18723 18221 18642 18516 18411 18506 18440 18372 18393 18480 18428 18194 18364 18584 18895 18502 18445 18391 18432 
17523 17986 17607 17516 17386 17784 17600 17610 17403 17679 17953 17796 17813 17497 17718 17387 17602 17707 17935 17434 
16717 17108 17017 16946 17040 16783 16913 16867 16904 17009 16936 16934 16773 16836 16894 16893 17223 16760 16891 16687 
16192 16535 16352 16246 16245 16179 16375 16270 16226 16420 16163 16194 16169 16109 16496 16139 16486 16232 16243 16383 
15813 15800 15937 15635 15635 15730 15581 15794 15771 15731 15650 15829 15587 15900 15721 15703 15894 15678 15828 15872 
15133 15303 15333 15303 15282 15240 15347 15334 15008 15211 15530 15238 15423 15396 15277 15181 15165 15562 15152 15263 
15001 14787 14784 14838 15109 14926 15121 14929 14997 15082 14862 14937 14558 14946 14943 14892 15040 14772 15070 14886 
14800 14633 14456 14408 14562 14468 14586 14525 14709 14684 14549 14602 14455 14623 14459 14464 14490 14593 14600 14547 
14322 14187 14346 14242 14177 14311 14271 14269 14452 14236 14327 14151 14329 14215 14220 14222 14253 14284 14338 14282 
13911 14036 13978 14060 14201 14102 14012 14039 14034 13950 13967 14295 13921 13864 13926 14043 13994 14150 14110 14053 
13781 13775 13827 13655 13800 13715 13816 13779 13744 13803 13875 13768 13767 13817 13756 13769 13764 13691 13868 13674 
226417 225877 225895 225839 225770 226599 225804 225934 226190 224984 225638 226079 226030 225509 226555 225968 226082 225865 226029 226078 
67003 67376 68765 68353 68573 67277 68644 68511 68566 68356 68154 67620 68838 68220 69050 68348 67651 67431 68119 66630 
52595 52556 53311 53895 52186 52777 52493 52506 52653 53580 53140 53459 52448 52660 52174 52968 52689 52450 52710 52350 
44832 45151 44934 45410 45481 44624 45595 45176 44827 45302 45312 45488 45010 45239 45417 45082 45277 45911 44723 45237 
40751 40565 40138 39977 40726 39387 40556 40702 40712 40131 40181 40340 40256 41247 40091 40706 40682 40540 39940 40526 
36944 37128 37085 37049 36936 37272 37021 37203 36613 37323 36886 36901 36957 36669 37015 37208 37111 36727 37093 36847 
34556 34823 34589 34495 34631 34403 34505 34463 34417 34835 34640 34631 34470 34489 35044 34522 34875 34784 34549 34044 
32433 32538 32711 32328 32682 32817 32413 32859 32589 33026 32820 32759 32888 32698 32719 32623 32838 32809 33020 32593 
31320 31260 31460 31355 31487 31119 31337 31068 31302 31538 31281 31189 31144 31084 31439 30990 31342 31382 31581 31349 
29907 30209 30583 30128 30333 30077 30264 30434 29657 29965 30067 30162 30002 30426 30371 30011 30231 30032 29802 30481 
29096 29322 28783 29263 29092 29193 29118 29157 29061 29090 29143 29089 28782 29227 29200 29408 29110 28975 28944 29054 
28233 28400 28317 28090 27983 28462 28253 28148 28201 28338 28571 28257 28450 28127 28198 28024 28246 28297 28577 28100 
27267 27573 27581 27631 27550 27474 27566 27569 27553 27566 27639 27663 27516 27474 27443 27515 27793 27318 27579 27226 
26738 27054 27019 26768 26814 26734 27053 26896 26816 27031 26660 26846 26934 26629 27105 26724 27080 26739 26889 26973 
26384 26412 26606 26291 26352 26521 26222 26273 26349 26218 26370 26334 26199 26469 26373 26286 26569 26354 26410 26482 
25706 25807 25880 25915 25840 25807 25916 25980 25632 25664 26058 25767 25965 25919 25860 25791 25774 26180 25768 25885 
25610 25412 25436 25350 25713 25536 25633 25460 25649 25513 25345 25411 25084 25515 25390 25410 25429 25352 25619 25479 
25226 25197 25021 24955 25091 25046 25224 25048 25335 25178 25014 25099 25020 25017 24892 24968 24810 25127 25206 25055 
24760 24706 24754 24694 24519 24757 24767 24679 25010 24669 24853 24657 24774 24822 24683 24698 24763 24728 24802 24777 
24433 24498 24317 24467 24721 24449 24550 24448 24475 24349 24452 24594 24426 24359 24436 24525 24398 24532 24489 24563 
24180 24292 24207 24203 24207 24121 24195 24272 24141 24258 24247 24167 24190 24279 24243 24293 24161 24042 24275 24097 
358939 362309 368241 367828 361688 370187 381244 360534 361293 356586 372692 369105 360016 377902 369032 360625 381937 362685 365265 371966 
89451 89635 91620 90318 91328 89778 91819 91556 91169 90621 89784 91066 91021 90579 92099 90545 89541 89085 90533 89587 
68363 68532 69753 70488 68222 68604 67455 69377 68772 69814 68552 69810 69205 68456 67872 69430 69043 68727 69559 68495 
57993 58779 58378 59974 59339 58227 59989 58484 57888 59424 58538 59536 58388 58513 58732 58221 58496 59904 58209 59127 
52584 52260 52156 51675 52286 50753 52596 53223 53156 52215 52532 51849 52640 52957 52154 52427 52404 52482 51916 52469 
48304 48188 48121 48384 47625 48501 48184 48248 46884 47750 47205 48254 47997 46993 47711 47314 47704 46818 47780 47407 
44268 45034 44253 44835 45026 44744 44596 44161 44222 45127 44928 44803 44737 44501 45089 44214 45076 44827 44272 43626 
42331 41783 41602 42046 41866 42103 41269 42170 41959 42640 42110 42600 41850 42212 41834 41579 42606 41967 43151 42227 
40175 40277 40564 40560 40936 40440 40677 39785 40268 41047 39960 40451 40287 40034 40281 39720 40381 40759 40285 40178 
38207 38475 39419 38863 38828 38311 38628 39122 38573 38525 38691 38774 38356 39044 38967 38207 38717 38742 38395 39101 
37146 37559 36469 37264 37144 37483 37692 37327 36754 37361 36847 37225 37098 36993 37392 37733 37170 37007 36656 37580 
35891 36455 35866 36016 35810 36377 36187 35929 35942 35711 36395 36284 35965 36142 36376 35595 35465 35806 36339 35812 
34589 34922 34782 35966 34685 35074 34765 34902 34957 35133 35227 34824 34771 35140 34907 34911 35010 34603 35062 34596 
33609 34060 33932 33865 34026 33924 34460 34266 33730 34462 33508 34067 34037 34203 34337 33812 34217 34475 33866 33856 
33243 33019 33317 33299 32780 33501 33183 33515 33566 33380 33245 33308 33102 33378 33235 33447 33443 32946 32725 33324 
32203 32590 32697 32720 32196 32393 32543 32565 32443 32155 32738 32728 32815 32876 32173 32066 32383 32995 32298 32379 
32238 31382 31881 31776 32200 31466 31886 32428 32289 32058 32148 31903 31686 32110 31545 31431 31553 31667 32094 31996 
31311 31665 30859 31164 31124 31303 31363 31024 31977 31102 30914 31056 31250 31647 30899 31350 30959 31138 31362 31195 
30801 31201 30999 30652 30279 30913 30573 30737 31096 30502 30935 30617 31153 30493 30935 30420 30992 31020 30861 30917 
30266 29871 29989 29910 30577 30298 30435 30339 30446 30106 30340 30639 30447 30065 30075 30457 30086 30079 30107 30371 
29637 29939 29791 29432 29685 30136 29791 29846 30131 29937 29722 29936 29953 29664 29558 29974 29729 29539 29935 29621 
308949 309335 308040 309111 309102 308841 309710 307856 309208 310892 309045 309737 307875 309052 309172 308984 309340 309062 308834 309282 
79134 80198 80675 80418 80834 79926 80249 80846 80256 80519 80072 79710 81095 80659 81201 80770 79332 79595 80540 79157 
61263 60918 62205 62300 61190 61282 60790 61251 61480 61866 61464 62002 61238 61520 60616 61091 61676 60318 61280 60689 
51782 51824 51720 52100 52331 51350 52632 51977 51604 52345 52178 52155 51591 51726 52026 51977 52134 52901 51085 52257 
46765 45746 46384 45501 47067 44990 46638 46611 46230 45557 46123 46171 46067 47022 45894 46353 46451 46177 45865 46018 
42056 42136 42437 42234 41612 42546 42244 41933 41543 42041 41580 41855 42032 41562 42210 41785 42448 41724 41979 42020 
39124 39396 39002 39201 39108 38817 39271 39203 38679 39287 39047 38823 39294 38992 39710 39537 39413 39367 38859 38263 
36393 36566 37038 36743 36573 36985 36614 37032 36764 36806 36811 36648 37008 36714 36884 36884 36740 37138 37025 36839 
35072 35190 35160 35421 35389 34986 35135 34925 35033 35400 35403 35278 34949 34972 35316 34870 35297 35297 35327 35578 
33619 33624 34164 33712 33921 33836 33870 33875 33076 33619 33653 33702 33504 34221 34236 33690 33912 33534 33435 34019 
32206 32792 32283 32684 32497 32390 32536 32510 32353 32387 32646 32479 32132 32305 32480 32905 32283 32524 32508 32378 
31383 31819 31384 31247 31295 31461 31478 31582 31283 31381 31777 31434 31633 31328 31481 31162 31348 31530 31755 31185 
30338 30670 30628 30625 30650 30490 30519 30606 30693 30573 30531 30639 30374 30488 30641 30799 30907 30517 30610 30398 
29644 30183 29832 29795 29691 29595 29892 29883 29902 30023 29677 29767 29762 29516 30058 29570 29930 29702 29853 29805 
29035 29284 29325 29097 29002 29126 28938 29359 29367 29197 29041 29270 28993 29328 29084 29029 29524 29116 29222 29305 
28336 28600 28510 28415 28541 28382 28504 28490 28222 28369 28799 28344 28552 28666 28550 28500 28322 28781 28534 28466 
28137 27917 27954 27873 28350 27968 28257 28130 27973 28210 27908 27879 27555 28015 27965 27899 28254 27717 28243 27925 
27611 27517 27328 27325 27468 27507 27566 27411 27794 27823 27528 27588 27438 27583 27424 27485 27488 27612 27642 27427 
27064 27048 27319 27233 26925 27131 27124 27149 27380 27043 27148 27092 27182 27086 27077 27112 27167 27149 27243 27080 
26724 26781 26724 26875 26991 26835 26753 26837 26819 26653 26566 27232 26653 26545 26586 26949 26781 27007 26919 26905 
26335 26297 26414 26281 26484 26231 26422 26499 26326 26419 26513 26457 26526 26408 26421 26305 26316 26363 26457 26210 
178377 175944 175447 178709 176085 177364 176965 176836 177562 174349 177332 176992 177871 178527 176447 177563 177162 176753 176600 177459 
92270 92596 93056 93439 93172 92606 92928 94088 92645 93090 92606 93168 93906 93367 94029 92520 92032 93207 93753 92603 
77143 77123 78238 78079 77042 77829 77336 77001 77552 78218 78090 77838 77521 77541 77370 76910 77157 77227 77537 76532 
67673 68218 68178 68756 68646 67416 68788 68754 67764 68347 68073 68526 68210 68247 67953 68179 68798 68784 67811 68891 
62242 61520 61792 60770 63004 60752 62668 62354 62699 61118 61777 62073 61825 62443 61360 62254 61804 62149 61234 61886 
56901 57132 56772 57013 56661 57121 57434 56694 56134 57036 56663 56751 56427 56203 56878 56740 57528 56430 56507 56345 
53026 52848 53112 53400 52883 52449 53970 53397 52553 53112 52969 52932 53390 52871 53618 53328 53416 53842 52885 51942 
49858 49262 50003 50159 49395 50027 49581 50541 49305 50510 50063 49776 50480 50252 50123 49343 50386 50221 50452 49382 
47563 46887 47532 47694 47516 47774 47581 47388 47498 47559 47925 47431 47181 47244 47963 46562 47491 47705 47704 47817 
44943 45082 46245 45080 45471 45337 45861 45729 44891 45391 44951 45245 45014 45935 46158 45172 45594 45312 45232 45622 
43032 43357 42954 43252 43185 43837 43367 43441 43213 43302 43468 43407 42477 42912 43483 43995 43087 43064 43296 43745 
41841 42235 41945 41377 41629 41801 41650 42012 41393 41976 42532 41800 42021 41114 41976 40924 41930 41725 42099 41553 
39690 40013 40679 40431 40809 40222 40191 40489 40098 40489 40257 40666 39940 40240 40777 40297 40820 40129 40404 39533 
38866 39387 38888 38936 39011 38853 39019 38926 39203 39358 38645 38763 38901 38898 39204 38837 39397 39064 39061 38897 
37827 37858 38002 38072 37493 38049 37464 38235 38351 37888 37842 37797 37801 38288 37871 37476 38402 37512 37836 38133 
36774 36828 37200 36761 36878 36424 36620 36917 36368 36484 37059 36614 36696 36922 36693 36929 36261 37183 36487 36617 
35712 35714 35526 35797 36534 35914 36559 36057 36117 36259 35849 35733 34903 36026 35720 35441 35884 35578 36070 35881 
35490 35344 34439 34739 34894 34870 35092 34937 35626 35621 35034 34865 34896 35218 34628 35066 34897 35159 35257 34835 
34636 34194 34595 34446 34016 34425 34608 34352 34441 34186 34029 33945 34444 34241 34106 33886 34170 34410 34594 34309 
33725 33374 33398 33470 33855 33724 33912 33416 33667 33452 33388 33980 33501 33214 33409 33807 33624 33939 33620 33606 
32726 32964 32924 32526 33121 32522 33128 33102 32690 32735 33502 32551 32969 33150 33232 32588 33133 32403 33021 32482 
