MergeSort QuickSort TimSort OESM Cook_Kim LIS BothAlgo 
7 21 100
6805 6792 6645 6807 6687 6670 6667 6700 6781 6789 6671 6663 6636 6594 6642 6734 6794 6998 6702 6696 6804 6793 6706 6807 6731 6747 6782 6650 6748 6743 6791 6696 6713 6694 6733 6749 6967 6759 6594 6809 6698 6670 6778 6716 6731 6675 6694 6749 6787 6748 6650 6599 6811 6836 6731 6739 6828 6604 6799 6711 6840 6924 6709 6678 6587 6625 6795 6733 6883 6735 6778 6634 6646 6760 6625 6704 6718 6798 6856 6643 6611 6756 6771 6751 6755 6734 6711 6614 6757 6681 6743 6812 6617 6780 6683 6704 6896 6651 6636 6687 
6079 6250 6128 6187 6191 6163 6153 6082 6103 6127 6127 6273 6130 6103 6124 6203 6124 6121 6147 6143 6140 6173 6148 6195 6096 6250 6115 6125 6178 6101 6235 6072 6197 6175 6095 6161 6251 6132 6145 6076 6035 6162 6116 6178 6243 6164 6104 6190 6243 6089 6222 6196 6116 6134 6221 6132 6166 6246 6049 6174 6156 6118 6171 6108 6138 6172 6093 6090 6199 6207 6113 6188 6250 6258 6156 6160 6146 6195 6266 6199 6144 6179 6151 6112 6269 6139 6224 6107 6113 6200 6097 6156 6109 6102 6066 6049 6148 6151 6141 6100 
5941 5861 5970 5921 5911 5880 5923 5932 5934 5882 5892 5862 5875 5925 5875 5857 5863 5889 5885 5883 5874 5861 5842 5919 5829 5795 5863 5803 5876 5906 5825 5949 5887 5890 5890 5938 5845 5909 5924 5958 5930 5930 5959 5885 5871 5862 5915 5926 5935 5853 5958 5891 5943 5825 5895 5837 5811 5893 5842 5824 5921 5907 5957 5882 5892 5837 5940 5866 5959 5923 5959 5911 5870 5942 5865 5883 5912 5861 5853 5875 5884 5863 5845 5908 5971 5870 5916 5935 5820 5912 5869 5847 5872 5931 5911 5942 5862 5928 5859 5926 
5764 5700 5717 5694 5641 5743 5786 5686 5720 5684 5714 5691 5737 5749 5746 5738 5671 5757 5680 5640 5725 5815 5723 5688 5701 5785 5701 5761 5742 5683 5742 5759 5789 5707 5744 5745 5708 5720 5749 5687 5660 5761 5760 5708 5681 5728 5764 5725 5711 5692 5731 5704 5734 5737 5798 5757 5720 5677 5691 5688 5752 5789 5748 5664 5749 5721 5726 5718 5741 5699 5716 5769 5719 5786 5771 5755 5684 5778 5743 5743 5753 5719 5665 5689 5676 5751 5721 5697 5753 5672 5754 5724 5674 5784 5717 5798 5796 5729 5711 5793 
5553 5571 5611 5642 5616 5601 5585 5597 5576 5646 5584 5567 5624 5570 5598 5612 5562 5591 5620 5582 5606 5643 5639 5612 5614 5607 5577 5625 5555 5584 5585 5647 5555 5595 5626 5587 5574 5630 5573 5619 5590 5629 5619 5646 5615 5618 5648 5605 5653 5620 5653 5614 5616 5613 5601 5585 5578 5628 5654 5630 5694 5618 5598 5662 5573 5639 5609 5641 5578 5667 5609 5680 5695 5652 5572 5618 5630 5705 5618 5602 5642 5603 5617 5557 5625 5596 5631 5608 5594 5600 5636 5636 5579 5541 5612 5598 5622 5608 5591 5560 
5541 5516 5580 5517 5561 5554 5504 5526 5551 5525 5533 5534 5483 5546 5513 5540 5504 5534 5511 5566 5534 5544 5504 5520 5570 5522 5546 5587 5533 5539 5563 5499 5507 5510 5590 5534 5522 5495 5544 5500 5571 5533 5523 5513 5537 5528 5526 5547 5570 5497 5559 5538 5513 5547 5535 5505 5537 5531 5531 5549 5530 5571 5520 5521 5481 5511 5505 5560 5572 5534 5552 5522 5500 5574 5510 5537 5578 5494 5515 5542 5494 5554 5541 5504 5466 5504 5514 5518 5553 5499 5509 5562 5513 5497 5525 5499 5515 5521 5559 5479 
5434 5450 5478 5470 5434 5414 5493 5464 5494 5469 5497 5450 5486 5441 5469 5465 5517 5462 5427 5453 5483 5469 5530 5503 5444 5464 5465 5495 5501 5438 5457 5449 5492 5489 5470 5456 5460 5492 5465 5454 5461 5423 5468 5421 5464 5471 5450 5413 5472 5461 5449 5482 5446 5458 5444 5454 5506 5447 5536 5440 5477 5484 5437 5472 5445 5511 5507 5485 5470 5466 5495 5457 5493 5479 5490 5511 5412 5459 5482 5464 5458 5466 5503 5501 5437 5466 5457 5447 5433 5441 5448 5476 5453 5476 5445 5514 5465 5432 5473 5487 
5399 5401 5445 5437 5393 5404 5413 5423 5424 5437 5358 5433 5417 5385 5370 5406 5389 5373 5410 5435 5419 5428 5400 5418 5429 5416 5416 5442 5401 5390 5430 5390 5415 5386 5416 5408 5409 5410 5439 5410 5411 5391 5429 5423 5395 5442 5460 5417 5386 5403 5401 5388 5389 5368 5395 5421 5415 5411 5405 5386 5418 5389 5392 5474 5437 5376 5423 5389 5443 5372 5400 5431 5399 5436 5416 5419 5379 5429 5415 5452 5379 5420 5387 5383 5453 5433 5434 5420 5384 5374 5431 5409 5382 5450 5418 5414 5432 5410 5415 5412 
5331 5356 5400 5316 5359 5354 5408 5383 5338 5357 5402 5338 5348 5338 5396 5391 5367 5397 5394 5347 5340 5382 5404 5394 5352 5394 5379 5378 5380 5377 5373 5377 5349 5347 5366 5392 5381 5380 5326 5333 5385 5325 5375 5346 5342 5372 5378 5419 5366 5368 5325 5354 5366 5332 5411 5356 5367 5348 5366 5376 5376 5383 5395 5383 5378 5341 5377 5346 5338 5329 5369 5365 5383 5375 5400 5366 5365 5354 5396 5403 5351 5365 5355 5373 5390 5370 5388 5382 5422 5347 5361 5395 5371 5389 5394 5396 5363 5380 5388 5386 
5343 5324 5376 5328 5347 5332 5342 5332 5287 5317 5313 5372 5317 5343 5330 5321 5360 5323 5326 5325 5332 5303 5362 5353 5369 5330 5308 5365 5288 5296 5328 5316 5320 5313 5326 5330 5340 5348 5340 5319 5342 5343 5349 5380 5312 5362 5360 5301 5359 5332 5330 5312 5317 5360 5311 5346 5374 5328 5370 5332 5337 5341 5346 5364 5331 5363 5354 5336 5333 5355 5301 5337 5321 5340 5342 5324 5317 5376 5318 5325 5364 5348 5356 5327 5318 5356 5358 5328 5316 5334 5321 5341 5336 5360 5313 5335 5317 5325 5337 5315 
5329 5304 5326 5311 5308 5294 5312 5284 5315 5315 5317 5305 5293 5308 5305 5323 5301 5303 5316 5292 5308 5313 5324 5269 5310 5295 5303 5297 5308 5312 5294 5322 5280 5299 5332 5326 5320 5305 5294 5313 5332 5281 5282 5278 5317 5297 5318 5305 5299 5299 5339 5317 5315 5312 5316 5303 5311 5323 5305 5274 5301 5305 5296 5301 5316 5314 5291 5319 5309 5267 5320 5300 5272 5304 5334 5302 5288 5266 5319 5301 5310 5314 5319 5313 5275 5299 5291 5291 5297 5310 5316 5277 5280 5299 5276 5293 5325 5304 5320 5305 
5286 5279 5313 5287 5285 5279 5284 5294 5304 5268 5274 5282 5275 5261 5257 5251 5280 5249 5305 5279 5273 5267 5261 5259 5283 5275 5277 5299 5260 5304 5302 5263 5253 5280 5269 5290 5298 5265 5273 5286 5273 5284 5278 5283 5271 5294 5267 5273 5268 5294 5282 5273 5300 5312 5275 5286 5283 5283 5299 5257 5261 5317 5267 5260 5312 5263 5277 5254 5279 5319 5273 5260 5275 5309 5260 5283 5289 5260 5303 5268 5255 5287 5288 5296 5289 5279 5316 5265 5277 5276 5271 5316 5275 5280 5292 5292 5265 5311 5298 5270 
5288 5228 5253 5264 5274 5261 5261 5257 5275 5277 5259 5243 5264 5282 5254 5269 5293 5270 5270 5280 5263 5274 5238 5227 5260 5257 5249 5279 5266 5254 5239 5266 5277 5266 5272 5259 5203 5284 5281 5270 5284 5265 5259 5267 5264 5273 5252 5248 5261 5259 5246 5268 5270 5258 5250 5256 5246 5254 5282 5262 5265 5235 5274 5255 5233 5227 5248 5244 5262 5245 5251 5269 5281 5231 5245 5287 5270 5267 5265 5276 5261 5269 5239 5260 5245 5270 5240 5257 5249 5286 5288 5270 5262 5273 5271 5280 5249 5266 5267 5274 
5250 5221 5253 5255 5247 5213 5260 5228 5227 5254 5224 5276 5248 5243 5230 5261 5254 5220 5264 5217 5260 5269 5234 5238 5225 5252 5275 5233 5256 5226 5240 5214 5242 5239 5216 5253 5241 5249 5244 5229 5236 5228 5250 5236 5265 5215 5253 5245 5242 5234 5266 5260 5237 5220 5248 5239 5222 5235 5261 5249 5225 5237 5231 5231 5256 5224 5217 5254 5242 5238 5262 5257 5266 5228 5212 5242 5233 5233 5264 5228 5244 5246 5232 5237 5231 5257 5285 5237 5267 5233 5220 5239 5243 5226 5251 5221 5208 5228 5238 5250 
5228 5212 5245 5201 5230 5236 5249 5220 5224 5210 5220 5230 5233 5225 5216 5250 5217 5244 5257 5221 5252 5250 5211 5205 5235 5212 5213 5216 5233 5239 5204 5259 5230 5236 5236 5228 5227 5238 5255 5213 5222 5227 5233 5199 5228 5226 5225 5219 5230 5236 5212 5229 5229 5221 5223 5221 5188 5208 5246 5209 5189 5217 5227 5252 5224 5241 5211 5241 5212 5229 5235 5214 5211 5225 5232 5232 5231 5209 5230 5239 5219 5203 5214 5217 5218 5243 5227 5239 5243 5248 5243 5216 5211 5213 5235 5226 5246 5213 5230 5206 
5224 5223 5222 5232 5190 5217 5199 5215 5206 5224 5214 5228 5221 5206 5218 5192 5208 5214 5217 5203 5230 5222 5238 5202 5213 5223 5224 5204 5204 5181 5183 5200 5203 5213 5200 5229 5249 5213 5208 5224 5230 5238 5223 5205 5206 5214 5227 5227 5225 5211 5227 5200 5206 5203 5190 5220 5234 5237 5208 5237 5219 5216 5195 5185 5196 5211 5208 5190 5211 5217 5186 5214 5200 5188 5205 5200 5220 5200 5219 5229 5230 5237 5216 5219 5234 5214 5196 5201 5206 5211 5216 5206 5209 5209 5201 5196 5218 5207 5221 5215 
5231 5212 5195 5189 5210 5192 5185 5200 5218 5194 5196 5184 5193 5206 5184 5208 5196 5199 5201 5204 5197 5202 5198 5198 5213 5202 5209 5209 5189 5174 5199 5201 5192 5197 5184 5184 5207 5184 5204 5204 5206 5195 5210 5202 5198 5201 5208 5190 5236 5208 5207 5206 5172 5187 5168 5161 5209 5206 5178 5183 5196 5199 5196 5214 5197 5200 5196 5187 5186 5196 5191 5183 5200 5217 5202 5196 5195 5187 5214 5201 5210 5189 5194 5217 5170 5177 5186 5210 5197 5190 5186 5200 5187 5220 5210 5221 5201 5190 5200 5204 
5192 5175 5190 5198 5198 5211 5178 5174 5192 5168 5190 5155 5200 5218 5190 5183 5174 5189 5174 5199 5188 5170 5211 5181 5173 5182 5184 5207 5168 5203 5192 5188 5178 5170 5201 5179 5189 5170 5186 5188 5184 5186 5179 5198 5202 5199 5171 5182 5174 5192 5189 5179 5177 5181 5188 5175 5186 5197 5181 5189 5191 5184 5199 5180 5189 5162 5191 5192 5183 5201 5170 5187 5180 5196 5203 5188 5193 5196 5195 5178 5190 5190 5205 5180 5192 5174 5205 5196 5191 5185 5194 5205 5207 5194 5210 5168 5182 5185 5188 5186 
5194 5177 5156 5168 5177 5168 5174 5180 5181 5182 5171 5195 5167 5175 5184 5168 5178 5172 5189 5199 5179 5165 5178 5174 5177 5199 5162 5160 5183 5171 5179 5171 5171 5192 5184 5173 5177 5180 5179 5184 5178 5178 5168 5179 5154 5168 5162 5170 5174 5185 5207 5169 5169 5183 5168 5188 5198 5194 5166 5168 5202 5175 5164 5155 5184 5151 5172 5173 5189 5166 5202 5189 5182 5174 5181 5200 5165 5178 5210 5150 5186 5164 5164 5176 5193 5163 5173 5149 5194 5179 5163 5195 5179 5173 5200 5170 5196 5178 5190 5192 
5178 5164 5154 5164 5192 5162 5163 5185 5149 5140 5173 5165 5187 5184 5167 5176 5170 5186 5187 5165 5176 5174 5164 5173 5163 5186 5157 5174 5140 5161 5171 5172 5173 5176 5174 5159 5165 5162 5167 5183 5183 5143 5173 5177 5165 5165 5162 5172 5163 5166 5158 5158 5157 5164 5160 5182 5177 5177 5193 5151 5163 5154 5165 5159 5166 5172 5175 5178 5159 5169 5166 5181 5167 5149 5176 5165 5194 5160 5180 5176 5166 5149 5162 5174 5184 5147 5156 5164 5158 5160 5187 5168 5162 5167 5184 5165 5190 5174 5147 5174 
5149 5169 5157 5169 5167 5176 5154 5148 5166 5152 5160 5160 5160 5173 5148 5161 5152 5158 5180 5157 5152 5152 5159 5164 5158 5174 5157 5167 5175 5159 5147 5158 5164 5166 5151 5161 5166 5157 5154 5149 5153 5156 5177 5167 5168 5153 5178 5157 5150 5138 5172 5170 5158 5174 5183 5172 5154 5155 5132 5179 5155 5142 5189 5148 5145 5142 5172 5153 5172 5170 5174 5155 5132 5155 5144 5150 5165 5190 5141 5157 5173 5156 5171 5160 5159 5158 5171 5154 5158 5155 5164 5148 5179 5162 5174 5150 5151 5147 5177 5162 
11016 11918 10059 11541 11116 10631 11126 10551 12454 11228 10083 10357 11404 11622 10573 10355 10991 10311 10827 11307 10441 10246 10299 11889 11351 10513 10800 10611 10808 11350 10817 10751 10965 11047 10530 10439 12294 11309 10346 9847 10900 9913 10489 11014 10848 11922 11165 11460 11181 12013 11677 11811 12934 12051 10871 10851 10235 10639 11362 11375 10366 11585 11719 10634 10635 11183 10285 11463 10712 10965 10316 10641 10346 10154 11200 11878 10358 11245 10635 11101 10557 10748 11653 10817 10137 10899 10856 11480 10712 10846 11271 10981 11220 11278 10626 10896 11164 10966 12283 9836 
10251 10987 12620 11768 11419 10352 11296 11939 10390 10702 10296 11432 11104 10148 10160 11530 10792 11057 11449 10571 10919 10521 10639 11362 10576 11638 10826 10567 11844 10531 12038 10765 11451 10683 10025 10782 11353 11140 10700 10530 11560 11373 11186 12103 10573 10373 10534 11065 11200 10513 10738 11188 11662 12260 10793 12489 10649 11248 12413 10897 11425 10492 10821 10772 11569 10704 10340 11221 11218 10202 11158 10126 11227 10955 10945 10361 10255 11014 11654 10753 10641 11400 11167 10275 11935 11392 10684 11345 10558 10695 10811 12300 10186 10835 10862 12534 10231 11036 11158 9966 
11005 10195 12732 11133 10535 10843 10573 10654 11285 10650 10265 10057 10997 11254 10877 10917 10157 10811 10287 10533 10471 11238 11402 10996 11365 10196 11099 11306 10233 10153 10171 12479 10230 11284 10591 11194 10293 12498 11136 11024 12627 10706 11185 12036 11073 11736 10438 11196 10311 11442 11124 12784 10740 11368 10586 10839 10040 11018 11335 10705 10850 10493 11239 10697 11540 10813 10627 12683 11820 10331 11026 11015 10811 10828 10503 10966 10513 11450 10553 10109 11477 11962 10364 11175 10847 11214 11086 10543 10605 10208 11725 10799 11900 11295 10338 10697 10544 11758 11245 11286 
11025 11111 11078 11585 11654 11937 11217 10735 10723 10235 10063 11189 10634 10632 11407 10537 11258 10399 11617 10722 10774 9987 11195 11613 10586 10417 10052 10550 10287 10625 11032 11082 11720 11396 11654 10951 11172 10419 10507 10121 10602 11463 10753 11311 10908 11915 10551 11163 11364 10057 12620 10196 10214 10043 10412 10542 10378 10423 10654 10277 11114 10759 11257 10358 10930 11123 10934 11268 10980 11866 10549 11434 10466 10695 10601 10341 11390 10621 11361 10636 10601 10947 10297 11158 13398 10350 10849 11581 10880 12167 11050 11237 11998 10833 10837 10695 11320 11219 10944 10558 
10705 11607 10349 10070 10206 11583 11387 12851 11450 11042 11938 10759 10554 11445 11576 11932 9924 10319 11347 11624 11146 12005 10288 10287 11131 11929 12106 11378 10228 12010 11108 10648 10419 10088 10571 11312 10575 10570 10697 11621 10611 11235 10330 11291 11153 11466 11327 12031 11158 10728 10473 11978 11184 11788 10333 11013 13902 10979 11356 10689 11265 11143 9972 10119 10787 11532 11430 10882 11656 9978 10749 10501 10422 10767 10566 11398 11758 10067 9992 10583 10485 10886 10199 10244 10588 11240 10686 10379 11675 12291 11888 10451 11371 11286 11390 11138 10167 10827 11595 10514 
12593 11346 10803 12371 11222 11961 12123 10525 12338 11706 11349 10594 12134 11334 11551 9830 11800 11309 11560 11051 10074 10958 10295 11870 10484 10237 10278 11173 10557 11853 10778 11690 10158 10855 11350 10930 11030 11303 10467 10174 9787 11232 10838 10351 10401 10465 11052 10563 11338 11035 10400 10496 10436 10250 10389 10321 13357 11135 10470 10367 11497 11270 10875 10648 12363 10819 10149 10505 10940 10795 10395 10828 10628 12225 10749 11705 11521 10847 10587 11577 9887 11377 10663 10605 10600 11130 10986 11748 10938 11395 11774 10264 10970 11184 10687 10985 10007 11132 11372 10002 
11342 11103 11432 11085 11519 9787 10615 11315 12736 11364 11350 10894 10693 10746 10126 11295 12067 10896 11999 10862 10053 10566 10282 10943 10665 10141 11323 10355 10413 10272 11409 10260 10612 11815 10865 10810 10380 10466 11479 11052 10271 11211 10933 10933 10923 11804 11245 11564 10304 10825 10325 10127 10612 10487 10748 11259 11071 10539 10352 11906 10415 10413 10989 11118 10589 10823 11109 12239 11392 10326 10415 10986 12092 11858 9781 11517 9904 10181 11299 10641 11163 10211 11020 11121 11523 10416 10662 10841 10444 11015 11005 11613 11492 10398 10595 12315 11192 11255 10417 11677 
11595 11256 10882 11122 10959 13076 11050 11440 10065 10500 10562 10886 11928 12519 10616 10478 10906 10094 11477 10877 11263 11065 10558 11652 11371 10706 11105 10577 11224 11188 10517 9892 11857 11384 10901 10735 10782 10960 10302 10774 10809 10939 10244 10988 11084 10918 12010 10844 9884 10646 11163 10826 11087 11715 11509 10965 11733 11043 10812 10573 10981 10837 11831 10952 10682 11872 11125 10228 10678 10962 10672 10686 9582 12061 10199 10423 9876 10786 11552 10409 11535 11532 10062 11196 11648 10518 12292 10730 11549 10443 12914 11562 10918 11072 11576 10003 11078 10775 11035 10815 
11031 10686 10664 11127 12488 10695 9879 12730 11035 10675 10142 10580 10540 10117 11251 10337 11121 12110 10374 12015 10831 10317 10465 11438 10730 11095 10610 10753 10208 10874 12253 11313 10452 11697 11423 10698 11327 10624 10599 10224 11535 12058 11705 11211 10690 11064 10616 11207 10763 10708 10532 10246 10454 10881 11472 10420 11641 11676 11175 9866 9992 10742 10569 11613 10793 10986 10592 12294 10109 10648 10361 12929 10634 10650 10742 10744 11402 10817 10894 10485 10347 12156 11745 10185 10357 11020 10540 11129 11496 11472 10229 10970 10454 10686 11015 10307 11220 11216 10253 10899 
12352 9982 11194 10830 11055 9873 10073 12159 11537 11471 12352 11053 10589 10970 10381 11231 10267 9901 11079 10297 11082 10071 10900 10300 10833 11696 11101 11069 11370 10280 10279 10626 11103 12022 11393 10367 11353 11170 10236 10690 11172 9567 10965 10759 10333 12092 11311 12280 10439 11191 10309 11461 10145 11069 11213 12132 11371 11140 10017 10328 11026 10831 10635 11292 10379 10768 10504 10469 9920 10590 11255 12390 10431 11870 9890 10555 11558 10550 10783 11651 11483 11623 11998 10951 10203 11273 10314 11081 11049 10828 10781 10276 10569 10044 10401 10489 11948 10825 10686 11235 
10119 10251 10366 10665 10758 10949 10593 10576 11073 9899 11135 10709 10725 10748 10691 10323 11767 10517 10612 10754 10836 11272 10786 11318 10813 11480 9759 12341 10678 11532 10501 11989 10302 12129 10681 9980 11082 10282 10143 10762 10839 11764 10909 11204 11572 10611 11049 10616 11597 12140 11980 11298 11491 10950 12040 10444 10877 12101 11046 10774 10406 11305 10464 11231 11103 12921 10767 12606 11487 10114 10931 10767 9848 10416 11222 10398 10046 11169 9924 10559 11045 10988 11228 11046 10704 11923 11147 11352 11250 10755 11261 11412 11024 10699 11968 10829 11725 10196 10668 11062 
10311 10575 10384 11332 11569 11997 10503 10004 12337 10268 11113 11304 10686 11558 11417 11728 10788 12109 11069 11500 9967 10813 11097 10634 10687 11187 11922 10844 10361 11422 11699 10727 11523 11342 10444 10918 10707 11440 11885 11297 11239 10912 11878 11053 11249 10728 10308 10536 10769 11276 11150 10890 12091 10470 10140 11049 10670 11483 11039 11549 11812 11045 11402 11320 11594 10853 11257 10598 10679 10666 10599 11232 10717 10828 11453 10971 11001 10588 10629 10975 10845 12997 10664 11978 11076 10035 11049 11089 10837 10542 11601 10630 11893 10726 10346 10763 11156 11370 10267 10202 
11150 10869 10798 10762 11857 10598 11918 10924 11151 10799 10544 11236 10833 11279 11108 11819 10953 10954 12103 10971 11280 10827 12547 10606 10991 9777 10872 10228 10465 10846 10626 10465 10667 11579 10810 11318 10620 10624 10396 10137 11074 11907 11653 11265 10365 10633 10584 10006 11208 11676 10726 11326 10920 11374 9997 10934 11566 11176 11804 11012 11254 11068 10541 10733 11879 11011 9842 12069 11224 11042 10276 10447 12228 12197 11671 11006 11375 10710 11541 10652 10414 10589 10830 11139 11667 11001 11196 11363 11020 10760 10498 10218 10613 11405 10447 10733 10394 11251 11728 10445 
10806 10963 10777 10053 11073 10656 11451 11858 11029 10773 11324 10886 10916 10051 10752 11395 11490 11101 10551 9743 10752 11391 11035 10738 10439 12122 11216 10731 11011 10215 11016 10393 10368 11154 10570 9893 10798 10483 10495 10717 10056 10967 11146 10998 12908 10595 9896 11236 10851 10489 11174 11213 10674 9882 11145 11094 11409 11119 12530 12330 10633 10092 11420 12818 10761 11474 10504 11963 11316 10018 10735 10547 10331 10998 11386 10567 10679 10042 10518 10647 11201 11582 11968 10926 10935 11023 10764 11236 10509 10329 10263 11182 10473 10873 10290 11508 12238 10385 10857 11489 
11287 10616 10533 11017 11756 10372 10643 12874 10947 10500 11025 10489 10383 11147 10981 11835 10664 11536 10720 11173 11064 10236 10790 11654 11412 11474 10294 11048 10825 10614 11686 11764 10172 10464 11217 10612 10886 10394 13684 10778 10496 11203 9747 10821 9813 11527 10804 11125 10479 11738 12791 11645 10914 10804 11158 10552 10020 10776 10416 10061 11409 12653 10987 10736 11399 11323 10979 12111 11319 13372 10961 10805 11127 10283 11033 11434 10505 10540 11718 10314 9850 11050 10700 10508 13206 11476 11567 11142 12143 10460 10535 10645 10866 10133 11540 10712 12907 10182 10573 10359 
9987 11174 11944 11236 11019 10473 10178 11958 12028 10798 11230 11258 11135 10524 11110 10693 10367 11198 10969 11101 11053 12124 10239 11169 10525 11739 13305 10719 11644 10404 10780 10920 10677 11967 10875 11102 11767 10781 10497 10690 10891 10901 11504 11006 10945 10676 11833 11719 11070 10636 12054 12703 10806 11077 10595 11658 11410 11023 13377 10892 12349 9759 11566 11070 10548 10561 10739 10756 10193 11054 10763 11893 11744 10893 11343 10893 9805 11047 10315 10700 10288 11463 10824 12064 11131 11176 10604 11463 10404 10790 10321 11423 10371 11555 10785 10533 10426 10772 11413 11171 
10525 12117 10194 10386 10683 11808 10774 10732 11199 10701 10082 10702 11190 10234 10799 10729 10132 11123 12642 11464 10923 10221 10236 10963 11528 11189 10473 12324 10969 10991 11370 10373 11498 10144 11478 10873 10871 10281 11452 11426 11195 10753 10762 10113 11193 12251 13384 11104 12930 10994 11569 11081 10380 11260 10242 10701 11406 11485 10828 10065 10357 11721 10603 10705 10050 10731 10749 11260 11116 12812 10416 11353 11035 10904 10805 10685 10356 12495 10633 9802 10900 10393 10704 12042 10235 11094 12296 11250 10962 11131 10975 10778 10571 11618 11288 11671 10489 10730 10938 11849 
10142 10799 10346 11102 10603 10765 10457 11576 9865 9858 11771 10397 12231 11026 10858 10475 10423 10291 10766 10630 10244 10774 10261 10926 10334 11317 11318 11303 11906 10994 10488 10811 12324 10314 11240 10710 10614 11170 11434 9975 10725 10955 11146 11407 10692 11764 10792 10682 11270 10866 10592 10834 9939 10467 11176 9870 10795 11568 10136 10680 11022 11431 11452 10950 10399 10619 10203 9988 11499 11046 10305 11019 10814 10257 10798 11531 11590 11246 10074 11003 11029 10725 10555 11021 10720 10894 12048 10483 10658 10323 11946 11830 11686 11421 11228 10529 10539 11383 12443 11079 
10016 10862 12234 10372 11242 11880 9904 11134 10588 10526 11487 10458 11661 11147 10573 10138 11312 11564 10259 10809 12503 11663 11057 11384 11239 10318 10754 10381 11358 10824 11969 10592 11291 10303 12223 12156 10634 10923 11109 10713 10789 11641 10753 10533 10652 10301 12385 10367 11406 11569 10646 11241 11221 10764 10802 10170 10855 10642 11119 11972 10414 11372 10693 10863 10476 12104 10894 9970 10549 10971 11313 13311 11499 10719 11278 10588 10591 10172 12189 10200 11392 10554 13404 11771 11174 10976 11343 10444 11632 12052 10817 10972 11055 10379 10196 10693 10281 11542 10345 10739 
10712 11557 10895 10570 10564 12054 11986 11472 11484 10152 11693 10386 11607 9989 10112 11031 11077 10960 10370 10029 10662 10260 10560 11028 11099 10169 10362 10477 11471 10783 11409 11151 10995 11388 10308 11839 10885 12238 11112 10783 10687 10772 10246 10775 11497 11747 11040 10097 11115 11767 11334 10822 10742 10884 10221 10597 11041 12134 11730 10966 10777 10376 10921 10201 10623 11499 10319 10696 10022 10593 10802 11031 11024 11636 10033 11774 10951 11393 9766 11481 11579 10539 10823 12691 10759 10496 10385 11000 10697 10709 10493 11597 10295 10772 11643 11184 10760 11761 11417 12593 
10940 10766 10839 10451 10350 11585 9850 11426 10914 11405 10557 10719 10424 10397 10275 11200 10286 10466 10895 10319 10494 11230 11575 10578 10933 11252 10180 12062 10462 11001 10513 10695 10197 12121 9849 11409 11389 12187 11597 11005 10578 11883 10649 11473 11084 11329 11353 10803 11731 10868 11683 10891 10766 10196 11085 10955 11701 10554 14510 10730 11247 10470 11076 10624 10457 10885 9819 10835 12190 11876 11218 11007 10741 12389 10257 10883 11009 11095 10441 10673 10703 10502 11272 10951 10565 10036 10263 10374 10147 11488 10848 9837 11273 11203 10427 11150 10393 11120 10713 11815 
10050 9344 9334 10119 9609 9536 9391 9751 9912 9606 9461 9666 9285 9483 9383 9403 9176 9792 9597 9391 9615 9684 9414 9530 9427 9318 9982 9163 9432 10170 9448 9663 9924 9445 9289 9460 9853 9534 9370 9520 9501 9308 9313 9681 9751 9860 9465 9643 9985 9614 9338 9380 9601 9822 9595 9508 9768 9195 10030 9608 9347 10352 9425 9295 9780 9216 9480 9770 9663 9850 9135 9455 8980 9725 9480 9316 9534 9960 9392 9174 9077 9839 9756 9889 9649 9300 9434 9482 9594 9343 9578 10477 9536 9309 9179 9250 9794 9170 9516 9399 
7029 7547 7399 7090 7484 7817 7393 6877 7223 7099 7160 7770 7242 7322 7114 7433 7294 7345 7239 7269 7286 7225 7287 7535 7451 7813 7094 7167 7387 6954 7431 7120 7424 7327 6911 7515 7218 7191 7085 6850 7087 7126 7159 7301 7527 7396 7339 7216 7181 7055 7272 7564 7302 7325 7256 7468 7433 7560 7080 7469 7452 7087 7130 6973 6974 7448 7366 7061 7322 7373 7500 7527 7618 7461 7290 7132 7120 7165 7612 7398 7316 7456 7260 7432 7357 7028 7423 6998 6928 7267 7052 7323 7069 7235 6948 6914 7523 7103 7175 7128 
6201 6083 6069 6668 6326 6195 6496 6009 6150 5986 6128 6075 5988 6241 5938 5826 6073 6404 6049 6010 6253 6626 6001 6206 6156 5872 6210 5823 6085 6100 5904 6064 6141 6040 5989 6477 5761 6278 6128 6214 6161 6045 6558 6281 5769 5909 6206 6588 6525 5929 6311 6400 6534 5919 6306 6150 5875 6187 6126 6164 6113 6252 6178 5939 6088 6075 6371 6136 6466 6200 6103 6181 6051 6156 6271 6174 6152 6175 6013 6231 6273 5988 5824 5987 6499 6111 6129 6222 6013 6329 6127 6340 5989 6150 6100 6312 6021 6102 5767 6178 
5593 5429 5482 5306 5219 5614 5779 5359 5360 5403 5288 5320 5642 5583 5536 5454 5451 5595 5361 5302 5402 5743 5562 5279 5255 5724 5554 5595 5667 5417 5544 5455 5742 5440 5513 5498 5279 5292 5442 5463 5174 5844 5560 5334 5366 5479 5681 5682 5250 5488 5687 5448 5313 5604 5611 5606 5531 5321 5339 5257 5624 5647 5522 5253 5373 5653 5354 5269 5639 5390 5564 5537 5590 5820 5644 5503 5439 5982 5580 5564 5540 5288 5066 5291 5284 5556 5713 5581 5552 5351 5697 5293 5368 5487 5465 5698 5744 5427 5415 5883 
4767 4975 5130 5161 5074 5100 4876 5057 4953 5076 5024 4848 5201 4959 5041 5187 4873 4970 5090 4993 5163 5125 5171 4994 5105 5017 4946 5113 4947 4826 5030 5014 4942 5061 5144 5081 5107 5110 4903 5077 5049 5175 5026 5208 5092 5022 5256 4959 5255 5091 5219 4980 5092 5056 4988 4942 4843 5166 5241 5036 5255 5056 5033 5110 4964 5261 5012 5205 5195 5166 4983 5164 5157 5189 4928 5129 5233 5277 5066 5066 5099 5016 5188 4999 5054 5050 5191 5017 5040 4932 5204 5123 4941 4877 5192 4828 5194 5202 4877 4975 
4772 4631 4932 4787 4877 4961 4687 4686 4781 4770 4848 4864 4660 5137 4597 4837 4855 4993 4757 4848 4797 4789 4664 4782 4863 4853 4720 4850 4738 4768 4772 4731 4706 4687 4886 4735 4912 4570 4721 4777 4819 4988 4743 4661 4842 4825 4764 4845 4820 4786 4816 4801 4670 4792 4810 4655 4669 4786 4828 4800 4719 4954 4676 4714 4630 4758 4692 4997 4886 4911 4862 4770 4626 4728 4681 4903 4838 4764 4634 4833 4690 4869 4853 4684 4580 4729 4853 4695 4879 4707 4750 4717 4710 4631 4825 4808 4864 4834 4784 4660 
4528 4492 4519 4548 4432 4446 4624 4610 4604 4627 4649 4553 4585 4557 4573 4501 4728 4411 4411 4574 4583 4592 4794 4730 4599 4521 4654 4735 4599 4486 4500 4632 4698 4536 4512 4475 4579 4680 4553 4549 4569 4410 4586 4539 4592 4572 4483 4354 4692 4532 4509 4630 4480 4463 4586 4589 4660 4607 4699 4494 4587 4593 4559 4493 4445 4695 4690 4601 4584 4454 4816 4565 4653 4553 4663 4649 4434 4525 4725 4568 4694 4536 4723 4585 4494 4529 4495 4440 4467 4483 4603 4686 4525 4611 4519 4660 4551 4455 4531 4574 
4342 4422 4458 4513 4403 4345 4372 4360 4389 4507 4314 4500 4511 4263 4286 4341 4381 4296 4420 4470 4415 4518 4402 4384 4460 4473 4403 4375 4369 4383 4426 4339 4371 4379 4397 4356 4382 4412 4399 4423 4352 4350 4415 4447 4328 4601 4554 4433 4513 4354 4401 4301 4390 4299 4405 4464 4551 4403 4417 4387 4394 4408 4400 4571 4494 4292 4361 4290 4482 4333 4337 4406 4307 4556 4320 4439 4373 4334 4461 4526 4296 4416 4346 4255 4583 4488 4505 4438 4339 4320 4515 4349 4375 4468 4438 4421 4460 4351 4384 4458 
4235 4284 4330 4130 4272 4345 4551 4298 4212 4239 4327 4247 4238 4260 4393 4367 4297 4354 4381 4157 4247 4383 4393 4362 4307 4418 4401 4236 4330 4350 4308 4293 4240 4225 4299 4332 4340 4257 4233 4247 4352 4190 4281 4304 4191 4265 4350 4453 4301 4287 4213 4309 4210 4276 4307 4229 4280 4314 4300 4311 4316 4338 4370 4387 4274 4224 4295 4200 4219 4211 4252 4234 4346 4323 4342 4290 4253 4311 4322 4361 4273 4285 4269 4336 4346 4294 4291 4294 4425 4218 4330 4343 4265 4303 4319 4340 4284 4268 4293 4328 
4171 4210 4282 4248 4195 4145 4183 4139 4097 4161 4136 4283 4165 4196 4222 4204 4283 4145 4201 4237 4231 4113 4246 4166 4219 4258 4194 4254 4086 4131 4114 4183 4185 4200 4213 4157 4177 4221 4218 4141 4288 4142 4233 4321 4141 4205 4262 4110 4208 4170 4134 4109 4148 4257 4141 4279 4276 4171 4233 4200 4165 4163 4216 4290 4182 4265 4196 4168 4229 4207 4142 4188 4116 4227 4238 4152 4183 4354 4123 4164 4212 4168 4285 4176 4194 4234 4190 4119 4145 4163 4143 4223 4197 4239 4184 4228 4151 4183 4243 4152 
4157 4046 4173 4123 4130 4080 4113 4096 4132 4141 4156 4107 4131 4090 4090 4145 4095 4093 4132 4092 4132 4127 4104 4058 4136 4096 4127 4092 4106 4128 4097 4140 4061 4055 4159 4118 4126 4139 4086 4069 4238 4043 4116 4068 4112 4102 4135 4116 4083 4109 4183 4100 4130 4146 4165 4160 4185 4143 4094 4044 4129 4086 4069 4099 4088 4169 4056 4152 4117 4031 4123 4052 4070 4128 4175 4138 4094 4048 4112 4121 4160 4181 4123 4110 4103 4104 4094 4089 4158 4132 4165 4084 4115 4106 4074 4062 4076 4117 4111 4111 
4044 4018 4167 4099 4043 4070 4046 4123 4124 4026 4044 4054 4043 4016 3984 4001 4048 3970 4090 4071 4051 4055 4017 4025 4042 4025 4008 4051 3994 4090 4127 4022 3994 4029 4044 4059 4063 3991 4037 4050 4039 4030 4052 4113 4106 4106 3994 4056 4021 4051 4034 4018 4096 4098 4069 4031 4056 4096 4114 4035 4005 4129 4019 4008 4145 4017 4065 3962 4094 4157 4024 4066 4058 4165 4024 4025 4154 4028 4051 3986 4052 4046 4069 4083 4017 4040 4173 4034 4052 4015 4029 4115 4038 4042 4001 4046 4021 4086 4051 3992 
4024 3960 4028 4002 4037 3977 4034 3991 4072 4024 4018 3947 3987 4030 3971 4039 4067 4020 3996 4022 4019 4045 3950 3918 3976 3941 3979 4056 4001 3964 3963 3999 4008 4035 4085 3968 3913 4057 4002 4052 4032 4031 4021 4016 3986 4023 3938 4010 3979 3979 3989 4041 4008 3973 3959 3977 3969 4013 4028 4013 4009 3968 4038 4008 3955 3930 3979 3966 3996 3939 3989 4041 4096 3948 3985 4048 4001 4022 3966 4039 3985 4006 3972 3998 3985 4028 3996 3977 3993 4039 4018 4012 3991 4034 4007 4048 3958 4017 4019 4004 
3975 3929 3981 3963 3964 3935 3965 3935 3940 3975 3891 3997 3965 3969 3925 3978 4022 3939 3985 3908 3968 4013 3952 3959 3908 3957 4011 3916 4003 3980 3968 3956 3934 3958 3898 4011 3966 3945 3959 3910 3928 3938 3977 3959 3966 3941 3995 3964 3937 3978 4010 4036 3956 3918 3941 3936 3926 3950 3961 3976 3954 3899 3937 3924 3934 3908 3921 3963 3956 3952 4038 3966 3958 3888 3941 4000 3927 3957 3981 3929 3982 3964 3929 3893 3991 4001 4019 3953 3973 3928 3932 3957 3928 3958 3957 3945 3866 3980 3948 3976 
3957 3883 3960 3862 3916 3967 3953 3921 3921 3886 3902 3903 3974 3912 3892 3968 3921 3934 3982 3928 3961 3973 3871 3889 3929 3894 3881 3882 3936 3917 3871 3982 3896 3926 3933 3910 3890 3925 3944 3870 3914 3917 3953 3886 3921 3925 3918 3886 3901 3961 3912 3934 3909 3901 3937 3867 3847 3879 3975 3919 3840 3895 3932 3955 3920 3934 3866 3935 3883 3940 3904 3894 3891 3926 3968 3924 3893 3846 3971 3953 3896 3880 3893 3883 3922 3946 3907 3943 3942 3987 3925 3891 3913 3877 3968 3915 3999 3953 3904 3868 
3870 3912 3883 3909 3832 3892 3822 3876 3864 3901 3883 3948 3873 3887 3875 3879 3856 3891 3913 3860 3895 3895 3912 3849 3904 3919 3884 3878 3870 3820 3850 3856 3843 3885 3874 3932 3967 3857 3870 3889 3903 3939 3906 3892 3877 3882 3904 3921 3924 3897 3900 3874 3837 3854 3829 3885 3891 3926 3853 3912 3865 3847 3872 3836 3869 3912 3872 3834 3869 3909 3880 3841 3858 3852 3858 3867 3872 3827 3891 3898 3889 3913 3878 3871 3917 3903 3868 3893 3881 3888 3894 3871 3876 3869 3830 3842 3906 3844 3925 3890 
3887 3896 3836 3845 3886 3833 3849 3849 3881 3851 3830 3815 3857 3864 3805 3869 3853 3847 3837 3849 3842 3864 3870 3869 3848 3839 3849 3882 3811 3819 3883 3867 3836 3837 3814 3812 3881 3793 3838 3848 3878 3838 3919 3853 3826 3810 3873 3798 3924 3868 3857 3858 3815 3810 3802 3795 3886 3851 3811 3856 3838 3860 3844 3874 3855 3847 3865 3865 3818 3837 3848 3828 3887 3903 3867 3828 3843 3806 3875 3874 3831 3833 3846 3855 3809 3816 3824 3861 3860 3835 3815 3858 3858 3875 3895 3866 3864 3822 3845 3850 
3835 3813 3830 3826 3824 3877 3828 3856 3816 3820 3827 3771 3848 3865 3817 3832 3790 3821 3814 3823 3832 3791 3887 3839 3814 3847 3808 3835 3798 3841 3849 3812 3829 3781 3844 3774 3804 3814 3841 3854 3821 3798 3792 3838 3837 3824 3821 3830 3789 3820 3852 3779 3807 3843 3810 3835 3826 3870 3785 3840 3854 3833 3820 3806 3836 3798 3844 3808 3831 3819 3795 3826 3817 3854 3814 3834 3831 3845 3818 3836 3841 3823 3842 3835 3823 3816 3845 3868 3857 3822 3864 3837 3839 3828 3849 3783 3815 3805 3790 3833 
3815 3806 3760 3809 3822 3752 3803 3781 3795 3804 3776 3818 3769 3790 3812 3748 3809 3775 3810 3809 3803 3777 3812 3784 3791 3811 3772 3761 3801 3787 3819 3793 3793 3818 3796 3797 3789 3781 3829 3794 3790 3779 3791 3813 3767 3806 3779 3781 3794 3806 3859 3785 3779 3834 3795 3810 3863 3850 3763 3789 3835 3799 3757 3771 3814 3778 3801 3797 3822 3766 3834 3812 3818 3789 3796 3811 3777 3793 3856 3757 3820 3835 3758 3798 3832 3781 3778 3746 3827 3801 3788 3819 3823 3793 3841 3786 3844 3793 3819 3818 
3793 3787 3763 3794 3820 3787 3772 3823 3741 3746 3800 3790 3800 3794 3781 3793 3780 3836 3789 3766 3788 3797 3782 3787 3795 3816 3770 3801 3754 3750 3785 3798 3795 3796 3808 3781 3751 3781 3784 3815 3805 3745 3789 3821 3789 3796 3802 3757 3773 3788 3758 3778 3750 3773 3747 3803 3787 3800 3818 3766 3792 3760 3786 3756 3764 3793 3787 3819 3753 3772 3774 3823 3776 3737 3804 3781 3836 3787 3796 3805 3767 3745 3750 3788 3823 3745 3747 3763 3799 3779 3821 3791 3782 3773 3799 3792 3814 3774 3755 3791 
3740 3753 3768 3763 3789 3802 3764 3729 3759 3761 3781 3763 3748 3811 3731 3745 3779 3754 3798 3741 3757 3751 3763 3788 3752 3760 3739 3791 3788 3741 3745 3759 3786 3764 3797 3758 3765 3785 3745 3740 3760 3768 3794 3799 3751 3759 3809 3753 3777 3759 3791 3784 3779 3804 3828 3800 3772 3760 3734 3825 3747 3714 3795 3753 3729 3732 3763 3751 3773 3809 3781 3759 3717 3761 3733 3747 3781 3821 3715 3764 3758 3740 3799 3758 3796 3776 3794 3758 3765 3746 3801 3741 3808 3763 3801 3760 3753 3740 3776 3778 
7568 7616 7538 7628 7459 7428 7444 7586 7568 7522 7459 7442 7463 7467 7479 7580 7610 7745 7566 7658 7581 7507 7491 7571 7577 7556 7647 7491 7568 7536 7517 7495 7518 7494 7506 7546 7726 7625 7539 7557 7502 7464 7517 7533 7566 7597 7549 7587 7595 7538 7473 7436 7607 7626 7628 7508 7644 7514 7555 7572 7609 7751 7483 7513 7530 7529 7534 7574 7679 7579 7617 7416 7404 7612 7416 7489 7478 7674 7569 7369 7409 7579 7541 7528 7488 7503 7506 7511 7532 7541 7519 7629 7469 7544 7499 7510 7704 7507 7444 7475 
7114 7291 7183 7198 7183 7128 7211 7116 7113 7063 7155 7253 7181 7137 7101 7241 7169 7135 7050 7162 7100 7246 7188 7156 7112 7247 7140 7094 7236 7149 7195 7205 7206 7222 7056 7143 7138 7163 7176 7138 7007 7116 7129 7200 7282 7132 7113 7154 7183 7091 7110 7203 7052 7077 7247 7094 7193 7291 7049 7273 7145 7140 7100 7219 7107 7029 7181 7046 7202 7216 7037 7165 7236 7184 7020 7116 7147 7181 7257 7217 7128 7134 7072 7173 7199 7164 7225 7148 7078 7211 7210 7183 7090 7218 7130 7094 7107 7230 7155 7116 
6966 6964 7124 7118 6984 7041 7088 7009 6928 7143 6927 7044 6975 7052 7055 6923 6988 7095 6947 6869 7021 7060 6747 7025 6951 6857 7081 6862 6943 6998 6986 7062 6896 7000 7032 7062 6993 6984 6943 7091 6969 6940 7044 7071 7009 6946 7001 7104 7220 7044 7024 6902 7027 6887 6857 6890 6937 7086 7039 6995 6922 7031 6977 6941 7048 6885 7109 6948 7008 7001 7087 6915 6924 7167 6964 6977 6949 6957 6884 7023 6843 6998 6883 6982 6927 6789 6900 7068 6867 6982 6814 7062 6988 6998 6891 7023 6966 6881 6969 7099 
6770 6657 6834 6813 6799 6917 6976 6731 6852 6573 6745 6817 6799 6861 6829 6737 6783 6716 6834 6663 6767 6945 6960 6762 6901 6908 6731 6962 6908 6826 6723 6753 7018 6867 6711 6741 6715 6872 6800 6873 6529 6826 6898 6887 7003 6812 6740 6781 6757 6887 6887 6874 6710 6906 6761 7010 6742 6784 6813 6734 6998 6799 6980 6685 6845 6879 6918 6715 6731 6785 6746 6859 6792 6955 6650 6615 6624 7074 6958 6697 6741 6727 6878 6846 6678 6874 6809 6898 6839 6802 6786 6679 6684 6900 6732 6845 6772 6615 6974 6911 
6457 6487 6629 6500 6664 6696 6501 6579 6574 6718 6535 6480 6660 6743 6549 6701 6372 6532 6499 6615 6650 6530 6858 6380 6413 6568 6566 6572 6393 6465 6587 6733 6488 6662 6625 6827 6591 6726 6358 6516 6393 6514 6612 6644 6778 6623 6828 6529 6668 6698 6723 6431 6595 6604 6394 6413 6519 6721 6723 6744 6831 6522 6583 6587 6647 6920 6627 6684 6617 6733 6733 6774 6720 6573 6608 6766 6743 6852 6739 6514 6851 6492 6675 6462 6616 6695 6647 6573 6525 6453 6753 6676 6736 6484 6823 6286 6629 6635 6679 6440 
6385 6251 6545 6245 6365 6530 6290 6384 6461 6470 6503 6530 6168 6573 6364 6314 6457 6584 6288 6538 6526 6446 6192 6406 6582 6260 6312 6433 6347 6551 6434 6308 6327 6310 6633 6318 6502 6201 6229 6456 6302 6506 6302 6188 6604 6386 6361 6316 6534 6307 6427 6481 6150 6159 6485 6276 6320 6456 6270 6407 6286 6575 6219 6425 6247 6212 6286 6458 6553 6476 6304 6460 6148 6503 6352 6520 6456 6222 6363 6460 6323 6814 6532 6248 6316 6234 6645 6365 6560 6333 6417 6530 6571 6401 6253 6329 6595 6541 6363 6445 
6301 5957 6120 6151 6216 6015 6469 6144 6424 6334 6581 6258 6117 6033 6109 6160 6538 6098 6147 6089 6260 6169 6198 6219 6080 6099 6289 6344 6144 5887 6183 6186 6466 5925 6086 5955 6166 6239 6229 6130 6370 6067 6182 6054 6095 6189 5790 5919 6358 6232 6194 6270 5905 6125 6383 6523 6109 6333 6521 5958 6435 5919 5956 6045 6041 6224 6284 6289 5991 5910 6533 6418 6105 6400 6424 6436 6165 6138 6200 6021 6261 6200 6419 6182 6149 6201 6116 5879 6044 5957 6158 6454 6149 6110 5982 6277 6195 5778 5926 6133 
5864 5999 6227 6078 5945 5846 6101 5800 5988 6166 5827 6280 6085 5782 5849 5999 6030 5783 6050 6012 6046 6190 6024 6089 5870 6128 5943 5892 6063 6068 5989 5861 5873 6086 6258 5921 5967 6198 6141 5873 5873 5911 5895 5881 5796 6219 6153 6202 6261 5887 5980 6022 6031 5934 6055 6104 6312 6013 6005 5878 6065 6222 6060 6171 6001 5828 5872 5885 6172 5804 5923 6216 5727 6242 5767 5973 5894 6004 6084 6415 5735 6047 6035 5768 6149 6153 6081 6142 5914 6009 6314 5808 6030 6190 5891 6010 6094 6031 6098 5989 
5685 5922 5744 5622 5814 5944 6401 5857 5820 5911 5976 6017 5903 5997 6074 5929 5723 6240 6077 5775 5931 5956 5927 6166 6055 5968 6000 5799 6198 5689 6087 6063 5732 5776 5837 6060 5895 5821 5902 5948 5987 5838 6067 5839 5805 5951 6011 6311 5771 5873 5927 5923 6027 6043 6005 5941 5852 5842 5831 5972 5985 5799 5951 6006 5778 5876 5833 5809 5771 5913 5797 5842 5994 6151 5818 5805 5753 6254 5945 6053 5953 6114 5793 6035 5945 5796 5697 5787 6152 5837 6014 5927 6025 5888 6149 5920 5912 5854 5934 6044 
5761 5865 5915 5895 5663 5862 5933 5735 5851 5962 5828 6146 5977 5621 5712 5925 5908 5710 5703 5996 6016 5672 5964 5733 5999 5883 5912 5822 5795 5764 5791 5592 5885 5783 5794 5815 5685 5859 5894 5863 6190 5792 5986 6030 5820 5889 5897 5902 5823 5779 5776 5617 5986 5831 5751 6070 5878 5787 5905 5756 5938 5782 5897 5958 5979 5869 5808 5981 5934 6011 5801 5929 5849 5938 5784 5761 5802 5946 5781 5733 5872 5822 6070 5668 5837 5796 5840 5750 5746 5953 5732 5720 5985 5789 5844 5923 5736 5877 5984 5675 
5905 5592 5907 5796 5910 5785 5805 5749 5643 5661 5823 5616 5594 5853 5867 5788 5878 5479 5820 5835 5624 5637 5909 6046 5731 5877 5680 5606 5761 5805 5759 5717 5682 5823 5810 5723 5781 5659 5628 5716 5824 5597 5807 5588 5710 5972 5887 5816 5707 5759 5735 5621 5844 5996 5846 5895 5896 6020 5709 5733 5721 5906 5672 5800 5761 5983 5775 5751 5733 5682 5765 5717 5752 5802 5682 6008 5695 6015 5862 5768 6101 5869 5764 5787 5979 5776 5670 5813 5774 5732 5811 5777 5943 5557 5545 5696 5684 5914 5713 5730 
5802 5607 6004 5790 5699 5881 5817 5797 5803 5517 5863 5823 5648 5812 5888 5615 5742 5887 5894 5766 5609 5666 5461 5810 5483 5646 5634 5796 5586 5798 5889 5746 5560 5761 5793 5839 5776 5692 5818 5691 5728 5724 5558 5845 5878 5881 5804 5774 5735 5783 5473 5541 5679 5715 5804 5541 5733 5824 5854 5845 5473 5796 5896 5521 5809 5824 5794 5377 5912 5911 5703 5803 5770 5834 5842 5719 5911 5916 5631 5409 5587 5910 5719 5815 5866 5699 6050 5687 5655 5667 5669 5820 5616 5824 5816 5676 5704 5725 5623 5638 
5713 5729 5573 5631 5776 5839 5844 5828 5695 5655 5747 5667 5295 5274 5703 5593 5850 5803 5669 5558 5740 5678 5848 5400 5530 5573 5646 5669 5804 5544 5627 5535 5628 5608 5889 5549 5942 5556 5951 5647 5598 5743 5935 5759 5531 5761 5351 5868 5413 5800 5481 5702 5900 5557 5763 5679 5767 5592 5542 5565 5826 5525 5741 5734 5435 5750 5576 5873 5602 5543 5947 5556 5732 5755 5815 5823 5706 5856 5766 5698 5750 5371 5735 5703 5708 5663 5584 5415 5778 5762 5676 5484 5813 5781 5780 5579 5670 5810 5930 5703 
5575 5789 5590 5728 5739 5494 5730 5579 5438 5791 5452 5587 5824 5605 5553 5912 5718 5394 5305 5256 5534 5732 5593 5569 5714 5439 5752 5337 5414 5770 5455 5656 5525 5501 5657 5879 5664 5622 5743 5177 5422 5650 5711 5589 5513 5320 5572 5736 5634 5907 5782 5694 5800 5105 5632 5303 5220 5732 5802 5782 5676 5467 5485 5379 5539 5524 5780 5612 5410 5627 5681 5544 5315 5350 5758 5811 5323 5775 5878 5449 5825 5646 5139 5247 5597 5725 5675 5729 5630 5317 5284 5393 5668 5790 5468 5569 4922 5450 5475 5761 
5569 5417 6021 5044 5611 5659 5713 5765 5499 5585 5368 5618 5543 5775 5407 5956 5738 5350 5767 5482 5629 5344 5627 5773 5676 5135 5551 5434 5502 5574 5527 5294 5780 5558 5656 5569 5743 5365 5573 5321 5433 5341 5324 5238 5264 5480 5762 5291 5476 5674 5711 5315 5563 5289 5646 5335 5125 5457 5698 5643 5366 5300 5462 5635 5595 5716 5835 5673 5580 5745 5261 5680 5422 5676 5654 5816 5661 5184 5652 5511 5291 5131 5268 5473 5693 5719 5493 5903 5952 5729 5238 5459 5959 4944 5306 5617 5592 5655 5634 5539 
5719 5506 5537 5595 5326 5356 5070 5644 5611 5711 5364 5491 5207 5663 5211 5451 5372 5585 5176 5494 5613 5773 5335 5369 5501 5564 5456 5186 5423 5572 5299 5066 5018 5724 5140 5596 5906 5253 5464 5401 5554 5643 5287 5667 5331 5523 5538 5672 5676 5419 5520 5162 4756 5234 4747 5499 5117 5468 5359 5440 4858 4849 5229 5270 5647 5348 5390 5287 5471 5208 5208 5389 5281 5354 5078 5126 5410 5239 4949 5029 5252 5738 5639 5357 5593 5538 5395 5481 5460 5287 5575 5201 5509 5466 5313 5704 5485 5496 5634 5462 
5575 5520 4992 5763 5458 5008 5421 5418 5539 5379 5169 5227 5831 5118 4943 5599 5425 5260 5287 5099 5350 5602 5318 5575 5380 4912 4865 5424 5196 5269 5251 5458 4766 5198 5013 5164 5420 4847 5413 5280 5042 5432 5569 5285 5474 4617 5379 4642 5621 5387 5217 5130 5046 5361 4604 4618 5441 4798 5049 5751 5217 5424 5389 5731 5261 5416 5192 5940 4820 5362 5261 5421 5465 5468 5223 4731 5406 5051 5249 5046 5227 5215 5480 4896 4560 4941 4881 5162 5248 5277 5147 5366 5336 5347 5518 5788 5278 5307 5170 5158 
5312 4942 5122 4639 5303 5394 5292 5543 5262 5357 5541 4640 5157 5487 4794 4923 4577 5117 4919 5287 4568 5054 5488 5252 5075 4903 5143 5270 5367 5288 5608 4963 5548 4143 5050 4801 5407 5064 5750 5218 5489 5260 4908 5466 5084 5128 5040 5168 5026 5227 5330 5206 4956 5357 5225 5285 5477 5137 4335 5040 5323 5431 5319 5362 5211 5046 5299 4867 5244 4977 4975 4881 5121 5537 5161 4877 5447 5121 5031 5306 4859 5073 5340 5157 5053 5366 5461 5638 5566 4885 5227 5296 4906 5365 5374 4558 5051 5308 4860 5238 
5480 4722 4433 4963 4789 4633 4780 4753 5135 4843 4707 5493 4832 5254 4761 4582 5391 4629 4644 5344 5213 4605 5387 5135 4603 5264 4690 4660 4745 5039 5273 4686 4857 5027 4959 5051 5178 5043 5102 4970 5145 5029 4897 5278 5023 5034 5370 4777 4785 4964 5692 4709 5038 5357 5611 5019 5411 5595 4680 5030 5400 5260 4569 4819 5407 4826 5092 5013 4733 4764 5470 5141 5470 4898 4896 4813 4865 5227 5252 4452 4716 5049 4644 5345 5294 4811 5038 4729 5218 4974 5330 5102 5218 5081 5074 4884 4966 5070 4899 4851 
4789 5119 4920 5068 5213 5108 5111 5220 4460 4874 5665 5331 5042 5050 4613 5024 4815 5539 4966 4672 5023 5106 5530 5177 4960 5205 5257 5296 4635 4716 5552 5416 4737 4924 5142 5026 4630 5024 4912 5163 5047 4450 5110 4924 4891 4754 4759 4913 4718 5311 4582 5101 4650 4505 4582 4890 4921 5327 5380 4826 5034 4860 4882 4641 4639 4790 4611 5130 4645 4631 4987 5349 4764 4766 5082 4917 5420 5005 4461 5422 5053 4464 4893 4802 5194 4266 4875 5060 5450 4675 5340 4789 5130 4771 5085 5279 4684 4841 4171 4955 
4856 4508 4976 4980 5107 5046 4972 4438 4853 4948 5098 4758 4615 5211 4606 4529 5106 4609 5032 4322 4645 4575 4851 4536 5087 4433 4655 5174 5166 4414 5006 4979 4642 5034 4962 4537 4817 5112 4650 4700 5265 4763 5161 5377 4489 4603 5132 4721 4647 5086 5103 4845 4751 5214 5218 5237 5176 4427 4653 5088 4423 4613 5022 4761 4633 4693 5245 4653 4680 4972 4588 5095 4452 4660 4850 4632 4534 5334 4506 4885 4655 4708 5104 4526 4875 4805 5012 4680 4716 4790 4893 4691 4852 4893 5367 4729 4471 4725 5511 5314 
13929 13606 13768 14172 13631 13600 13460 13572 13883 14006 13267 13741 13584 13602 13332 14112 13410 13840 14000 13617 13539 13836 13514 13930 13789 13558 13721 13448 13806 13676 13446 13382 13838 13316 13377 13772 13880 13232 13238 13632 13460 13354 13485 13616 13773 13354 13635 13772 13788 13569 13722 13628 13615 14190 13442 13435 14034 13557 13787 13877 13629 14318 13467 13549 13833 13512 13807 13622 13943 14078 13437 13090 13097 14207 13617 13674 13562 13761 13596 13350 13173 13918 13489 14056 13729 13561 13310 13460 13419 13446 13552 13957 13591 14062 13510 13238 13570 13510 13749 13728 
10079 10633 9797 10053 10092 10262 10268 9552 10307 9894 9748 10729 9926 9993 10094 10546 10196 9950 10451 10032 10134 10306 10123 10595 10311 10429 9581 10022 10373 9830 10471 9382 10436 10479 9744 9888 9596 9923 10118 10251 9491 9843 9632 10058 10811 9908 10065 10222 10093 9744 9804 10518 9998 9912 9983 10320 9804 10023 9668 9996 10150 9583 10090 10048 9704 10263 9798 9489 9912 10510 10061 10290 10274 10075 10010 10115 9641 9991 10508 10193 10373 10035 10159 10305 10208 9526 10188 9801 9855 10260 10036 9541 10105 9723 9126 9637 10160 9865 9725 9695 
8153 7843 7974 8363 8050 8380 8588 8339 8330 7970 8187 8195 7723 8517 7723 7595 8338 8349 7673 7640 8137 7975 7762 8250 7876 7591 8046 7773 8093 8133 7665 8195 8059 8165 7862 8384 7625 8119 8058 8324 8343 8282 8593 8417 7703 7836 7996 8422 8541 7970 8175 8125 8383 8014 8098 8151 7723 7888 7765 7895 7780 8365 8214 7976 8284 7942 8139 8108 8552 8299 8280 8455 7969 8238 8289 8514 7964 7969 7684 8224 8223 7752 7851 7715 8622 7876 7740 8325 7966 8280 8171 7912 7946 8241 8104 8484 8043 8231 7523 8327 
7020 6563 6707 6603 6482 7083 7360 6773 6925 6482 6449 6683 7226 6983 7061 6852 6829 6730 6786 6460 6738 7330 6567 6490 6479 7271 7009 7139 6608 6587 6929 7166 7573 6759 6851 7090 6503 6564 6923 6805 6170 7119 7147 6743 6863 6805 6936 6886 6623 6607 7171 6741 6723 7047 7210 7220 6950 6491 6626 6574 7113 7132 6970 6221 6886 6880 6847 6663 7028 6668 7060 7209 6764 7247 7257 6963 6713 7565 7026 7193 7011 6725 6777 6491 6605 6929 7005 6830 7132 6807 6761 6563 6554 6648 6550 7274 7121 7059 6868 7395 
5440 5825 6208 5968 6160 6193 5706 6097 5781 6246 5870 5658 6024 5827 5987 5980 5819 5839 5981 5914 6284 5993 6335 5839 6190 6271 5866 6052 5826 5735 5808 6084 5778 5855 6062 5916 6050 6258 5963 6196 5979 6080 6158 6259 5942 6074 6290 5913 6336 6211 6292 6164 5856 6072 5733 5821 5732 6209 6292 6224 6596 5950 5965 6580 6086 6364 5851 6496 6102 6303 5784 6274 6465 6115 5483 6246 6093 6739 6166 6060 6264 5719 6040 5700 6178 6002 6324 5981 5762 5781 6494 6302 5741 5731 5944 5857 5999 6171 5944 6038 
5471 5523 5947 5235 5548 5714 5347 5443 5460 5415 5384 5429 5193 5834 5264 5431 5577 5589 5140 5575 5495 5680 5319 5470 5759 5433 5268 5500 5528 5573 5484 5372 5366 5299 5489 5612 5627 5140 5304 5443 5552 5591 5570 5430 5626 5631 5275 5518 5660 5444 5390 5576 5383 5389 5463 5278 5349 5495 5408 5325 5361 5460 5336 5183 5055 5435 5201 5847 5629 5499 5578 5378 5294 5453 5365 5636 5741 5344 5266 5662 5241 5691 5439 5455 5196 5397 5650 5291 5558 5310 5490 5428 5374 5198 5429 5333 5857 5383 5493 5288 
4905 4782 5059 5131 4824 4897 5260 5181 5108 4915 5155 4883 5223 4857 5007 5031 5326 4738 4717 5226 5333 5070 5453 5284 5070 4860 5198 5391 5041 4906 5056 5057 5312 5065 5127 4829 5246 5245 5005 4835 5069 4722 5039 4899 5146 5057 4908 4615 5241 5003 4935 5086 4754 4901 5054 5165 5201 5033 5375 4973 5053 4883 4780 4990 4723 5160 5236 4864 5064 4944 5629 5016 5176 4973 5214 5152 4864 5091 5281 5027 5126 4939 5334 4968 4886 5165 4916 4847 4830 4863 5093 5099 4953 5327 4898 5191 5098 4905 4882 5008 
4585 4782 4855 4788 4676 4680 4680 4623 4614 4773 4630 4895 5041 4344 4483 4578 4641 4368 4807 4980 4624 5061 4653 4602 4777 4926 4715 4856 4672 4735 4688 4620 4617 4466 4764 4584 4623 4718 4704 4666 4654 4581 4874 4640 4691 5253 4827 4687 4906 4587 4673 4340 4666 4540 4638 4939 5005 4801 4695 4558 4605 4656 4640 4801 4829 4473 4554 4413 4862 4720 4551 4748 4543 5136 4605 4757 4529 4573 4690 4865 4441 4740 4549 4372 4926 4677 4923 4730 4598 4660 4791 4635 4540 4917 4545 4820 4720 4481 4575 4740 
4267 4536 4412 4133 4434 4551 4686 4538 4183 4445 4439 4215 4449 4352 4576 4629 4407 4562 4591 4058 4189 4488 4676 4621 4615 4657 4533 4351 4560 4600 4506 4389 4415 4278 4674 4621 4599 4421 4308 4263 4587 4261 4399 4523 4417 4551 4563 4620 4353 4514 4202 4396 4200 4312 4530 4438 4410 4511 4562 4493 4659 4558 4574 4594 4308 4373 4416 4217 4233 4174 4417 4179 4491 4437 4510 4454 4312 4678 4515 4562 4478 4349 4330 4617 4623 4454 4372 4403 4677 4328 4402 4610 4482 4625 4462 4570 4307 4416 4574 4489 
4087 4323 4368 4411 4255 4105 4231 4233 4010 4122 4094 4470 4217 4230 4301 4264 4447 4234 4289 4300 4379 4211 4287 4109 4185 4405 4222 4235 4043 4028 3947 4196 4154 4106 4233 4170 4093 4233 4252 4174 4503 4093 4309 4623 4058 4315 4361 4007 4332 4081 4098 3955 4289 4397 4153 4335 4316 4206 4324 4253 4210 4224 4301 4423 4237 4369 4223 4185 4467 4299 4142 4273 4015 4139 4342 4280 4242 4553 4171 4282 4262 4153 4519 4107 4139 4371 4287 4087 4301 4095 4151 4200 4208 4374 4187 4369 4148 4244 4301 4116 
4286 3793 4258 4079 3894 4109 4054 4062 4047 4015 4276 3928 4100 3985 4135 4161 3888 4153 4072 4008 4125 4048 4093 3865 4070 3890 3974 4123 4053 4076 3953 4071 3917 4034 4188 3958 4042 3981 4050 4030 4360 4025 4059 3967 4199 3958 4144 4121 3855 3969 4239 4032 4171 4128 4206 4114 4039 4080 4101 3953 4113 3998 3924 4021 4108 4210 3867 4144 4039 3938 4068 3946 3911 4066 4236 4170 4048 4068 4155 3997 4098 4292 4088 3945 4055 4058 4086 3986 4050 3971 4220 3884 4147 4152 3949 4025 4012 4154 4117 4128 
3843 3842 4066 4049 3989 3994 3920 4105 4071 3922 3914 3921 3875 3737 3780 3676 3862 3723 4029 3956 3953 3934 3823 3886 3958 3855 3729 4050 3913 4060 4019 3896 3744 3954 3897 4041 3904 3796 3838 3810 3781 4057 3974 4050 4004 3980 3773 3919 3825 3956 3859 3824 3897 4020 3939 3832 4048 3959 4046 3777 3802 4066 3985 3817 4034 3835 3990 3706 3933 4212 3802 3932 3879 4154 3871 3870 4186 3874 4081 3707 4000 3902 3941 4009 3720 3840 4313 3869 4077 3873 3803 3965 3915 3905 3718 3856 3975 3907 3887 3728 
3949 3802 3802 3750 3810 3818 3819 3755 3855 3724 3838 3634 3778 3760 3858 3968 3915 3965 3826 3822 3904 3950 3661 3548 3823 3579 3797 3749 3816 3837 3708 3867 3834 3666 3970 3715 3595 3894 3777 3771 3975 3995 3895 3888 3710 3854 3750 3829 3732 3759 3730 3776 3846 3724 3758 3623 3705 3917 3736 3751 3689 3744 4000 3854 3598 3634 3769 3800 3921 3705 3756 3928 4005 3642 3868 3857 3826 3866 3758 3777 3882 3640 3749 3872 3716 3828 3893 3777 3752 3926 3944 3719 3798 3896 3747 3964 3752 3774 3805 3831 
3661 3670 3755 3644 3657 3670 3891 3589 3638 3819 3603 3838 3665 3738 3584 3766 3750 3585 3779 3787 3703 3881 3751 3834 3587 3816 3660 3795 3886 3605 3775 3756 3670 3615 3546 3771 3706 3669 3672 3722 3560 3699 3689 3790 3730 3522 3874 3740 3667 3710 3797 3940 3694 3682 3680 3593 3541 3718 3754 3888 3765 3620 3695 3630 3661 3661 3626 3689 3836 3635 3859 3693 3700 3578 3673 3758 3628 3684 3780 3652 3697 3707 3585 3667 3857 3741 3729 3728 3759 3702 3514 3709 3664 3741 3764 3636 3503 3830 3719 3795 
3694 3548 3624 3385 3689 3679 3650 3574 3454 3611 3666 3553 3709 3562 3493 3678 3686 3677 3842 3620 3682 3721 3496 3582 3666 3568 3563 3500 3580 3650 3499 3863 3611 3712 3585 3591 3720 3657 3717 3459 3608 3571 3727 3535 3521 3666 3603 3507 3503 3833 3559 3526 3494 3677 3629 3452 3458 3570 3691 3695 3482 3610 3638 3815 3721 3785 3540 3648 3558 3667 3721 3585 3535 3676 3583 3598 3609 3501 3841 3737 3468 3301 3558 3446 3607 3755 3548 3670 3571 3660 3658 3659 3474 3529 3768 3552 3815 3652 3613 3652 
3686 3501 3405 3628 3475 3600 3322 3573 3415 3705 3487 3675 3512 3499 3629 3612 3469 3532 3417 3505 3690 3552 3496 3492 3485 3610 3616 3483 3495 3398 3379 3452 3447 3544 3613 3587 3648 3564 3412 3515 3639 3727 3581 3678 3334 3564 3604 3589 3648 3737 3588 3579 3324 3535 3383 3707 3473 3759 3415 3805 3483 3521 3511 3393 3452 3640 3640 3544 3359 3635 3441 3451 3370 3546 3467 3439 3559 3526 3640 3439 3590 3628 3677 3500 3588 3567 3544 3427 3570 3615 3543 3438 3445 3524 3581 3535 3642 3447 3554 3615 
3516 3479 3444 3412 3438 3396 3257 3428 3656 3476 3398 3427 3387 3405 3322 3464 3471 3453 3370 3471 3389 3617 3479 3512 3530 3598 3436 3453 3313 3359 3553 3593 3535 3431 3403 3404 3528 3258 3376 3508 3563 3439 3559 3428 3412 3353 3527 3333 3702 3484 3470 3509 3338 3318 3358 3265 3480 3351 3403 3444 3505 3582 3381 3376 3533 3407 3537 3485 3375 3534 3437 3318 3579 3468 3621 3459 3514 3404 3579 3461 3542 3499 3423 3548 3323 3375 3355 3493 3603 3435 3359 3473 3440 3531 3621 3510 3404 3405 3464 3552 
3484 3483 3427 3535 3440 3515 3394 3426 3381 3429 3399 3386 3384 3735 3419 3517 3220 3367 3380 3385 3411 3326 3555 3518 3354 3476 3383 3449 3310 3379 3505 3351 3373 3337 3519 3320 3412 3372 3490 3504 3317 3287 3394 3382 3482 3390 3487 3347 3277 3481 3511 3406 3394 3387 3363 3492 3354 3531 3358 3501 3285 3389 3410 3349 3443 3403 3532 3315 3559 3479 3415 3402 3401 3513 3350 3519 3408 3469 3325 3455 3443 3538 3385 3510 3450 3378 3505 3544 3495 3443 3378 3372 3484 3443 3392 3188 3515 3320 3348 3538 
3313 3308 3228 3367 3356 3197 3383 3263 3401 3269 3218 3443 3281 3288 3447 3194 3326 3286 3234 3380 3328 3277 3432 3269 3314 3374 3317 3258 3344 3169 3407 3369 3235 3439 3293 3231 3325 3287 3427 3276 3248 3200 3301 3251 3328 3330 3226 3232 3321 3332 3478 3191 3067 3459 3224 3353 3522 3511 3159 3287 3439 3306 3126 3326 3410 3316 3356 3469 3366 3217 3417 3473 3371 3164 3455 3374 3258 3321 3576 3192 3393 3441 3224 3257 3304 3216 3338 3207 3426 3360 3277 3403 3418 3175 3434 3293 3337 3313 3455 3449 
3297 3187 3213 3186 3330 3303 3239 3327 3201 3144 3335 3315 3287 3421 3327 3509 3262 3596 3279 3188 3429 3385 3372 3386 3310 3507 3289 3340 3168 3007 3393 3382 3329 3380 3378 3320 3250 3275 3281 3308 3379 3399 3328 3380 3302 3349 3221 3236 3161 3287 3282 3181 3118 3288 3109 3207 3351 3271 3315 3204 3327 3100 3304 3240 3286 3431 3287 3430 3212 3148 3262 3503 3291 3098 3410 3244 3419 3254 3382 3356 3284 3210 3240 3292 3407 3344 3243 3154 3345 3361 3447 3332 3286 3116 3357 3328 3525 3303 3327 3348 
3251 3241 3317 3309 3276 3303 3257 3188 3261 3184 3311 3267 3247 3309 3125 3239 3173 3257 3395 3074 3120 3213 3190 3228 3087 3198 3162 3333 3324 3192 3190 3336 3396 3251 3297 3200 3213 3392 3158 3103 3367 3271 3247 3379 3249 3139 3393 3025 2978 3193 3342 3346 3303 3382 3395 3427 3200 3081 3258 3431 3324 3118 3313 3332 3037 3209 3279 3007 3386 3360 3241 3313 3049 3175 3152 3176 3123 3470 3067 3299 3257 3292 3380 3177 3483 3302 3237 3121 3288 3149 3416 3267 3377 3361 3381 3261 3313 3218 3226 3272 
7791 7346 7227 7785 7267 7025 7199 7256 7729 7328 7280 7213 7180 7142 7109 7598 7289 8112 7613 7415 7592 7634 7577 7666 7283 7376 7451 7211 7473 7434 7456 7428 7457 7324 7098 7300 8149 7258 7007 7682 7464 7198 7528 7432 7349 7131 7309 7314 7516 7129 7218 7095 7582 7647 7578 7344 7919 7260 7573 7464 7424 8266 7369 7312 7247 7148 7433 7424 7916 7566 7464 7396 7061 7688 7201 7135 7278 7996 7726 7050 6959 7746 7511 7437 7377 7416 7469 7196 7454 7042 7231 7848 7508 7583 7275 7088 8019 7241 7157 7376 
5320 5670 5313 5562 5437 5562 5461 5252 5305 5273 5295 5937 5285 5337 5248 5630 5377 5365 5264 5288 5406 5504 5472 5488 5305 5637 5374 5296 5559 5149 5622 5141 5447 5411 5239 5417 5331 5332 5269 5129 5146 5237 5310 5501 5523 5263 5216 5525 5622 5298 5312 5408 5265 5355 5464 5351 5308 5594 5110 5467 5488 5184 5226 5159 5339 5438 5316 5294 5379 5667 5241 5609 5710 5689 5485 5328 5308 5487 5846 5500 5417 5326 5237 5351 5544 5168 5517 5242 5186 5592 5267 5245 5247 5273 5048 5129 5351 5338 5291 5125 
4552 4328 4565 4667 4494 4498 4638 4505 4616 4455 4524 4468 4370 4665 4462 4278 4474 4626 4398 4453 4550 4597 4383 4576 4324 4257 4504 4397 4436 4502 4297 4550 4319 4419 4423 4601 4279 4576 4544 4616 4628 4636 4698 4534 4377 4480 4548 4652 4654 4425 4679 4506 4791 4397 4554 4358 4358 4443 4343 4474 4504 4572 4547 4461 4472 4392 4691 4411 4714 4633 4614 4666 4465 4575 4588 4509 4576 4403 4325 4478 4532 4481 4305 4509 4848 4397 4406 4645 4267 4526 4626 4494 4448 4633 4488 4671 4544 4423 4231 4580 
4079 3881 3926 3890 3890 4151 4206 3914 3999 3910 3870 3877 4006 3997 3964 3989 3836 3965 3859 3817 3964 4107 3988 3893 3862 4231 3973 4217 4009 3868 3941 3980 4142 3897 3941 4049 3922 3943 3944 3978 3708 4164 4117 3893 3886 3964 4105 3999 3888 3860 4046 4093 3910 4007 4068 4118 3999 3788 3921 3803 4133 4201 4025 3780 3915 3993 3955 3897 4026 3931 3998 4063 3947 4171 4084 3981 3845 4179 4015 3970 4003 3920 3788 3835 3899 3975 4067 3876 4098 3761 4020 3986 3808 4056 3915 4133 4158 4048 3894 4252 
3310 3560 3715 3637 3580 3657 3477 3632 3473 3630 3615 3481 3720 3534 3586 3567 3519 3561 3585 3567 3662 3570 3724 3564 3685 3715 3568 3629 3515 3549 3610 3629 3545 3662 3672 3654 3599 3688 3528 3599 3544 3599 3593 3678 3642 3591 3754 3544 3763 3536 3711 3750 3670 3645 3493 3530 3491 3612 3685 3663 3800 3564 3570 3684 3570 3725 3585 3716 3594 3681 3534 3741 3735 3679 3419 3645 3688 3785 3737 3592 3731 3522 3681 3570 3659 3589 3670 3615 3508 3584 3754 3689 3506 3451 3613 3467 3680 3729 3557 3568 
3381 3218 3517 3360 3380 3417 3291 3282 3408 3369 3372 3357 3215 3435 3250 3368 3389 3395 3296 3421 3449 3414 3303 3306 3472 3381 3309 3450 3307 3394 3469 3301 3312 3270 3436 3377 3442 3246 3347 3309 3458 3406 3359 3321 3456 3400 3334 3388 3431 3377 3358 3352 3279 3298 3377 3317 3380 3375 3359 3308 3305 3448 3296 3317 3204 3378 3261 3525 3439 3447 3389 3342 3295 3345 3254 3391 3448 3291 3287 3418 3356 3445 3356 3293 3171 3273 3375 3354 3455 3335 3314 3376 3393 3188 3346 3250 3449 3400 3380 3207 
3108 3175 3177 3175 3037 3123 3248 3168 3270 3178 3183 3146 3148 3094 3231 3127 3244 2977 3052 3152 3248 3209 3315 3260 3198 3120 3237 3342 3159 3053 3115 3205 3186 3164 3147 3108 3199 3285 3137 3147 3189 3050 3169 3101 3194 3122 3039 2985 3171 3146 3127 3168 3062 3054 3165 3121 3282 3139 3302 3114 3179 3181 3102 3146 3078 3287 3231 3185 3158 3143 3319 3153 3214 3203 3257 3296 3044 3110 3214 3216 3191 3175 3263 3203 3115 3147 3098 3085 3067 3063 3162 3235 3160 3257 3199 3273 3145 3085 3105 3216 
2949 3020 3101 3080 2941 2903 3036 3010 3006 3026 2960 3106 3067 2867 2867 2940 2997 2888 3026 3101 2969 3059 2938 2964 3066 3095 2977 3018 2950 2985 3044 2966 2990 2986 3053 3012 2997 3037 2998 2948 3006 2934 2994 3013 2964 3139 3098 3047 3065 2949 2960 2931 2966 2909 3018 3096 3108 3023 3006 2942 2965 3046 2998 3088 3073 2905 2966 2887 3076 2947 2902 3044 2871 3053 2933 3073 2932 2958 3072 3097 2940 3044 2960 2883 3151 3002 3056 2974 2953 2967 3084 3016 2945 3069 3017 2982 3020 2953 2985 3018 
2856 2901 2906 2711 2799 2923 3033 2901 2793 2892 2977 2808 2812 2810 2965 2973 2851 2914 2957 2745 2816 2957 2995 2957 2906 3005 2962 2907 2979 2971 2941 2815 2854 2817 2843 2967 2926 2870 2814 2837 2930 2787 2878 2890 2801 2882 2906 2919 2899 2871 2799 2914 2824 2828 2943 2890 2877 2883 2874 2975 2922 2915 2900 2906 2853 2777 2869 2757 2830 2802 2834 2789 2901 2895 2986 2848 2867 2874 2911 2963 2891 2865 2851 2921 2889 2877 2839 2910 3003 2841 2828 2988 2893 2899 2871 2918 2848 2888 2918 2930 
2731 2781 2882 2844 2730 2749 2757 2788 2670 2727 2699 2887 2738 2808 2815 2777 2839 2738 2811 2797 2799 2722 2808 2783 2788 2829 2763 2788 2686 2691 2738 2764 2764 2739 2794 2732 2797 2829 2806 2745 2805 2707 2805 2925 2745 2836 2859 2642 2766 2730 2709 2677 2719 2814 2782 2825 2874 2781 2882 2795 2739 2774 2796 2855 2814 2824 2768 2820 2798 2812 2703 2764 2679 2796 2808 2739 2764 2972 2705 2776 2845 2754 2895 2749 2767 2867 2820 2682 2763 2729 2720 2795 2781 2811 2781 2815 2738 2752 2825 2753 
2774 2609 2788 2676 2713 2668 2728 2652 2734 2715 2733 2709 2653 2690 2685 2703 2658 2647 2699 2692 2681 2722 2667 2558 2763 2637 2676 2685 2671 2712 2684 2731 2650 2679 2762 2701 2730 2719 2718 2682 2796 2688 2718 2626 2696 2682 2651 2677 2624 2680 2755 2684 2697 2745 2739 2673 2747 2702 2686 2658 2736 2641 2658 2681 2640 2741 2622 2750 2672 2585 2710 2662 2673 2707 2784 2692 2667 2591 2743 2689 2700 2737 2710 2628 2626 2680 2681 2694 2730 2704 2794 2625 2690 2668 2619 2647 2668 2686 2672 2707 
2562 2590 2669 2731 2610 2650 2626 2684 2692 2595 2579 2618 2627 2555 2564 2541 2607 2542 2676 2649 2622 2598 2561 2583 2573 2612 2557 2626 2581 2684 2679 2613 2554 2611 2602 2625 2645 2578 2604 2616 2590 2620 2600 2675 2648 2628 2556 2638 2609 2619 2572 2624 2651 2681 2639 2613 2683 2645 2665 2659 2544 2698 2662 2582 2733 2563 2637 2556 2639 2706 2590 2629 2630 2733 2585 2631 2684 2593 2646 2556 2608 2657 2663 2640 2583 2588 2771 2620 2625 2582 2614 2675 2597 2641 2592 2623 2641 2658 2650 2569 
2610 2522 2585 2576 2577 2582 2597 2580 2623 2559 2547 2529 2539 2614 2527 2601 2622 2596 2578 2549 2572 2569 2514 2504 2563 2501 2553 2637 2567 2558 2527 2592 2600 2610 2638 2551 2427 2678 2582 2617 2635 2619 2601 2572 2545 2558 2530 2615 2566 2543 2546 2613 2625 2540 2511 2529 2508 2562 2613 2594 2571 2514 2627 2589 2482 2484 2522 2529 2570 2501 2534 2595 2645 2505 2541 2643 2588 2539 2524 2581 2558 2581 2521 2565 2534 2563 2560 2552 2517 2617 2582 2564 2551 2622 2589 2635 2499 2595 2592 2568 
2533 2454 2551 2526 2516 2497 2540 2500 2511 2523 2423 2588 2508 2561 2506 2542 2581 2521 2560 2451 2521 2576 2504 2520 2413 2534 2574 2481 2566 2511 2521 2479 2514 2533 2427 2562 2515 2513 2499 2481 2484 2490 2539 2515 2538 2476 2552 2506 2517 2505 2594 2563 2529 2484 2504 2484 2471 2560 2494 2566 2509 2450 2526 2502 2490 2484 2491 2540 2507 2519 2599 2506 2509 2447 2482 2540 2490 2547 2527 2494 2540 2530 2492 2457 2525 2526 2575 2492 2569 2498 2471 2481 2495 2546 2522 2483 2415 2544 2519 2562 
2489 2465 2504 2401 2456 2517 2520 2457 2475 2431 2458 2469 2515 2440 2425 2529 2463 2469 2558 2487 2529 2523 2416 2467 2501 2456 2426 2416 2488 2483 2443 2534 2441 2465 2508 2459 2454 2457 2501 2430 2442 2504 2510 2422 2483 2436 2443 2419 2475 2482 2458 2479 2468 2463 2450 2418 2379 2426 2506 2499 2392 2479 2481 2543 2491 2475 2428 2469 2454 2509 2469 2441 2411 2477 2530 2453 2431 2380 2482 2524 2422 2446 2434 2450 2491 2507 2450 2480 2488 2524 2468 2474 2465 2438 2518 2478 2532 2468 2416 2438 
2429 2467 2420 2482 2383 2460 2355 2405 2389 2453 2443 2514 2454 2420 2411 2437 2386 2430 2420 2405 2443 2421 2474 2390 2462 2498 2438 2409 2431 2382 2365 2386 2393 2421 2389 2508 2519 2413 2415 2452 2451 2514 2467 2427 2397 2450 2431 2477 2494 2452 2454 2401 2393 2415 2362 2451 2433 2489 2400 2470 2381 2411 2385 2409 2395 2465 2428 2364 2407 2464 2413 2381 2398 2402 2391 2397 2418 2382 2435 2434 2412 2450 2427 2431 2451 2435 2383 2393 2452 2433 2465 2405 2410 2412 2391 2379 2461 2370 2466 2445 
2425 2418 2371 2397 2464 2381 2373 2396 2455 2384 2360 2380 2397 2423 2347 2440 2390 2382 2413 2384 2403 2404 2401 2438 2374 2390 2397 2404 2341 2333 2423 2414 2374 2362 2353 2341 2435 2333 2394 2378 2407 2361 2431 2407 2370 2339 2412 2344 2488 2409 2390 2412 2350 2349 2328 2325 2450 2387 2350 2399 2371 2446 2382 2428 2388 2351 2424 2386 2357 2355 2381 2363 2430 2437 2406 2362 2406 2341 2416 2407 2368 2369 2390 2424 2355 2346 2352 2442 2409 2393 2357 2422 2393 2434 2466 2385 2409 2358 2396 2385 
2378 2322 2363 2371 2375 2392 2376 2378 2374 2320 2350 2285 2391 2411 2356 2363 2337 2374 2343 2358 2369 2326 2406 2379 2342 2399 2337 2371 2341 2368 2361 2356 2337 2306 2373 2288 2353 2345 2381 2369 2358 2308 2328 2427 2399 2349 2350 2369 2309 2366 2400 2296 2351 2371 2334 2355 2336 2402 2310 2349 2388 2384 2342 2337 2377 2328 2406 2354 2369 2357 2337 2385 2365 2377 2346 2365 2388 2400 2351 2389 2407 2354 2368 2364 2337 2350 2402 2368 2371 2354 2431 2406 2357 2362 2410 2318 2345 2342 2319 2384 
2316 2354 2291 2331 2322 2272 2318 2298 2327 2329 2298 2363 2282 2324 2340 2280 2317 2322 2349 2375 2351 2292 2342 2325 2330 2324 2303 2283 2351 2301 2337 2320 2340 2355 2325 2322 2315 2303 2369 2311 2338 2330 2317 2348 2307 2354 2320 2301 2319 2329 2390 2336 2296 2381 2317 2362 2395 2356 2277 2311 2372 2328 2278 2296 2334 2286 2320 2323 2356 2270 2380 2356 2351 2316 2312 2338 2302 2319 2390 2271 2354 2378 2294 2342 2374 2316 2299 2257 2364 2337 2292 2336 2363 2314 2372 2308 2387 2322 2350 2352 
2339 2300 2289 2336 2348 2312 2281 2385 2286 2280 2350 2307 2326 2319 2278 2331 2318 2360 2322 2268 2311 2351 2312 2320 2319 2350 2284 2313 2269 2272 2333 2318 2319 2332 2336 2308 2267 2292 2315 2345 2342 2277 2313 2352 2310 2306 2330 2288 2320 2327 2290 2287 2263 2306 2274 2332 2330 2311 2343 2264 2328 2283 2309 2297 2297 2320 2284 2328 2281 2311 2278 2343 2300 2243 2320 2296 2373 2319 2340 2329 2297 2259 2285 2335 2346 2282 2264 2311 2332 2289 2339 2311 2319 2301 2334 2341 2362 2273 2289 2312 
2259 2274 2289 2295 2313 2334 2289 2242 2272 2291 2302 2297 2287 2344 2232 2271 2302 2258 2314 2271 2267 2257 2299 2319 2272 2278 2270 2321 2307 2255 2266 2292 2314 2277 2300 2288 2317 2304 2246 2269 2283 2282 2312 2342 2272 2271 2339 2284 2296 2250 2322 2323 2322 2330 2363 2324 2286 2264 2255 2345 2285 2222 2298 2276 2254 2254 2286 2279 2298 2318 2339 2281 2230 2273 2258 2259 2312 2353 2226 2289 2299 2249 2293 2289 2318 2302 2334 2270 2290 2278 2335 2273 2340 2303 2317 2298 2302 2248 2298 2298 
9495 9097 8825 9732 8654 8694 8545 8849 9259 9030 8912 8884 8765 8594 8558 9145 9054 9854 9254 8919 9173 9274 9120 9230 8788 8961 9195 8618 9021 9208 9116 9039 9041 9009 8749 8866 10023 8890 8712 9518 9117 8372 8905 8883 8985 8844 8704 9045 9296 8906 8811 8775 9238 9560 9156 8865 9525 8666 9329 9336 9162 10477 9069 8969 8886 8577 8865 9101 9698 9493 9336 9038 8387 9574 8811 8591 8966 9896 9235 8634 8331 9315 9056 9268 8931 8895 8888 8823 9034 8573 8973 9818 8934 9331 8750 8385 9665 8735 8717 9186 
6167 6689 6113 6447 6340 6378 6418 6074 6117 6140 6117 6999 6147 6116 6047 6580 6440 6225 6349 6265 6285 6437 6341 6497 6211 6723 6057 6182 6334 5949 6474 5986 6379 6484 6066 6226 6379 6237 6246 6019 5889 6119 6080 6191 6578 6117 6200 6368 6457 6091 6239 6329 6124 6320 6297 6107 6295 6372 5929 6547 6271 6042 6056 5978 6052 6254 6166 6169 6481 6596 6193 6501 6613 6637 6241 6275 6127 6345 6888 6434 6191 6196 6178 6427 6516 5925 6394 6128 6194 6451 6178 6141 6231 6185 5796 5868 6357 6014 6311 5953 
5146 5012 5215 5424 5280 5098 5531 5101 5210 4952 5036 5057 5052 5231 4967 4718 5016 5137 4885 4971 5170 5140 4945 5194 4867 4701 5082 4806 5031 5050 4759 5155 5012 5103 5134 5264 4869 5233 5180 5315 5130 5103 5401 5207 4837 4923 5113 5308 5297 4970 5303 5128 5336 4867 5147 4922 4907 5039 5025 4916 5084 5077 5153 5009 5059 4927 5329 4925 5318 5211 5187 5268 4917 5190 5104 5136 5029 4999 4898 5167 5223 4958 4794 4998 5394 4880 5152 5245 4916 5316 5015 5090 5015 5139 4905 5202 5025 5065 4741 5160 
4546 4311 4416 4321 4199 4552 4746 4328 4370 4250 4210 4264 4549 4495 4448 4430 4247 4326 4181 4152 4300 4734 4426 4278 4293 4681 4341 4658 4491 4238 4415 4403 4652 4379 4420 4491 4226 4245 4462 4454 4116 4608 4415 4244 4247 4389 4582 4506 4257 4202 4529 4370 4324 4578 4556 4519 4422 4185 4363 4206 4566 4712 4350 4072 4345 4494 4381 4240 4545 4266 4532 4489 4486 4628 4463 4414 4259 4702 4401 4538 4400 4366 4120 4312 4226 4433 4498 4397 4478 4312 4555 4355 4236 4441 4380 4663 4635 4355 4341 4783 
3637 3848 3973 4079 3948 3934 3812 3933 3867 3990 3896 3811 4034 3882 3853 4012 3758 3855 4003 3788 4032 3938 4044 3865 4024 3870 3799 4044 3735 3780 3911 3961 3891 3915 3979 3824 3812 3977 3727 4013 3879 3993 3899 4153 3950 3880 4143 3921 4140 4053 4098 3882 3954 4012 3922 3893 3805 3932 4021 4012 4179 3907 3874 4112 3922 4217 3912 4119 3909 4153 3878 4103 4113 4085 3721 4002 4013 4158 3990 3952 4019 3926 3982 3801 3993 3902 4029 3946 3835 3905 4139 3974 3879 3822 3975 3797 3915 4132 3851 3841 
3707 3518 3909 3569 3731 3826 3514 3614 3644 3620 3654 3617 3487 3894 3439 3695 3653 3717 3585 3697 3712 3636 3519 3605 3765 3634 3669 3760 3645 3685 3614 3539 3483 3586 3761 3677 3663 3477 3724 3589 3685 3704 3584 3634 3698 3720 3633 3668 3734 3638 3614 3692 3565 3559 3687 3530 3644 3645 3619 3636 3547 3753 3504 3548 3460 3553 3548 3810 3754 3768 3676 3599 3452 3725 3455 3794 3738 3523 3539 3708 3509 3735 3688 3527 3465 3491 3548 3539 3849 3559 3572 3667 3584 3540 3606 3548 3709 3656 3667 3495 
3282 3359 3429 3388 3232 3159 3443 3357 3515 3436 3532 3350 3432 3331 3394 3478 3524 3280 3242 3409 3384 3385 3600 3557 3355 3344 3406 3611 3464 3342 3280 3454 3527 3400 3388 3311 3424 3486 3471 3387 3338 3325 3440 3291 3462 3382 3301 3166 3426 3397 3398 3450 3300 3289 3408 3324 3512 3384 3593 3331 3362 3343 3374 3319 3277 3522 3569 3457 3436 3312 3584 3413 3471 3447 3526 3473 3207 3362 3538 3406 3476 3357 3500 3420 3249 3374 3361 3312 3311 3308 3343 3552 3321 3414 3349 3510 3445 3277 3328 3333 
3115 3168 3383 3323 3269 3183 3259 3167 3139 3300 3087 3261 3292 3089 3049 3190 3159 3124 3250 3322 3213 3344 3191 3225 3272 3273 3231 3238 3151 3171 3216 3118 3241 3148 3247 3120 3182 3215 3253 3207 3193 3141 3268 3282 3077 3412 3354 3181 3232 3165 3169 3057 3175 3134 3205 3235 3262 3183 3237 3162 3187 3167 3142 3381 3252 3096 3197 3082 3333 3117 3095 3208 3122 3356 3105 3294 3114 3193 3268 3301 3047 3232 3100 3033 3395 3303 3316 3232 3139 3092 3303 3118 3182 3322 3212 3212 3269 3183 3249 3184 
2946 3027 3144 2895 3033 3062 3301 3112 2909 3015 3129 3038 3043 3026 3181 3137 3086 3062 3146 2952 2957 3148 3145 3178 3046 3254 3165 3021 3098 3088 3106 3088 2995 2988 3047 3123 3101 3036 2994 2966 3089 2960 3072 3050 2965 3003 3161 3203 3063 3104 2953 3057 2948 2996 3126 3024 3068 3093 3037 3077 3075 3108 3131 3120 3087 2968 3037 2999 2993 2933 3029 2990 3086 3058 3106 3043 3061 3128 3169 3178 3071 3061 3042 3141 3127 3140 3069 3084 3218 2945 3102 3149 3102 3141 3077 3122 3079 3010 3112 3145 
2905 2930 3077 2967 2941 2927 2977 2887 2866 2889 2896 3101 2914 2927 3020 2965 3085 2878 3009 2946 3013 2871 3002 2940 3016 3017 2936 3048 2798 2867 2861 2914 2957 2929 3021 2932 2970 2978 2901 2916 3058 2870 2977 3071 2869 2975 3006 2891 3002 2928 2859 2836 2917 3047 2895 3001 3026 2949 3006 2949 2932 2978 2988 3031 2875 3050 2987 2908 3035 2999 2861 2979 2890 2941 3019 2933 2969 3174 2842 2928 2998 2985 3046 2894 2916 3007 2988 2851 2900 2946 2897 3004 2950 3043 2954 2978 2888 2958 2948 2875 
2871 2802 2934 2843 2881 2844 2853 2839 2872 2881 2899 2824 2915 2813 2810 2867 2794 2858 2882 2848 2893 2871 2843 2744 2885 2807 2870 2836 2884 2883 2862 2893 2760 2785 2920 2872 2873 2877 2838 2787 2954 2790 2850 2788 2874 2827 2906 2904 2832 2851 2926 2844 2863 2867 2892 2906 2865 2839 2852 2795 2898 2829 2813 2820 2821 2917 2821 2880 2881 2774 2920 2766 2767 2832 2926 2904 2807 2771 2900 2842 2898 2898 2863 2811 2800 2857 2873 2854 2949 2890 2953 2801 2847 2841 2794 2779 2876 2835 2880 2868 
2771 2769 2932 2805 2766 2805 2748 2810 2832 2773 2764 2751 2792 2712 2696 2685 2758 2659 2831 2771 2752 2787 2724 2717 2773 2721 2703 2804 2692 2792 2837 2735 2703 2721 2782 2774 2823 2703 2773 2749 2749 2784 2732 2785 2782 2825 2697 2804 2723 2773 2749 2727 2823 2835 2794 2786 2824 2796 2873 2725 2664 2890 2698 2740 2887 2738 2782 2675 2823 2874 2728 2764 2757 2929 2765 2732 2863 2732 2817 2698 2727 2761 2798 2822 2710 2769 2921 2735 2822 2700 2706 2866 2801 2726 2744 2750 2757 2816 2799 2696 
2768 2633 2705 2731 2773 2669 2703 2693 2800 2764 2707 2666 2677 2748 2680 2769 2784 2725 2720 2749 2746 2750 2651 2589 2689 2641 2684 2779 2697 2683 2643 2723 2710 2755 2820 2683 2598 2765 2732 2725 2794 2752 2768 2753 2729 2764 2628 2707 2695 2684 2677 2744 2710 2705 2656 2671 2650 2735 2738 2712 2707 2668 2756 2695 2626 2626 2708 2679 2742 2666 2708 2772 2815 2628 2681 2784 2711 2780 2699 2708 2715 2712 2678 2672 2660 2787 2696 2661 2689 2790 2751 2740 2726 2757 2729 2809 2654 2713 2742 2734 
2675 2613 2699 2690 2657 2597 2702 2604 2634 2659 2610 2726 2622 2641 2590 2676 2746 2603 2680 2600 2685 2721 2651 2658 2591 2643 2720 2612 2726 2655 2679 2619 2607 2658 2581 2717 2651 2627 2651 2615 2645 2601 2673 2671 2668 2632 2717 2673 2635 2661 2712 2764 2649 2615 2663 2645 2634 2652 2677 2687 2652 2606 2616 2577 2648 2610 2603 2654 2680 2676 2768 2655 2660 2572 2613 2674 2597 2657 2727 2652 2679 2687 2613 2569 2690 2728 2716 2592 2697 2650 2627 2640 2616 2621 2649 2577 2555 2692 2641 2670 
2683 2543 2619 2521 2598 2635 2632 2600 2583 2554 2599 2600 2651 2604 2529 2633 2593 2588 2713 2614 2679 2705 2565 2523 2611 2571 2558 2534 2577 2626 2517 2705 2574 2604 2607 2590 2607 2622 2686 2558 2588 2535 2656 2533 2576 2637 2576 2532 2580 2660 2595 2598 2576 2554 2623 2517 2485 2569 2686 2602 2492 2554 2621 2647 2602 2641 2546 2596 2552 2627 2587 2557 2547 2598 2676 2602 2571 2498 2685 2618 2571 2531 2550 2536 2574 2639 2609 2615 2662 2682 2641 2588 2579 2573 2652 2585 2695 2626 2605 2516 
2578 2581 2560 2570 2478 2556 2471 2575 2556 2574 2545 2637 2555 2553 2563 2552 2521 2583 2578 2529 2562 2545 2577 2499 2563 2591 2547 2527 2525 2512 2518 2537 2518 2550 2575 2629 2682 2519 2548 2537 2593 2607 2581 2567 2504 2551 2560 2593 2566 2582 2579 2545 2502 2510 2477 2602 2585 2614 2488 2599 2552 2530 2549 2471 2536 2600 2550 2491 2556 2564 2529 2502 2508 2492 2549 2540 2547 2470 2573 2564 2592 2590 2553 2549 2579 2589 2517 2549 2572 2575 2596 2558 2552 2564 2471 2503 2573 2489 2573 2583 
2578 2566 2510 2529 2562 2504 2503 2528 2548 2488 2506 2442 2523 2536 2487 2508 2521 2503 2474 2503 2466 2538 2520 2522 2502 2491 2501 2550 2470 2486 2541 2517 2459 2484 2455 2463 2584 2431 2528 2502 2560 2477 2607 2524 2476 2462 2534 2455 2596 2543 2530 2525 2475 2482 2435 2432 2602 2520 2465 2485 2492 2546 2514 2528 2507 2508 2499 2516 2494 2502 2490 2471 2573 2600 2538 2477 2481 2450 2549 2524 2517 2498 2496 2511 2452 2491 2483 2524 2522 2485 2454 2523 2505 2553 2570 2551 2514 2461 2525 2525 
2490 2477 2459 2486 2479 2518 2453 2486 2446 2453 2495 2384 2486 2545 2480 2496 2417 2477 2450 2486 2506 2432 2552 2490 2443 2487 2461 2513 2426 2483 2518 2475 2493 2428 2490 2421 2474 2435 2494 2510 2454 2442 2446 2452 2473 2503 2455 2486 2428 2460 2475 2426 2416 2490 2451 2484 2471 2549 2435 2502 2526 2463 2504 2470 2494 2436 2477 2458 2489 2511 2440 2456 2462 2492 2462 2499 2515 2504 2480 2486 2492 2494 2534 2463 2483 2493 2501 2552 2513 2471 2511 2468 2506 2493 2525 2418 2464 2454 2438 2510 
2495 2465 2386 2437 2498 2375 2469 2398 2439 2445 2399 2474 2396 2443 2455 2373 2443 2405 2474 2466 2437 2404 2454 2410 2427 2478 2393 2390 2423 2415 2484 2429 2445 2456 2434 2395 2440 2423 2488 2416 2394 2448 2432 2431 2376 2449 2388 2417 2411 2451 2507 2390 2413 2443 2432 2424 2508 2495 2378 2440 2494 2467 2385 2401 2461 2389 2448 2439 2471 2388 2520 2462 2443 2437 2442 2461 2417 2436 2551 2395 2472 2503 2382 2417 2475 2405 2403 2365 2488 2447 2400 2488 2450 2428 2494 2440 2494 2447 2464 2471 
2435 2422 2388 2447 2483 2415 2419 2447 2358 2353 2425 2424 2432 2450 2413 2446 2419 2497 2440 2414 2409 2424 2422 2396 2429 2454 2377 2411 2378 2354 2398 2433 2438 2431 2441 2411 2367 2440 2426 2478 2473 2346 2424 2484 2413 2423 2433 2383 2385 2411 2356 2422 2371 2418 2362 2433 2413 2444 2451 2398 2412 2339 2419 2374 2373 2431 2424 2458 2360 2419 2395 2469 2404 2360 2453 2423 2501 2434 2431 2446 2407 2366 2346 2407 2486 2372 2356 2395 2434 2412 2454 2443 2398 2362 2443 2443 2480 2392 2371 2436 
2317 2387 2361 2377 2423 2419 2356 2353 2405 2368 2390 2398 2355 2447 2341 2360 2379 2369 2464 2336 2381 2375 2358 2426 2361 2396 2347 2420 2438 2353 2351 2362 2395 2400 2416 2384 2388 2411 2360 2322 2357 2407 2415 2432 2392 2387 2453 2385 2373 2351 2428 2429 2389 2433 2470 2449 2412 2381 2320 2464 2342 2317 2432 2356 2307 2323 2403 2379 2410 2420 2410 2373 2305 2373 2341 2361 2396 2495 2317 2382 2392 2372 2426 2384 2447 2412 2426 2351 2391 2354 2435 2339 2453 2380 2456 2358 2364 2349 2419 2439 
