MergeSort QuickSort TimSort OESM Cook_Kim LIS LIS_treap BothAlgo 
1180442 981429 940837 920891 907500 898116 891154 886002 881727 878513 875567 873129 871372 869522 868447 867105 866107 865061 864283 863325 862789 
1988023 2099331 2001344 2016702 1995316 1951655 2048807 2041264 1982021 2017776 1938857 1974657 2066341 1891252 1960533 1985154 2134290 2031715 1982446 1975703 1932425 
1669813 1223597 1054830 962936 907994 870700 844515 825004 810269 800212 789476 781911 775867 771132 767114 762794 760030 756976 754285 752244 750134 
1266471 1063137 998722 913557 873853 875202 847090 795180 758233 741111 718206 716318 715748 720265 720456 720456 707312 682394 623558 625529 601060 
3192046 1651758 1107142 857183 708644 616806 556506 508245 474345 451503 426669 410777 395342 383782 373954 363103 356005 349571 342707 337205 332865 
2018811 857133 637667 529790 461836 413598 378468 352174 331663 317482 301547 291416 280736 274507 267924 261334 256424 251996 246986 243693 241388 
2169775 867268 658521 558255 497537 449569 417724 391583 369301 355040 338402 326794 316748 309003 301583 293108 287790 282301 275787 271981 268873 
1832597 784105 603085 517861 466282 432890 409625 391079 377699 368289 358784 351975 346432 342294 338422 334774 332431 329709 327160 325161 323464 

