MergeSort QuickSort TimSort OESM Cook_Kim LIS LIS_treap BothAlgo 
8 21 30
18674497 18675019 18674088 18674115 18674664 18674793 18675757 18673881 18674581 18674856 18674976 18674934 18674478 18673553 18674919 18674849 18674592 18674737 18673791 18675524 18673743 18675205 18674665 18675049 18675776 18674257 18675132 18675149 18674717 18675034 
11504158 11501724 11501101 11499339 11505134 11501651 11499070 11500891 11500375 11498491 11498260 11498588 11498202 11500735 11502252 11498771 11500654 11500377 11499204 11504339 11500195 11500873 11500654 11501684 11500825 11502142 11499078 11501079 11500495 11498608 
11089138 11090860 11089922 11089095 11089727 11091510 11090095 11093575 11088821 11091995 11094389 11090930 11093402 11091550 11090271 11091584 11093996 11094608 11091874 11092194 11090364 11089921 11090738 11093154 11091350 11093239 11091436 11092720 11091370 11091688 
10878189 10876550 10878806 10878276 10879062 10878795 10877851 10877078 10877199 10879349 10876875 10878353 10877822 10879162 10878060 10877329 10877428 10878920 10878048 10878264 10876585 10877242 10879274 10878853 10878923 10877802 10877692 10878258 10879780 10878241 
10741686 10742992 10742295 10741968 10742497 10740780 10742421 10741253 10740288 10743057 10743123 10742795 10741504 10742137 10740817 10742107 10742395 10739644 10741224 10741819 10740043 10741357 10740978 10742164 10739494 10742349 10742081 10742533 10740284 10741801 
10645003 10645058 10643287 10643759 10645359 10644389 10644347 10645280 10643510 10645408 10644012 10645549 10643821 10644142 10644333 10643426 10643037 10644605 10642589 10645029 10644612 10644505 10644527 10646270 10645378 10644712 10644813 10644032 10644315 10644236 
10572301 10572268 10571806 10572250 10572272 10572742 10571881 10571972 10572252 10571678 10570768 10571138 10571095 10570200 10571046 10572160 10569627 10570840 10571960 10572962 10571626 10571257 10571106 10572506 10571888 10571259 10572137 10572805 10570964 10571965 
10514454 10516037 10515934 10514344 10514420 10514098 10514147 10514154 10515077 10514355 10514062 10514761 10514244 10514289 10513466 10514691 10514779 10514520 10513854 10514128 10514311 10515708 10515393 10514711 10513932 10514680 10513203 10514304 10515064 10514863 
10467741 10468813 10468017 10469448 10467782 10468697 10468739 10467786 10467103 10468843 10467607 10467878 10469556 10466066 10467370 10467943 10469116 10468460 10467160 10467712 10467520 10467449 10468542 10469336 10468011 10468116 10469097 10468615 10467403 10468598 
10429460 10429341 10429727 10430533 10431276 10430672 10431397 10431235 10429860 10429695 10430025 10429831 10430236 10430341 10430343 10429293 10430327 10430575 10431308 10429859 10430397 10429678 10429891 10430114 10429719 10429215 10430875 10430966 10430302 10430000 
10398692 10398480 10398401 10398076 10398863 10399032 10398383 10397066 10398176 10398554 10397960 10398748 10397930 10397742 10399257 10398464 10398714 10397301 10398161 10398193 10397633 10398019 10396985 10397110 10398681 10398693 10398312 10398137 10396816 10398904 
10369906 10371406 10370290 10371090 10370267 10370350 10370179 10369703 10371585 10370007 10370268 10371621 10370725 10369783 10370641 10370983 10371036 10370074 10370593 10371314 10371125 10370313 10370873 10371655 10370230 10371776 10370906 10370336 10369421 10370870 
10345863 10346571 10346384 10348143 10346929 10346238 10347003 10347279 10347024 10346439 10347184 10346395 10346004 10346669 10347026 10346976 10346999 10346825 10346534 10346967 10347341 10346713 10347309 10347797 10347279 10346853 10347023 10347458 10346704 10346839 
10325743 10326410 10327256 10326579 10326676 10326197 10326240 10326552 10326686 10326553 10326082 10326839 10327189 10326853 10326078 10326241 10326415 10326762 10326308 10325617 10326213 10326009 10326913 10326892 10326951 10326369 10326989 10326574 10325306 10326320 
10308547 10308245 10307910 10308614 10309407 10307891 10309152 10307714 10308341 10307640 10308152 10308299 10309262 10307899 10308103 10308364 10308525 10308440 10309815 10308579 10308197 10308529 10307757 10307644 10308537 10308718 10308071 10308299 10307506 10307607 
10292184 10292666 10291483 10291558 10292436 10292273 10291624 10292402 10292160 10292866 10292092 10292856 10292036 10292087 10292783 10292584 10291914 10292071 10292013 10291154 10291329 10291623 10292428 10291724 10292205 10291548 10292514 10293368 10292043 10291459 
10276900 10278779 10278198 10277003 10277666 10277111 10277420 10278002 10278326 10278103 10277822 10276793 10277361 10277675 10278005 10277573 10277833 10277615 10277208 10277930 10276788 10277882 10277578 10277058 10278028 10277508 10278255 10277960 10278146 10277444 
10264611 10264865 10264067 10264750 10265647 10265417 10265405 10264995 10264864 10265645 10264715 10264791 10265281 10264819 10265716 10264421 10264613 10264504 10264582 10264238 10264994 10266591 10264745 10263502 10265681 10265283 10265108 10265236 10266525 10265318 
10253822 10253764 10253589 10253536 10253286 10252951 10253745 10253974 10253371 10253178 10253642 10253262 10253940 10253622 10253707 10253193 10254181 10253419 10252746 10252673 10252890 10253770 10253138 10252609 10253096 10253816 10252756 10254100 10253441 10252874 
10241963 10242930 10242481 10242945 10242788 10243002 10242836 10243138 10242945 10242906 10242844 10243641 10242017 10242562 10243059 10242658 10242721 10242251 10243287 10242586 10243361 10243738 10242465 10242901 10243050 10243268 10243524 10242923 10244088 10243605 
10232747 10232535 10232726 10232906 10233178 10233343 10232749 10233212 10233192 10233300 10232881 10233198 10232826 10233893 10233089 10232682 10233106 10232505 10233186 10231804 10233343 10233676 10233323 10233280 10233498 10233559 10232705 10233239 10232577 10233174 
24219996 24581874 24742193 24514340 24717301 24467179 25336854 23989463 24003606 26094273 24709300 24514715 24910956 24539151 24104076 24125193 24418179 24702282 26343847 23741266 26066725 24127846 24047349 24816252 23778186 24644653 25319441 24677371 24654171 23842960 
25330762 24588611 24127396 25073606 23842396 25405383 25510064 26789153 25651581 24366587 25892151 25483726 24540301 25119774 25576771 23725769 25391247 24151737 25587924 24265333 25156875 23507196 23945429 24489858 24984208 26235984 25247524 24040904 24396361 25116656 
23945593 25458068 24529521 25449495 24421972 24840291 24075473 23541776 24596320 24591187 25459372 24359405 25729529 23815006 25564097 23460701 24299917 25714081 25321799 24485786 23792056 24525455 24724053 24854427 24574485 24927769 25422852 25035488 24993875 25525878 
24716630 24312851 24200742 25319444 25049409 25144154 24572071 25098354 24640096 24428563 24846698 24443160 23920602 25029876 24522628 24965539 24879429 24934022 24157138 26339071 24738832 24427360 25232061 24750217 25238965 24064109 23626572 25419818 24438793 24286997 
26052502 24179853 24390382 24518666 24186929 24543800 25325120 24595780 25990848 24604272 24606665 24393017 24756399 25161015 25226895 24003104 24157528 23796714 25512198 24295437 25135381 24813448 24005527 25934913 24799835 24252220 26111051 24562999 24935326 25629826 
23285180 24044124 24994885 24339023 24842210 24331092 24681724 25221715 25024436 24499621 26866468 24473674 23742301 23902372 24967350 23673651 23730442 24468544 24501080 24221829 24545909 26159003 24645121 24430799 25126014 25697795 24813886 25155480 24306786 24711297 
25528434 24286886 24053283 24346147 25474542 24358586 24410161 24660861 24512849 24275600 25461237 25343831 24778587 24280747 24866475 25155553 24852856 24240401 24510281 23822537 24792214 24885585 24216154 25897422 24936374 24424790 24204980 24919499 24916049 25307083 
24237374 24389317 24553312 24591925 24589148 23821770 24348670 26227040 24164986 25385450 26071038 25243990 25586459 24079934 24775898 25223851 23705091 24782379 24139283 24651446 24314611 23856472 24341292 25468173 25063476 24381079 24883478 24440629 24106021 25413810 
25040951 24477389 25359484 25766635 24287697 24543925 25842371 25668559 25823652 25018878 25519722 24468511 24080130 24107104 25229885 23722918 24859600 24523922 24032712 25065377 25340777 24759054 24612328 24902247 23835301 24821002 25542558 24640099 24889694 24242525 
24927142 25050677 25454146 24721299 26181520 24648029 24996247 24369000 25056272 24146264 23912455 24538970 24739453 24865136 25012483 26124460 24631535 25552200 24965517 24809913 24203706 24727652 24911655 25176143 23879996 24249730 25202330 25914017 24330023 23982922 
25631881 25032835 23920976 23751768 23726445 24673230 24398000 25417766 24639136 24507537 25223860 26090441 25137772 24847907 25002050 24435877 24902859 24275597 24469755 24694852 24397379 24865563 24779612 24470648 24269113 24303486 24163646 25069061 24316723 24265902 
24205722 25281179 25159472 24782683 25211625 25532953 24980116 24428154 24718068 24485474 23922908 24105817 23654166 24915734 24272928 25079738 25659331 24734513 24169933 23954299 24834830 24069951 24462651 24622066 26238570 24419109 25678463 24464692 25367537 24424000 
25059743 24895607 24568387 24333120 25474807 25237640 25466484 24736499 24787640 24106658 25394454 25928533 24680380 24472504 25426019 24025146 25033702 24532560 24141532 26499368 23637203 24566972 26327319 25271236 25466593 24438493 24245824 24385749 25455795 25177108 
25376268 24901863 24191233 24520564 24578001 24739292 25106532 24365037 26680182 25224336 24290020 24352801 26005244 24138674 24249486 25480088 23974292 24968815 24101926 24927934 24596686 24372902 24308996 23732088 24321273 24826780 24221545 25364810 24260646 26391245 
25618733 24343819 24345358 23973622 24603456 24543344 24212843 24406768 25263636 24790308 25438952 24805757 24623013 23823223 24515384 25043123 24812842 25546602 24307480 25428373 24636695 24174117 24247939 25092075 24578220 25519814 25519290 25090154 25126392 25334488 
24911106 24310148 24456575 24803311 25688846 24837545 24528046 24809954 24996955 25459374 25770894 24696772 24004337 24282321 23923724 24889440 25117414 24376086 23429324 24371745 24991449 24755197 25678991 25280277 25368731 26636944 24367027 24970190 23832337 24417585 
24436443 25891290 25243325 23838206 25915445 24137049 25166538 24284784 24043716 24268241 23943178 25596579 25750503 24501971 24808447 24589423 25649879 24159492 24930099 24743874 23737679 24871589 24554802 25654670 24395170 24713703 23691283 25454656 24461157 24521523 
23723742 24626296 25013353 24868043 25352772 25312000 24377147 25587011 24277804 24520022 25719278 24602129 24937158 24526529 24606606 25834856 25445568 24753543 25597795 25163078 25038537 24079910 24150546 25617967 25785150 23634987 24124668 24561907 25637213 24073395 
24244048 24539285 24378806 24461815 24693417 23771741 24818017 25283175 24021065 23786484 25768921 25054732 24082049 25763441 24859225 25105222 25482927 24123707 24705246 24634428 24869768 24133574 24653030 24711251 24031945 24767624 24008945 24320124 25674380 24151923 
24170394 24098202 24381840 24893041 25412853 24102734 24919838 24231922 23925633 24089613 24643895 24844944 24681585 23995684 23867062 24964760 24639152 24188973 24610938 24822823 24383004 25510681 25677657 24911068 24254418 24948469 25360088 26533771 24714508 24562966 
24003083 23800572 24474450 26741059 25528634 25087274 25404568 24708763 24861191 24948798 24166655 24644209 24816459 24261805 25085995 24491879 23706039 24490042 24510867 24435919 24023128 24212543 24417525 25379675 26161555 24525341 24156904 24731991 24720380 24504327 
23538393 23551596 23531361 23555490 23541820 23533069 23547482 23530724 23535895 23537483 23545878 23547000 23540461 23536308 23547797 23537932 23545571 23544512 23549645 23545006 23544152 23546266 23537934 23537353 23548938 23541140 23540563 23544430 23533410 23543948 
13800840 13812390 13813631 13829499 13814105 13819580 13812378 13804387 13809738 13805192 13816026 13817691 13818688 13815729 13815227 13808742 13820045 13818284 13804189 13815842 13819903 13805855 13813876 13815302 13819863 13805695 13814734 13837425 13820910 13808660 
12095863 12096808 12100809 12093021 12099377 12093765 12096034 12112638 12088713 12093649 12105545 12104712 12103241 12104183 12097658 12107645 12117218 12111624 12105103 12098036 12089992 12100532 12098746 12105269 12105365 12111164 12105493 12109005 12105125 12099705 
11167923 11169130 11166781 11162608 11171032 11165645 11166446 11160234 11166748 11170287 11165770 11172784 11156192 11181335 11162244 11166827 11176884 11170469 11166983 11170680 11163107 11166733 11172863 11164724 11165194 11162674 11166581 11174221 11177997 11167908 
10598563 10598825 10600604 10593217 10603896 10592733 10598740 10592996 10589424 10595635 10596244 10597243 10595621 10592183 10594157 10593102 10603618 10592598 10598018 10596391 10588372 10595658 10592875 10602040 10594912 10597840 10598005 10592310 10589399 10594398 
10216738 10219983 10210783 10210820 10219000 10218097 10217100 10217101 10210709 10215443 10214082 10214424 10208828 10215650 10212830 10207806 10208948 10216758 10206355 10218197 10215861 10215385 10217305 10219021 10213776 10214129 10217061 10208953 10213411 10211424 
9947075 9945806 9947749 9945659 9951715 9949040 9943708 9947338 9951257 9945111 9942559 9942425 9946108 9938137 9941047 9948559 9939790 9941140 9945240 9945015 9941860 9942495 9943222 9944519 9944991 9945801 9946137 9944468 9940110 9946842 
9744817 9748141 9746173 9745998 9744191 9739269 9744749 9745221 9748873 9745262 9747809 9748172 9745528 9748661 9739928 9746421 9745290 9745610 9739379 9744934 9743347 9749589 9745362 9747504 9742814 9744374 9743628 9745541 9743254 9746472 
9587570 9587713 9587971 9594569 9591106 9592210 9591992 9589759 9592047 9592013 9590278 9590598 9593705 9584788 9591682 9589866 9592879 9590297 9587639 9593686 9592302 9592777 9590598 9594365 9591786 9588414 9592012 9593316 9591081 9591351 
9468621 9470090 9467709 9472523 9472745 9473036 9470884 9472814 9471665 9470445 9471011 9471381 9471836 9471782 9469210 9468707 9470497 9472358 9474683 9469593 9472269 9468915 9469735 9472601 9468746 9469376 9474874 9472119 9469439 9469963 
9372626 9371807 9373225 9372573 9374202 9373974 9371251 9372440 9374959 9373549 9372526 9376501 9374303 9373358 9373457 9374805 9374703 9371504 9373725 9374808 9369868 9373424 9373396 9370021 9372061 9372712 9373529 9372978 9370812 9375638 
9290748 9293797 9294436 9293305 9291239 9291290 9287918 9288851 9291865 9290080 9292652 9293146 9291842 9291075 9290433 9292662 9291769 9290132 9293805 9294875 9293443 9289858 9292230 9293839 9292660 9293373 9295170 9291353 9291283 9292734 
9220874 9223741 9222998 9226392 9223378 9224409 9223106 9226379 9225457 9222019 9224896 9222713 9222766 9223482 9224169 9224301 9224468 9224635 9221711 9226265 9223040 9225261 9226617 9226139 9226414 9225950 9224295 9225438 9221872 9223126 
9166448 9167671 9169277 9167727 9167433 9167686 9167725 9166702 9166636 9167187 9166090 9167126 9167585 9165872 9166490 9166598 9169132 9166991 9166988 9166126 9166708 9166432 9167681 9167934 9168195 9166860 9168893 9169237 9163872 9165538 
9120327 9117376 9117692 9118356 9120305 9117644 9119310 9117190 9118044 9117181 9118611 9118342 9119643 9116398 9119139 9117986 9118961 9118786 9119815 9119396 9118516 9118568 9115585 9116600 9118300 9118921 9116928 9118723 9117185 9117876 
9075631 9074744 9073687 9073895 9076950 9074974 9074512 9074652 9074567 9074583 9075582 9077045 9074663 9075401 9075962 9074492 9074805 9075221 9074900 9075066 9073790 9076459 9075767 9074082 9075904 9074713 9076009 9076373 9074727 9075170 
9036620 9040145 9036840 9036637 9037383 9036162 9037318 9039454 9038734 9039152 9035079 9037587 9037242 9036609 9038271 9036552 9038175 9037316 9036089 9039524 9037557 9036794 9039043 9037680 9037301 9037366 9040615 9036781 9037726 9038380 
9003637 9004802 9003810 9005281 9005324 9006747 9006085 9004951 9004151 9006831 9004849 9004918 9005396 9005469 9005382 9003756 9003889 9003943 9005005 9005074 9004562 9006261 9005115 9003966 9006854 9005687 9005340 9006138 9006972 9006082 
8976725 8976461 8976100 8977782 8975776 8975397 8977126 8975973 8975883 8976299 8975228 8974765 8976111 8975426 8977099 8976869 8976713 8977641 8974819 8974212 8975094 8976230 8974245 8974970 8975663 8976623 8974150 8976421 8974783 8976228 
8948348 8950099 8951124 8950649 8951053 8950062 8949452 8951152 8950711 8950151 8949671 8951016 8948931 8949966 8949155 8950368 8949096 8950020 8951552 8948807 8949867 8950261 8949712 8950643 8949020 8950460 8950767 8949856 8952397 8951160 
8926469 8925651 8926406 8925753 8926769 8926647 8925551 8925073 8926821 8925780 8925399 8925104 8924712 8927025 8925953 8926285 8926484 8926581 8925123 8925122 8927305 8928209 8926801 8927388 8927581 8926302 8925625 8925386 8926910 8926761 
19200433 19199604 19201110 19201666 19201644 19201666 19202354 19201771 19202214 19201181 19200201 19202387 19201479 19201454 19200816 19202430 19203345 19200862 19200991 19200954 19199683 19202066 19201549 19202975 19199753 19201729 19200883 19202264 19201169 19201705 
11768688 11768205 11768311 11739551 11770706 11782623 11752701 11773466 11747924 11745079 11727398 11786653 11775789 11757851 11783011 11760550 11750596 11747070 11759423 11745952 11781752 11775987 11728071 11742456 11738812 11766077 11750528 11760752 11746085 11755468 
10393503 10401506 10403080 10397551 10338828 10399998 10376426 10372311 10380516 10381256 10405040 10404235 10449314 10437889 10378473 10408160 10526340 10428505 10403871 10353341 10443253 10350659 10417149 10411569 10453941 10402769 10391041 10382473 10413928 10420735 
10202092 10185007 10210381 10208838 10206770 10204799 10231000 10235671 10205702 10221648 10237010 10207611 10221344 10201650 10236670 10214168 10217391 10210201 10254597 10192624 10240533 10224496 10212174 10241256 10218690 10190139 10213062 10208351 10205901 10224750 
9608299 9621769 9652553 9626553 9683836 9574515 9501750 9613677 9649114 9533673 9656003 9672322 9576374 9611349 9573602 9671248 9581452 9529279 9645857 9579965 9532261 9686456 9674654 9556240 9478710 9633956 9713659 9656062 9543006 9576390 
8837799 8905215 8819789 8845046 8800966 8850268 8811537 8817208 8843384 8886670 8815356 8840720 8854527 8845187 8856966 8924855 8957998 8895125 8890365 8872013 8848142 8862982 8866995 8803771 8814925 8805293 8854552 8890311 8807661 8889058 
8585627 8691752 8627147 8601520 8636494 8636143 8622434 8665512 8603157 8611680 8617975 8647210 8615392 8614003 8594351 8594942 8593766 8614153 8667569 8658196 8629128 8611582 8601262 8615481 8625251 8675562 8625523 8624124 8616539 8630498 
8651398 8633663 8646154 8628647 8627642 8632060 8664893 8631059 8638678 8682628 8640917 8648830 8637801 8644864 8651729 8648454 8644185 8632620 8654966 8648210 8656049 8630707 8619407 8664702 8662690 8618131 8635271 8647062 8614232 8626730 
8707829 8718655 8704574 8731809 8722317 8709617 8721854 8688562 8681082 8682849 8712280 8678947 8720601 8698658 8677927 8724613 8741134 8687940 8709319 8676151 8707970 8747530 8712937 8695034 8715065 8720382 8692318 8721468 8695919 8732057 
8591740 8528997 8575560 8546697 8446670 8601443 8427164 8502032 8463253 8567563 8443204 8559755 8595454 8496344 8401185 8515352 8493326 8565186 8446008 8583195 8502977 8620040 8575167 8483279 8537790 8539394 8593371 8645630 8566378 8454084 
7945622 8203843 8018723 7973645 8061984 8041348 8096976 7987035 8149919 8006031 7930431 8075543 8107011 8047204 8063291 8245948 8060398 8078668 8032508 8056993 7986687 7918761 8112345 7803318 8022648 7943799 7994957 7972805 8066341 8180122 
7517554 7611628 7685652 7633265 7714161 7437637 7427135 7774724 7580502 7603411 7560052 7561904 7635276 7607568 7702487 7531511 7542263 7582777 7619627 7649748 7694839 7636841 7566462 7673099 7613919 7721429 7683606 7637218 7676986 7565732 
7307422 7349501 7410468 7402019 7282744 7281059 7364214 7326351 7296725 7353911 7330062 7182308 7291004 7297774 7372444 7281888 7489917 7349756 7301876 7399219 7305859 7337102 7276799 7350702 7333927 7237774 7322035 7289884 7374369 7227185 
7194122 7201484 7175473 7122000 7281435 7162089 7182344 7182275 7154649 7227543 7144674 7177608 7228881 7250444 7180313 7136991 7232978 7135169 7144110 7146720 7201403 7175319 7123658 7170894 7169176 7114873 7166714 7317146 7086922 7184673 
7051406 7076362 7179922 7172975 7152435 7046189 7127825 7096844 7130664 7122473 7143358 7127175 7099709 7056929 7089345 7117954 7061925 7119733 7110876 7060671 7085398 7083368 7103855 7047275 7152572 7160706 7140817 7123093 7090803 7076715 
7033446 7067868 7048977 7043188 7075043 7105658 7044892 7055447 7063233 7074993 7070548 7056129 7088598 7143625 7096524 7043654 7065157 7100665 7069306 7073426 7085237 7119525 7110201 7062021 7056718 7058787 7050526 7045071 7125332 7061717 
7067978 7052934 7083283 7088382 7085440 7102063 7062173 7057470 7078730 7066167 7065131 7106441 7065703 7069080 7122736 7050680 7049232 7054450 7060664 7068072 7064370 7054705 7098462 7076159 7116657 7090447 7048850 7114466 7059465 7085541 
7074791 7123741 7080106 7100841 7074065 7087869 7086669 7089411 7116685 7062715 7078152 7075152 7095155 7058881 7112981 7091448 7088883 7066957 7096691 7072504 7097371 7069744 7079682 7070325 7079467 7086180 7078797 7081805 7084884 7081514 
7107869 7097167 7084375 7168036 7112937 7141763 7129104 7105484 7149910 7135715 7120110 7120573 7117440 7126081 7139673 7109319 7111939 7123389 7113702 7087533 7101327 7075203 7115880 7097778 7108949 7113163 7179137 7109629 7126189 7086480 
7190706 7137400 7175544 7158549 7087459 7163867 7134350 7141515 7200669 7169218 7178934 7113861 7172743 7147443 7209172 7135869 7155814 7149414 7155486 7129498 7163397 7157438 7188629 7194329 7149577 7155460 7148732 7117530 7096535 7207602 
7210837 7190371 7177768 7176798 7224598 7209068 7220651 7293438 7148769 7238694 7139295 7213142 7241268 7178914 7204414 7174759 7209679 7206419 7137090 7170102 7228662 7241357 7266782 7231777 7221016 7199756 7137855 7183063 7223331 7239049 
39395820 39832084 39928855 39616381 39759471 39600121 39598750 39730415 40000674 40036807 39708138 40027903 39792762 39472591 39856357 39526067 39336933 39748197 39947762 39744493 39751299 39698332 39713540 39440576 39674435 39645668 39607380 39969735 39620703 39998680 
18937742 18954665 18949502 18945933 18997549 18959956 18966806 18912144 18980755 18965763 18941783 18991944 18967372 18945414 18990679 18949740 18923457 18953274 18947383 18995049 18957171 18944588 18948217 18941976 18932882 18972835 18917309 19012492 18959804 18943254 
12270751 12273154 12225987 12255396 12256880 12256862 12261948 12310218 12232214 12261225 12317659 12250540 12328516 12298385 12274358 12267493 12314697 12311133 12302813 12282337 12253273 12242708 12286020 12267770 12268382 12300474 12299380 12318348 12283013 12263242 
9378970 9361476 9372575 9353932 9377591 9357288 9360736 9351216 9355153 9370082 9349220 9366500 9354952 9396651 9355817 9366488 9379292 9382457 9360237 9363408 9338890 9371382 9401337 9367199 9390097 9357367 9370956 9380186 9394302 9364023 
7822872 7809994 7811157 7799114 7819941 7774732 7807640 7797297 7776936 7799981 7810797 7817959 7810112 7798282 7798210 7805379 7807243 7785483 7805857 7799524 7780401 7805447 7783628 7818872 7786023 7805787 7818669 7807006 7796135 7811008 
6834736 6845878 6815414 6821900 6830856 6839268 6828348 6836045 6820891 6833309 6830519 6832032 6810667 6828743 6819472 6824101 6823545 6849419 6807811 6847953 6842216 6841282 6846239 6831571 6834895 6827875 6845340 6829997 6828313 6814849 
6173662 6178748 6173583 6180211 6180520 6173796 6166945 6183438 6186629 6174710 6166654 6173877 6180348 6154783 6162172 6176946 6166061 6164446 6179426 6175018 6165778 6168349 6169599 6176603 6170547 6172943 6173543 6176571 6155891 6177350 
5699948 5703918 5699704 5701917 5697171 5677821 5696196 5702366 5701719 5700934 5706479 5701362 5697586 5702384 5688618 5699262 5697896 5699830 5679968 5697662 5696930 5705875 5697657 5698676 5695129 5697867 5691404 5705180 5698958 5696170 
5323584 5333718 5334224 5344237 5332881 5337397 5338457 5328801 5337840 5341663 5329328 5337304 5340425 5320202 5333215 5330487 5347536 5331339 5331048 5339910 5340550 5334609 5336213 5343638 5334661 5327750 5338420 5341058 5337018 5337395 
5051675 5053000 5048355 5060461 5060499 5055732 5050447 5059331 5057262 5061219 5052746 5060144 5061485 5056624 5051269 5049726 5053714 5061255 5062237 5052657 5055924 5050615 5055490 5055883 5054625 5048623 5056288 5056399 5048036 5050462 
4825996 4826306 4825244 4823657 4834352 4831314 4819263 4826667 4829238 4831041 4829421 4832478 4826330 4823137 4824285 4827141 4827901 4824013 4820526 4824224 4822651 4829727 4825465 4825022 4822463 4824156 4824073 4823241 4816717 4828761 
4632541 4644202 4638072 4641132 4637631 4635294 4628422 4630451 4638509 4633279 4636517 4639114 4632007 4632610 4638685 4639256 4634167 4644296 4642437 4639837 4642559 4634938 4636591 4647447 4637259 4635594 4648808 4634962 4639511 4640152 
4472988 4479178 4472328 4483525 4473410 4472064 4476448 4481590 4481448 4469678 4480362 4477681 4469584 4479438 4477017 4477105 4478231 4479156 4476326 4482558 4479682 4479828 4483735 4480605 4480897 4477294 4479556 4480937 4469445 4476094 
4346029 4345835 4346264 4340738 4348022 4343054 4342514 4342520 4340469 4340158 4342155 4342065 4343781 4339420 4341126 4344769 4343602 4345440 4339279 4343143 4338410 4341334 4341554 4344980 4346618 4340758 4352043 4346890 4333806 4336026 
4227496 4225809 4225710 4226718 4226722 4223266 4231537 4221453 4226096 4227833 4226591 4222640 4228734 4222720 4230316 4228850 4226116 4227299 4229722 4234068 4227771 4225745 4218074 4223050 4222114 4223135 4221469 4228972 4223664 4222732 
4125046 4122751 4118560 4114320 4124568 4116517 4122793 4123805 4120208 4120576 4120055 4123520 4120969 4121161 4117024 4116014 4120457 4125999 4122477 4117484 4118938 4123988 4128340 4120152 4126400 4119016 4128426 4130048 4116200 4121503 
4028267 4038046 4031362 4025032 4028121 4025910 4031136 4035160 4029941 4030129 4020602 4034309 4029378 4029807 4030428 4031113 4029469 4032282 4024283 4035884 4027853 4029875 4033254 4027791 4027388 4030851 4034021 4030148 4027750 4030563 
3949865 3949539 3945451 3952616 3950083 3951536 3955593 3947597 3947873 3954034 3949096 3948167 3947182 3947470 3948085 3944270 3946218 3948044 3949847 3948924 3951598 3953532 3949378 3947838 3953949 3953426 3951719 3954986 3952610 3949360 
3879188 3879270 3879945 3881307 3877133 3875616 3878603 3878650 3876805 3881592 3874716 3872737 3881503 3874562 3872999 3881374 3882203 3880425 3873057 3874322 3872008 3881663 3874096 3876587 3877418 3875616 3872693 3879474 3874690 3875098 
3806957 3810585 3812881 3810657 3815264 3813139 3812629 3808375 3812738 3811126 3811875 3817742 3808604 3810817 3810764 3812035 3804879 3808351 3814973 3806331 3812081 3815326 3809396 3807668 3809160 3809960 3812214 3812263 3818971 3815589 
3748516 3744222 3752974 3747312 3749132 3752952 3744410 3746081 3749995 3750341 3753774 3747615 3748400 3753866 3749526 3745761 3753921 3748197 3745511 3747593 3755830 3756925 3752026 3750637 3752684 3752112 3747632 3746130 3752626 3750000 
38140163 38535709 38501535 38355398 38281763 38242400 38086289 38644266 38269350 37874472 38485354 38143430 38397341 38434532 38401764 38135468 38233424 38226341 38551944 38324004 38144671 38045998 38569978 38435275 38135599 38450855 38319955 38137680 38533751 37995658 
6965118 6964664 6958739 6954319 6973762 6962104 6964753 6961935 6960154 6959512 6954116 6967601 6964823 6957907 6967848 6960456 6959252 6963028 6956134 6972820 6959410 6952094 6959099 6960402 6959959 6957075 6958849 6966028 6965618 6964393 
5374217 5374818 5367311 5370455 5369117 5372097 5370052 5381645 5365963 5373127 5383909 5372972 5384798 5375862 5369597 5375454 5384768 5379792 5376128 5379353 5372351 5366638 5375896 5378321 5373467 5379406 5379141 5380298 5374151 5370763 
4582719 4578440 4578885 4579851 4579547 4576661 4577014 4580321 4579829 4581907 4577660 4580968 4577873 4582207 4580452 4582413 4582882 4585763 4578664 4579865 4577565 4577211 4585663 4583015 4582135 4579269 4581356 4584298 4591231 4577419 
4089995 4092870 4092460 4090921 4094494 4084288 4087440 4086351 4082690 4087551 4089320 4090715 4087715 4087368 4082542 4085738 4087042 4082217 4087277 4087436 4082665 4086755 4083113 4092852 4085303 4091930 4091026 4086685 4084820 4085848 
3748415 3751785 3740033 3746647 3748142 3747743 3748348 3749030 3744921 3749866 3745122 3746972 3742685 3747120 3746280 3744313 3742498 3750507 3741869 3749396 3748590 3748841 3747949 3747583 3747685 3744953 3748773 3741755 3747803 3745650 
3497761 3499221 3498787 3499143 3499930 3498507 3496632 3496471 3498569 3496192 3494982 3497443 3495630 3489740 3491707 3497967 3494156 3491223 3496168 3497627 3494869 3497483 3493094 3498185 3497603 3499621 3495750 3496215 3492217 3496350 
3303655 3307426 3304845 3304221 3302682 3300176 3302525 3303015 3305740 3304487 3306000 3306642 3305268 3304997 3302328 3304562 3305622 3303776 3299724 3303390 3304543 3306513 3302456 3306807 3302598 3303538 3302272 3305385 3303122 3304282 
3148838 3149233 3148980 3154135 3150978 3152867 3152279 3151425 3147804 3152520 3149432 3149248 3152530 3146141 3149671 3149424 3151152 3150078 3145763 3151331 3153234 3150068 3150879 3153529 3148230 3145793 3151368 3152344 3151211 3153562 
3024414 3026411 3024302 3027660 3026823 3029119 3026407 3028866 3028147 3028751 3028459 3027902 3027357 3026314 3027021 3024193 3028352 3029126 3030451 3028214 3028770 3024123 3027911 3028409 3026753 3025193 3030583 3027086 3026305 3027022 
2926286 2923632 2924777 2923743 2926399 2926579 2923528 2923420 2925958 2926131 2923259 2927981 2924155 2925763 2924074 2925344 2925464 2922480 2925565 2926856 2922454 2924981 2924009 2922670 2925182 2925655 2924492 2924887 2920798 2925916 
2836887 2840068 2840664 2840101 2838149 2837237 2834831 2835211 2839489 2835487 2839485 2839610 2837949 2837846 2835342 2838386 2837317 2838726 2839415 2840996 2839868 2836524 2837766 2841323 2839355 2839695 2842272 2838286 2838557 2837984 
2761327 2764471 2762936 2766828 2764034 2764386 2763189 2766874 2765082 2762111 2765925 2764055 2762782 2765239 2764225 2764102 2765560 2765366 2763117 2766391 2764036 2765148 2766416 2766893 2766185 2765461 2763417 2766300 2762417 2762742 
2700135 2701620 2702636 2703296 2702641 2703070 2701764 2701416 2701366 2702339 2700094 2700986 2702236 2699522 2700795 2700731 2701737 2700782 2700513 2700368 2699938 2701177 2701576 2701495 2702075 2701254 2703678 2703645 2698563 2699940 
2648956 2646675 2645376 2646077 2649424 2645731 2649145 2643858 2645652 2646178 2646570 2646381 2647290 2645643 2646051 2646231 2647063 2646840 2647874 2647342 2647036 2647718 2644819 2644640 2646451 2647792 2644339 2647448 2646450 2646059 
2598423 2597471 2596140 2596749 2599375 2597826 2596352 2597383 2595251 2598334 2597906 2599346 2597001 2598045 2599123 2596957 2596956 2597971 2596832 2597704 2596732 2598605 2598410 2596162 2597923 2597243 2598668 2598785 2596886 2597172 
2553594 2556934 2555142 2554059 2555104 2553805 2554454 2556620 2556547 2556096 2552185 2554626 2554622 2552927 2556060 2554068 2555183 2554290 2553670 2556691 2554889 2554217 2555643 2553987 2554341 2553672 2557909 2553957 2554194 2554229 
2515805 2516561 2514755 2516295 2517571 2517444 2518209 2516077 2516214 2517892 2516902 2516855 2517664 2517625 2517135 2514972 2515585 2515871 2516914 2517167 2515712 2517676 2516577 2514603 2519185 2519189 2517495 2518090 2518837 2516938 
2483890 2483022 2482227 2483707 2482202 2482509 2483536 2483647 2483688 2483867 2482074 2482110 2484460 2483104 2484793 2483301 2484320 2483581 2481860 2481546 2482027 2482958 2481763 2481194 2483226 2483273 2481718 2483234 2482265 2483592 
2450877 2452508 2454181 2453040 2453373 2451617 2452222 2453089 2453448 2453226 2453206 2453876 2451229 2451825 2451823 2452020 2451431 2451832 2454104 2450571 2452465 2453498 2451786 2453089 2451527 2453031 2453967 2452809 2455397 2453688 
2423929 2423136 2424666 2423470 2424634 2424535 2423722 2423721 2425228 2424709 2423181 2424396 2423193 2425440 2422855 2424487 2424855 2424218 2423015 2423237 2425428 2427213 2425423 2425649 2424980 2424588 2423314 2423340 2424023 2424793 
64422603 64450829 64069577 65691627 64222270 64075943 65259015 65593504 64187126 63059073 64314345 64287600 63950036 63795470 64157344 64530414 64082228 64459398 64453707 64308423 64362447 64290791 63720903 65353066 64993356 64650704 65864284 64802989 65352535 65261859 
9095795 9100289 9105745 9088732 9113006 9086871 9104927 9095078 9094385 9080588 9075759 9113119 9100559 9090097 9104194 9091095 9081507 9080587 9089553 9122104 9079910 9085137 9090617 9102041 9091353 9092911 9096708 9096175 9095732 9090545 
6905654 6912774 6905927 6909596 6905053 6907120 6906974 6919392 6909525 6914965 6931569 6914475 6924904 6919211 6909759 6916216 6930657 6929249 6915886 6920190 6910441 6897352 6919290 6913462 6916650 6921043 6912887 6912743 6908669 6911521 
5875410 5874823 5880131 5874102 5871769 5869397 5869581 5866978 5871473 5877590 5864148 5872239 5869151 5884291 5876016 5867644 5872550 5882242 5872614 5876747 5864407 5867854 5882404 5874197 5881764 5874375 5876226 5868648 5888320 5875012 
5244721 5246776 5248862 5244786 5240788 5238400 5240052 5238775 5235154 5241413 5241745 5247859 5240881 5231628 5237278 5241765 5249388 5229105 5240178 5243943 5237627 5237391 5236869 5250091 5239312 5242793 5246278 5244953 5235634 5245130 
4809791 4808236 4795157 4807815 4809415 4806763 4810429 4803375 4801043 4807531 4803154 4810355 4802060 4811096 4802420 4798081 4800724 4811992 4798303 4807483 4809710 4806654 4806005 4801553 4805479 4813042 4803389 4804618 4807071 4808818 
4483120 4484596 4493236 4493868 4488366 4493756 4480737 4481933 4486739 4485084 4481057 4488262 4486079 4477239 4475952 4480719 4484913 4476739 4487575 4483771 4478897 4482390 4485418 4481197 4485930 4484581 4481543 4479318 4483932 4487305 
4234239 4241355 4239426 4231915 4233294 4228939 4235006 4224721 4235543 4230965 4233210 4236649 4235561 4238609 4230130 4232484 4238997 4234686 4226203 4239603 4237020 4236302 4237229 4237647 4228567 4235531 4232889 4233820 4231172 4230813 
4027931 4034596 4033910 4035349 4036751 4031521 4033893 4031440 4027666 4033319 4031137 4029686 4031888 4024138 4029758 4030144 4035203 4034934 4026480 4032729 4031340 4031728 4030227 4030387 4032267 4028652 4031881 4030972 4034937 4040391 
3866206 3867209 3864791 3871285 3865916 3866117 3861487 3869187 3868085 3866683 3866592 3871799 3868488 3868622 3864822 3867614 3867714 3871646 3869557 3862595 3873166 3866216 3864847 3870454 3862979 3870406 3871126 3870491 3860783 3865009 
3727517 3726617 3730230 3728718 3731939 3727641 3725347 3727666 3729018 3731293 3725499 3733194 3725418 3726614 3722562 3728655 3729848 3727514 3728566 3727183 3722665 3732195 3729954 3721495 3728954 3731111 3724171 3727861 3722993 3727558 
3606073 3609548 3616767 3607029 3606389 3607559 3599699 3605376 3611125 3601580 3606297 3609167 3603060 3603991 3603676 3612684 3609809 3608215 3605950 3613840 3609186 3601848 3607394 3610090 3609187 3610963 3613233 3605915 3608969 3608978 
3502997 3504136 3506092 3504995 3500528 3501825 3502291 3504467 3501610 3498545 3501766 3505999 3498589 3503632 3503029 3506131 3502616 3506012 3500614 3502128 3498697 3505780 3503895 3505211 3504560 3502614 3504269 3505929 3499605 3500982 
3406017 3414987 3412076 3411555 3412533 3408579 3411163 3409325 3411225 3411794 3416314 3407253 3415137 3408823 3413786 3409749 3409493 3412554 3406767 3409349 3409927 3411578 3411468 3414062 3413352 3411767 3414623 3413356 3404148 3407934 
3332528 3331513 3326642 3327775 3331304 3324023 3330541 3326260 3326819 3328500 3328198 3328528 3330085 3329470 3328228 3330307 3333256 3331235 3332611 3329201 3330395 3329600 3325618 3321687 3329602 3332834 3326381 3331609 3330341 3330616 
3254709 3253464 3254053 3254557 3255035 3254146 3256876 3256886 3252678 3255057 3260503 3256538 3253377 3253988 3256112 3253580 3255853 3258640 3258024 3257926 3257087 3259019 3251276 3255586 3255776 3255575 3257438 3261132 3251945 3254981 
3188220 3194154 3189673 3186038 3191802 3186796 3190078 3192315 3189689 3190842 3182786 3188674 3191460 3191102 3189737 3189376 3190275 3188064 3189008 3192562 3186119 3192020 3189008 3187997 3189179 3187731 3193870 3189973 3186071 3190419 
3133863 3130135 3128298 3129231 3133029 3129919 3134098 3132513 3130590 3128089 3130930 3130254 3135024 3130728 3128469 3127150 3127707 3128105 3134448 3132516 3130100 3131798 3128747 3130817 3135302 3132693 3131122 3132015 3131299 3130356 
3075739 3077858 3076046 3078877 3072650 3075149 3073872 3077758 3077613 3075547 3074936 3075319 3079176 3073343 3076366 3076215 3075758 3076918 3067297 3073349 3075413 3077473 3077388 3069728 3076754 3074259 3075683 3076298 3074212 3074046 
3020161 3026869 3029044 3029308 3026834 3026264 3024003 3024779 3024675 3029126 3027225 3025283 3023730 3024843 3025831 3025479 3022259 3021999 3031553 3025834 3023943 3026645 3025800 3024449 3026206 3025935 3027516 3024781 3027919 3028618 
2980347 2976562 2982039 2981278 2979237 2977886 2977331 2974299 2978793 2978446 2983001 2978179 2975521 2980344 2975937 2978252 2979129 2976473 2976472 2974635 2979457 2981691 2979349 2984403 2980891 2979904 2976672 2979879 2978308 2976386 
51988965 51964449 52152967 51927068 51979782 51883464 51919012 52330447 52072181 51905873 52044078 51944473 52007284 52053301 52047549 51948738 52018372 51849388 51709780 51863621 51867129 52005617 51784454 52028953 51882473 51888149 52018889 51940720 51842190 51770675 
8091413 8089552 8088081 8079612 8099749 8085784 8089766 8080250 8084566 8079421 8078458 8088887 8082908 8079683 8097196 8079169 8082949 8084858 8083070 8099718 8088272 8081184 8087113 8089759 8081783 8085828 8081891 8099219 8091604 8086432 
6137151 6138314 6131455 6135993 6137721 6139495 6131891 6149692 6127479 6141102 6153190 6138202 6154423 6144170 6138647 6142805 6151618 6154089 6147179 6147086 6138718 6132183 6142025 6141536 6142785 6151106 6143844 6152882 6140977 6142301 
5191379 5191502 5194587 5189535 5194458 5189354 5187475 5186305 5191722 5193221 5189188 5194307 5187412 5199860 5191728 5192619 5196187 5199863 5192984 5195506 5188852 5190992 5201479 5190051 5197447 5189425 5189894 5195941 5202654 5188662 
4615650 4615094 4617324 4612597 4620931 4605637 4614890 4608323 4607639 4612951 4613036 4615998 4612425 4608816 4609200 4610009 4615617 4605373 4610651 4612369 4603558 4610999 4604307 4619164 4604159 4616028 4618257 4610357 4610526 4612901 
4214647 4216990 4205489 4210115 4216203 4214716 4216266 4213929 4207657 4214701 4212559 4216250 4208039 4212673 4211258 4208340 4207842 4216375 4206417 4217049 4213191 4212882 4213310 4213601 4213704 4213950 4214032 4209181 4212057 4211370 
3922217 3920838 3921720 3922519 3920772 3922852 3916869 3919056 3924318 3919640 3920023 3919708 3919231 3912574 3917933 3922428 3913961 3916374 3920533 3923910 3919033 3917567 3915735 3922469 3920011 3921048 3921132 3920325 3915873 3922342 
3694457 3698275 3697577 3694693 3692405 3689358 3693126 3691479 3699545 3695456 3695272 3696394 3694670 3698091 3690615 3694711 3694569 3694844 3690336 3695605 3693650 3695921 3695045 3696097 3691458 3696587 3691706 3696407 3693017 3696943 
3511588 3514642 3512230 3520958 3516411 3517378 3516789 3515658 3514694 3518688 3515693 3513804 3520413 3509652 3513024 3515348 3519558 3513215 3513900 3516948 3516329 3516698 3514407 3518975 3513741 3512644 3518063 3517807 3517001 3518557 
3367539 3372572 3367790 3372746 3372216 3371887 3371430 3372739 3372088 3368860 3370526 3371519 3372250 3372210 3369538 3367248 3370887 3373724 3374002 3369229 3372407 3368938 3371365 3372086 3368694 3369011 3374860 3370542 3370210 3369817 
3248368 3246761 3249980 3249019 3252473 3250326 3248277 3250221 3251792 3250879 3249481 3253797 3250564 3250258 3251145 3252072 3250872 3246740 3249030 3250415 3245282 3252077 3250132 3246711 3248861 3248622 3248365 3247816 3247345 3253545 
3144000 3149430 3147366 3147043 3145330 3144740 3141989 3142293 3145069 3142345 3147271 3148489 3146383 3145677 3143293 3148409 3146805 3144786 3148094 3149229 3149014 3144798 3147525 3148772 3149050 3147478 3149659 3145382 3145022 3147942 
3054291 3056658 3057331 3060948 3057840 3057801 3056962 3058557 3061143 3053877 3059962 3057012 3056607 3058474 3058684 3057805 3058335 3059826 3052761 3060663 3058020 3058707 3060689 3061059 3060692 3058735 3059195 3058885 3056597 3055336 
2980856 2982507 2985663 2984346 2982960 2983367 2983936 2981998 2981188 2983832 2981063 2983072 2984043 2982197 2983284 2982483 2983892 2981211 2982201 2980856 2983109 2982288 2985436 2983756 2982091 2981390 2984922 2984743 2976887 2979764 
2917316 2916525 2915126 2914354 2918061 2915960 2917766 2914456 2915726 2914910 2917733 2915800 2919104 2913037 2916253 2914843 2917235 2915873 2919219 2917916 2915849 2916652 2913054 2913402 2915915 2917677 2914840 2917204 2913965 2915942 
2856876 2857292 2854420 2854589 2861171 2856725 2854122 2857659 2855291 2854446 2857822 2858453 2855004 2857266 2857175 2855977 2857501 2856834 2855566 2855266 2854831 2856788 2859098 2855493 2858325 2856572 2858482 2858922 2854282 2855867 
2801418 2808111 2802527 2802368 2803016 2800609 2803835 2806653 2804479 2804942 2801709 2803950 2802972 2803879 2803625 2803064 2804828 2804830 2801854 2805976 2801673 2803473 2805086 2802363 2803977 2803132 2807573 2801645 2802995 2804729 
2755811 2756653 2755229 2758656 2757163 2758284 2758596 2757638 2756757 2760112 2755470 2756164 2757431 2758041 2757822 2755759 2754579 2756432 2756721 2756475 2756611 2759336 2757221 2755298 2759831 2757549 2757574 2758481 2759703 2758013 
2716053 2714412 2714912 2716448 2715743 2712880 2715411 2714177 2714854 2714561 2713691 2713544 2715269 2714287 2716479 2714869 2716166 2717989 2712701 2712125 2713497 2714657 2710239 2714679 2715039 2715525 2712409 2715834 2713247 2715725 
2673717 2676282 2677671 2677235 2678479 2677817 2677205 2679125 2676726 2678034 2675657 2676522 2673934 2676502 2675479 2677406 2676059 2677283 2677872 2674535 2676640 2677389 2674567 2678410 2676097 2676710 2676271 2676479 2679344 2678506 
2641420 2639303 2640494 2640090 2641251 2640566 2639294 2639633 2641044 2641190 2639617 2639370 2639531 2641752 2639927 2641224 2641812 2640944 2639422 2639202 2641147 2643846 2642935 2641296 2643570 2640690 2638606 2639126 2640057 2640935 
