MergeSort QuickSort TimSort OESM Cook_Kim LIS BothAlgo  
8 21 10
91731 92826 92287 92736 93063 92671 92474 92540 93430 91988 
80740 80665 80529 80519 80660 80826 80515 80338 81003 80649 
77323 77324 77020 77439 77356 77250 77198 77426 77391 77240 
75409 75398 75357 75394 75178 75312 75372 75506 75265 75513 
74447 74182 74067 74130 74175 74333 74209 73984 74207 74104 
73445 73319 73273 73399 73275 73267 73270 73265 73520 73254 
72809 72867 72640 72615 72557 72726 72596 72574 72795 72769 
72266 72117 72125 72226 72057 72190 72287 72147 72188 72181 
71782 71758 71849 71813 71787 71854 71819 71676 71828 71764 
71437 71528 71467 71472 71445 71408 71363 71431 71508 71401 
71151 71259 71368 71229 71341 71252 71221 71195 71262 71216 
70953 70995 71111 71049 70887 71021 70932 71000 71022 71072 
70796 70818 70799 70862 70919 70812 70772 70824 70824 70787 
70687 70664 70627 70512 70728 70657 70650 70701 70621 70727 
70505 70529 70426 70548 70467 70515 70478 70544 70500 70472 
70280 70447 70360 70357 70386 70347 70398 70394 70411 70441 
70338 70225 70276 70272 70210 70297 70243 70301 70315 70271 
70161 70171 70189 70219 70166 70183 70082 70195 70237 70251 
70084 70038 70054 70108 70194 70159 70029 70090 70062 70129 
69992 69973 70059 70002 70052 70026 70017 70056 70041 70013 
69959 69986 70015 69935 69961 69995 69953 69934 70004 69963 
163665 146922 157251 152966 152151 151021 153730 153871 155222 151600 
149638 153633 148180 174323 150694 148213 155898 165455 153237 160650 
157397 155413 153785 154854 161310 149794 148229 145024 151120 149513 
152040 150663 156348 161988 160167 152513 149904 153230 144079 158307 
155167 157581 150165 162974 152656 154703 161375 161162 153378 160637 
154939 156111 151261 146220 161240 158445 161400 148432 153911 150100 
159949 159318 143196 161496 154679 160278 157686 152025 159999 152090 
149921 157877 153058 148269 156902 146619 151353 165834 157567 169678 
151351 159532 159205 162759 151875 155635 152118 145026 155771 151645 
150852 162502 146992 159512 161543 163397 157291 166832 148936 153919 
157224 152947 151759 165371 143730 151788 151103 151400 154886 144988 
158695 151133 154918 155909 148543 156495 155741 154354 155430 158025 
170235 165314 163006 154063 156353 149354 156449 155464 159102 154583 
160532 152400 150395 154996 142413 142438 149502 157920 149294 155830 
162439 159783 157173 151877 152814 165253 158837 154069 151698 150625 
155657 151386 149163 151519 155049 159996 175789 153642 163091 149689 
153723 150629 149388 153671 166948 157859 148911 149889 148282 161820 
151442 150021 150602 150836 148366 159049 144586 164422 153178 159625 
170594 153447 151999 156331 161644 156135 149837 158904 160373 151726 
147749 149182 151876 160358 153695 157912 151841 155886 160155 150723 
147704 149793 161653 154954 150224 159222 157163 156439 166248 149273 
136910 137377 139218 137438 139470 138280 138130 137555 139122 138085 
101672 102392 102051 101648 101778 102346 103252 101395 102849 101709 
87350 88378 86524 87427 86829 87425 87399 87670 87845 86837 
79649 79024 79005 79315 78358 78724 79231 79698 78096 78746 
74370 73429 73096 73550 73912 74110 74199 73698 73153 73797 
70902 70694 70410 70434 70021 70447 70291 70527 70926 69718 
68053 68004 67846 67989 67664 68332 67925 67664 68037 68432 
66595 65882 66081 66354 66167 66039 66277 66002 65925 65960 
64470 64516 65014 64528 64871 64776 64581 64203 64880 64740 
63662 63984 63687 64081 63441 63472 63324 63690 63760 63586 
62683 62873 62734 62772 62997 62885 62753 62746 62989 62836 
61981 62049 62349 62124 61786 62038 61944 62054 62113 62185 
61240 61409 61568 61569 61552 61398 61396 61533 61402 61478 
60968 61021 60949 60615 61054 60944 60967 61067 60899 61074 
60475 60486 60412 60508 60313 60533 60389 60439 60520 60459 
60018 60254 60246 60087 60307 60035 60218 60131 60193 60194 
60091 59696 59783 59751 59847 59799 59772 59794 59855 59720 
59498 59583 59529 59528 59498 59580 59436 59482 59619 59656 
59365 59301 59204 59311 59516 59335 59196 59277 59294 59412 
58950 58863 59095 58959 59082 59086 58980 59105 59007 58990 
58945 59014 58974 58817 59006 58934 58825 58792 58934 58902 
100419 101325 101163 101142 101613 101370 101443 101569 102067 100717 
92218 92482 91272 92148 91286 92019 92094 91409 92457 92080 
87617 87498 86868 88031 87311 87482 87578 87506 87568 88170 
82576 83799 85111 82942 84169 83537 83668 84342 83376 83710 
81240 78588 78997 78714 78894 81060 79750 77456 77970 80382 
77318 74919 75646 75324 74849 74628 76288 76100 75496 74666 
74405 72396 74907 73610 71954 73220 73635 73793 74328 74629 
72233 73827 71979 73114 73442 72719 72253 72132 72764 72574 
71528 72242 73974 72709 73760 72372 72052 71300 72909 72009 
72156 71062 72447 71999 69759 71326 70815 71020 70881 70737 
68861 69179 68489 70059 70715 69514 70245 68367 69085 69688 
65504 66367 67778 65582 65777 65784 67224 64132 68448 67510 
63170 65848 65966 65151 63713 64300 65257 67678 61501 64862 
62174 62429 59922 58712 62858 61591 63284 62884 62188 63200 
61767 61078 56701 62060 60295 62941 61091 61152 60230 60122 
58558 59512 62671 58098 60419 58417 58111 58693 59095 58129 
60635 57221 56231 57411 58464 58655 58321 57016 58185 58312 
57679 58474 59813 58056 58338 58192 56437 56819 57424 57664 
59115 56057 56057 59367 57938 56062 57444 57293 56603 56606 
57207 56407 58419 56402 57483 57106 56781 56310 57001 57720 
56742 56818 57220 57374 56580 57050 56523 58323 57480 56422 
224975 224501 224218 221632 225612 225644 225668 223850 224685 224586 
138165 137913 134998 136749 137129 139443 135758 136515 137898 137966 
99415 98782 97627 99133 98817 100224 100700 101623 100247 100381 
80402 79528 80086 80138 79083 79082 79047 81355 78488 79450 
69089 66343 66216 67618 68030 68866 68562 66859 66104 68248 
60451 60268 58832 58914 59560 59711 59295 60019 61101 58477 
54433 53981 54396 54428 53978 54938 54889 53118 54751 55397 
50618 49088 49644 50694 50076 50252 50802 49775 49619 49622 
46468 46389 47558 46573 47485 47182 45990 46172 46775 46566 
45039 45273 44720 44526 44421 44322 43767 44248 44586 44019 
42008 42407 42659 42595 43053 43107 42219 42323 42615 42873 
40947 40837 41050 40851 39867 40238 40204 40621 41247 40720 
38702 39260 39631 39730 39385 39075 39276 39643 39123 39192 
38407 38024 38330 37233 38399 38058 38011 38113 38173 38803 
36745 37054 36579 37250 36576 37073 36491 36834 37272 36935 
35546 36491 36629 35909 36267 35920 36115 36235 36384 36366 
36027 35326 35164 35524 35427 35261 35016 35197 35535 35226 
34779 34808 34454 34656 34829 34650 34385 34435 35013 35006 
34152 34088 34112 34166 34529 34249 33485 34114 34143 34267 
33040 33433 33578 33089 33479 33660 33675 33405 33376 33354 
32985 33707 33167 32972 33280 33287 32854 32544 33391 32861 
99570 101036 100348 99809 103682 101748 99278 101385 104266 99748 
58914 58686 58222 58020 58221 58959 58681 57831 59010 58807 
47226 47247 46405 47586 47059 47262 47117 47667 47425 47268 
41212 41167 41061 41242 40680 41010 40944 41448 40713 41099 
37703 36678 36631 36755 37018 37445 36943 36657 36634 37363 
34307 34378 34066 34208 34113 34085 34049 34333 34542 33859 
32202 32114 32156 32118 32101 32382 32109 31701 32195 32452 
30615 30260 30364 30745 30570 30486 30722 30378 30353 30636 
28938 29164 29579 29023 29245 29096 29098 28692 29134 29007 
28033 28371 28115 28392 28004 28075 27807 28093 28089 27991 
27058 27344 27203 27262 27357 27378 27025 27218 27335 27169 
26338 26512 26712 26520 26133 26319 26309 26491 26434 26503 
25752 25806 25847 26012 25782 25726 25745 25792 25819 25927 
25238 25185 25350 24936 25358 25237 25265 25284 25236 25400 
24734 24782 24639 24863 24611 24734 24622 24780 24850 24716 
24254 24482 24416 24387 24439 24201 24339 24327 24353 24417 
24294 23875 24071 23933 23996 23893 23964 23963 24008 23884 
23646 23760 23609 23615 23672 23796 23553 23526 23826 23803 
23404 23324 23310 23368 23590 23443 23273 23433 23326 23570 
23017 22930 23273 23006 23168 23194 23059 23170 23116 23123 
22973 23139 23018 22929 23031 22893 22834 22850 22974 22970 
152337 154030 154097 154464 158954 156487 153955 155998 160926 155398 
83019 82946 80947 80865 82343 82490 82279 81357 83199 81933 
64602 65008 62337 64053 64447 64183 63807 64478 64253 65155 
54753 54712 55035 54515 54148 54266 53950 55796 53872 54446 
49674 47313 48012 47804 48406 49256 48297 48511 48315 49232 
44583 44447 43879 44035 44215 44028 44097 44617 44417 43867 
41379 41505 41380 40630 41289 41401 41357 40694 41608 41780 
38898 38194 38555 39120 39006 39003 39488 38505 38440 39378 
36561 36879 37012 37055 37440 36406 36858 36150 36891 36755 
35329 35886 35059 35573 34972 35207 34653 35190 34987 35001 
33659 33925 33905 33980 33846 34324 33533 33756 34048 33570 
32840 32377 32890 32646 32047 32763 32530 32799 32383 32559 
31562 31486 31608 31916 31517 31539 31700 31946 31746 31672 
30799 30747 30636 30051 31231 30677 30737 30615 30883 30756 
29785 30162 29463 30197 29576 30112 29801 29717 30015 29834 
28826 29696 29663 29137 29541 28983 29361 29010 29175 29322 
29029 28221 28449 28570 28681 28401 28434 28480 28355 28342 
27871 28199 27936 27939 28014 28066 27732 27834 27926 28451 
27389 27439 27451 27723 27993 27617 27063 27624 27419 28099 
26846 26684 27258 26958 27194 27150 26922 27224 27111 27074 
26602 27167 26942 26742 27257 26689 26623 26491 26651 26581 
132994 135454 133293 132264 138022 136586 132786 136158 139958 133341 
72314 72241 71410 71038 71619 72464 72087 70994 73120 72129 
55337 55891 54202 55797 55132 55934 55273 55404 55862 55498 
47198 46863 47121 46948 46120 46581 46976 47416 46273 47019 
42340 40981 40669 41135 41484 41929 41528 40837 41197 41573 
38311 38022 37682 37467 37543 37737 37823 37918 38201 37138 
35410 35194 35250 34988 34748 35547 35378 34843 35466 35638 
33510 32781 33089 33169 33111 33092 33495 33049 32888 32904 
31418 31528 31751 31500 31626 31547 31402 31008 31896 31434 
30213 30446 30314 30705 30076 30076 29972 30394 30328 30156 
29059 29151 29301 29136 29534 29416 29072 29124 29508 29154 
28270 28227 28627 28455 27976 28341 28135 28323 28356 28429 
27283 27297 27588 27710 27642 27436 27342 27729 27468 27527 
26920 26964 26933 26434 27107 26870 26957 26994 26767 27082 
26230 26265 26185 26329 26051 26296 26053 26174 26387 26224 
25637 26071 25912 25928 26041 25544 25903 25805 25899 25932 
25630 25194 25189 25223 25502 25378 25256 25302 25401 25292 
24951 25048 25114 25005 24829 25079 24806 24912 25103 25150 
24767 24751 24504 24682 24907 24716 24512 24648 24613 24877 
24131 24043 24440 24212 24479 24362 24178 24331 24350 24217 
24155 24216 24198 24039 24240 24240 24070 23878 24185 24064 
