MergeSort QuickSort TimSort OESM Cook_Kim LIS LIS_treap 
7 21 5
120508 120414 120518 120489 120475 
81970 81866 81451 82147 82326 
77648 77718 77551 77725 77777 
75803 75657 75824 75713 75744 
74551 74132 74281 74403 74349 
73325 73486 73631 73401 73415 
72700 72928 72626 72682 72714 
72405 72317 72261 72212 72387 
72066 71940 71938 71917 71879 
71448 71605 71567 71490 71502 
71278 71215 71243 71294 71206 
71035 71058 71002 70965 71041 
70806 70797 70801 70917 70893 
70711 70646 70754 70767 70722 
70568 70568 70496 70491 70603 
70362 70432 70366 70375 70483 
70387 70255 70346 70262 70355 
70238 70198 70253 70203 70191 
70097 70075 70119 70121 70107 
70038 70039 70077 70022 70054 
69977 70008 69952 70028 69951 
154174 159462 161000 153119 150262 
150825 152270 154911 157137 166259 
148975 159221 146787 160731 153901 
156407 150173 156815 158192 158499 
146196 159590 157229 164161 153334 
158361 154688 149909 161618 159010 
166263 155244 154915 154352 149067 
149183 164234 156400 161582 162188 
149586 156699 158455 149437 149384 
154878 160527 158582 159710 159763 
160480 153202 157267 169687 156585 
159156 156117 153379 152062 151967 
149539 161270 155465 164777 147760 
153956 152226 158471 152822 149362 
155028 152632 159362 153143 152524 
164952 153314 153521 154894 153472 
144288 152726 166132 150961 154794 
163144 160190 164199 154682 156668 
157898 152547 148612 153589 157484 
160559 159674 156105 156205 144849 
152787 144702 160810 169210 161689 
171714 171098 171149 169985 171484 
106765 106671 105495 108966 109137 
90519 89771 89035 90238 89548 
80665 80173 80493 80255 80682 
75873 73929 74610 74906 74842 
70759 71336 71613 70683 70859 
67760 69018 68033 68563 68265 
67037 66618 66269 66711 66607 
65462 65295 65057 64964 65072 
63758 63908 63919 63902 63771 
62820 62776 62977 62917 62743 
62082 62319 62108 61912 62004 
61508 61541 61515 61759 61813 
61013 60970 61099 61410 61186 
60621 60720 60526 60489 60678 
60173 60243 60081 60085 60329 
60032 59851 59916 59792 59927 
59706 59654 59734 59650 59602 
59266 59283 59364 59356 59375 
59208 59142 59243 59188 59042 
58948 58987 58949 58924 58901 
125999 126087 126112 125988 126192 
93561 93905 92754 93854 94827 
87911 88400 87984 88262 87039 
85944 85148 84419 85109 84300 
80894 80377 81194 81871 80305 
74936 76323 77996 76003 76167 
74153 74238 72670 74083 73017 
73353 72918 72434 73757 73866 
72249 72317 72655 72571 71940 
70561 70420 71822 72295 71541 
68505 70955 66988 71736 69717 
67357 66194 68369 64578 66097 
63200 64242 65768 66641 66889 
61289 63101 64390 65881 62835 
58452 62774 61830 58449 62270 
59087 58555 58459 58359 60129 
57753 58495 56933 56510 57622 
56897 58869 57729 56661 57379 
56990 55815 56625 59160 56431 
59772 56717 59240 56718 56777 
57081 56268 56443 56472 56424 
250593 246459 249758 250347 245299 
149041 149822 147269 154688 151910 
105585 106857 104357 105642 105226 
83598 82398 83404 82591 83145 
70730 69562 68811 69238 70165 
60200 61865 61931 60975 60790 
54433 55827 54616 54561 55032 
51653 51399 50561 50800 50949 
48027 48088 47054 47039 46856 
44094 45279 44891 44699 44902 
42389 42185 42791 42871 42385 
40977 41264 40720 40752 40184 
39298 39697 39158 39659 39937 
38751 38398 38262 38953 38284 
37497 37824 37021 36806 37657 
36485 36454 35720 36139 36497 
36055 35407 35610 35588 35765 
35029 34811 35063 34620 35088 
34110 33703 34391 34471 34396 
33893 33792 34193 33746 33332 
33139 33333 32896 33141 33362 
228043 227765 229443 228311 228109 
67615 67756 65928 68981 68409 
51685 52157 51454 51994 51609 
44393 43744 44305 44282 43957 
39736 38896 38963 39209 39566 
35758 36077 36315 35628 35778 
33125 33652 33136 33213 33180 
31784 31631 31357 31673 31656 
30498 30506 29980 30022 30073 
28617 28914 28982 28795 28895 
27845 27763 27754 27849 27697 
26950 27303 26895 26751 26913 
26306 26316 26296 26509 26478 
25717 25647 25720 26074 25860 
25276 25379 25107 25095 25340 
24569 24792 24651 24616 24880 
24559 24247 24502 24249 24390 
24102 23990 24176 24053 24039 
23578 23624 23665 23641 23695 
23494 23403 23498 23435 23229 
23201 23192 23163 23137 23118 
309826 309866 311413 309421 309902 
78260 78511 76241 80636 79682 
58459 58390 57634 58825 58288 
49017 48586 48632 48852 48596 
43249 42120 42677 42770 42977 
38331 38897 38849 38292 38330 
35422 36360 35241 35809 35665 
34130 33701 33363 33463 33875 
32289 32417 31875 31872 31911 
30292 30733 30580 30673 30531 
29351 29222 29355 29403 29160 
28324 28552 28415 28148 28272 
27514 27577 27428 28110 28035 
27004 26852 27156 27380 27223 
26378 26571 26359 26417 26599 
25794 25967 25690 25853 26096 
25694 25476 25499 25353 25502 
25308 25140 25313 25129 25155 
24664 24614 24746 24845 24741 
24481 24488 24604 24463 24421 
24097 24283 24144 24215 24137 
