MergeSort QuickSort TimSort OESM Cook_Kim InsertionSort LIS LIS_treap BothAlgo2 LIS_small BothAlgo_small BothAlgo_small3 DirtyClean4 
13 21 2
526 551 
483 472 
451 444 
430 419 
410 438 
409 397 
385 382 
391 401 
393 397 
380 376 
379 376 
385 379 
372 377 
383 377 
366 374 
375 380 
379 377 
369 366 
370 375 
372 365 
361 359 
622 625 
591 583 
662 768 
646 766 
741 634 
615 587 
580 703 
636 666 
592 606 
836 587 
762 658 
590 754 
622 621 
614 686 
637 664 
717 795 
582 676 
586 604 
708 604 
685 622 
664 682 
1060 976 
755 758 
537 662 
491 419 
389 420 
394 378 
338 331 
337 373 
339 318 
285 304 
300 281 
294 280 
305 268 
277 269 
269 286 
277 292 
271 292 
269 263 
267 270 
259 256 
256 252 
585 597 
552 534 
514 507 
474 500 
456 473 
480 483 
438 472 
444 489 
461 465 
440 457 
433 434 
409 432 
421 394 
400 391 
412 411 
437 433 
415 426 
405 394 
392 402 
399 378 
386 432 
962 998 
866 886 
740 809 
747 612 
539 621 
613 548 
501 549 
518 580 
507 485 
407 459 
439 455 
425 432 
439 397 
396 401 
373 405 
396 495 
398 440 
369 423 
299 342 
374 336 
429 328 
2393 2653 
894 815 
616 739 
409 321 
271 332 
290 286 
212 215 
208 270 
226 209 
161 178 
179 181 
180 171 
184 150 
160 157 
143 165 
151 174 
149 167 
145 142 
145 143 
136 132 
138 126 
1170 1114 
747 749 
653 626 
461 443 
396 457 
386 416 
349 341 
347 392 
352 327 
275 316 
284 304 
319 286 
294 257 
272 273 
248 286 
267 269 
261 277 
262 256 
247 254 
251 240 
245 229 
1210 1114 
798 710 
602 725 
569 477 
470 496 
471 442 
422 388 
425 392 
399 371 
303 361 
334 339 
369 323 
380 358 
333 298 
278 374 
304 318 
267 319 
330 294 
280 302 
265 272 
306 285 
1132 1182 
740 813 
599 716 
505 452 
423 492 
415 408 
360 372 
362 403 
357 353 
298 310 
339 318 
320 299 
314 276 
306 289 
276 290 
276 305 
276 295 
261 256 
270 277 
261 235 
255 251 
914 890 
644 564 
504 511 
386 364 
328 367 
352 356 
292 289 
284 323 
306 275 
222 256 
227 243 
257 222 
249 198 
213 222 
186 241 
198 220 
209 223 
189 188 
185 207 
192 170 
208 162 
1014 1049 
616 671 
487 583 
382 376 
335 385 
329 332 
292 297 
283 323 
289 284 
251 256 
269 261 
268 254 
253 241 
255 242 
240 238 
231 244 
231 250 
233 233 
241 234 
227 219 
226 214 
630 660 
632 661 
556 635 
521 516 
468 550 
499 476 
474 443 
394 469 
453 426 
388 383 
406 365 
406 403 
376 333 
371 326 
316 362 
333 364 
313 353 
310 315 
315 332 
301 276 
268 245 
727 753 
552 573 
517 520 
429 424 
366 425 
362 366 
350 336 
340 354 
332 323 
292 306 
301 275 
298 313 
293 268 
292 251 
270 261 
253 301 
255 277 
256 259 
263 265 
246 242 
251 232 
