MergeSort QuickSort TimSort BlockMergeSort OESM Cook_Kim LIS LIS_small LIS_treap BothAlgo            
19 19 19 19 19 21 19 22 25 20 21 21 24 23 19 23 25 23 23 24 23 
31 24 26 20 20 22 20 21 32 26 22 26 25 23 22 25 26 35 19 28 25 
9 9 9 9 11 13 13 13 21 11 13 13 24 29 13 23 25 27 33 21 33 
9 9 9 9 11 13 13 13 21 11 13 13 24 29 13 23 25 27 33 21 33 
9 9 9 9 21 25 22 27 27 22 24 25 29 29 22 27 27 29 31 24 31 
9 9 9 9 15 25 18 29 34 17 26 22 37 40 18 34 36 39 41 35 41 
17 17 17 17 20 20 21 22 31 19 23 21 29 29 21 38 33 37 33 37 33 
9 9 9 9 17 17 19 16 35 15 21 17 35 32 19 34 35 32 34 35 34 
15 15 17 16 18 20 26 19 35 19 26 22 26 33 23 32 30 26 30 27 34 
330 330 330 330 248 300 229 298 263 314 297 306 265 214 229 233 261 226 164 209 164 

