MergeSort QuickSort TimSort BlockMergeSort OESM Cook_Kim LIS LIS_small LIS_treap BothAlgo            
4 4 4 4 4 5 4 4 4 4 4 4 5 4 5 5 5 5 5 5 5 
4 6 4 4 6 6 4 6 6 4 5 4 5 4 6 4 5 4 4 5 4 
3 3 3 3 3 4 3 3 3 3 3 3 4 3 4 4 4 6 4 4 4 
3 3 3 3 3 4 3 3 3 3 3 3 4 3 4 4 4 6 4 4 4 
3 3 3 3 3 6 3 3 3 3 3 3 6 3 6 6 6 7 6 6 6 
3 3 3 3 3 8 3 3 3 3 3 3 8 3 8 8 8 10 8 8 8 
5 5 5 5 5 5 5 5 5 5 5 5 5 5 5 5 5 5 5 5 5 
3 3 3 3 3 8 3 3 3 3 3 3 8 3 8 8 8 7 8 8 8 
3 3 4 5 4 6 5 5 4 4 3 5 5 3 5 6 5 5 5 5 5 
51 51 51 51 51 29 51 51 51 51 51 51 29 51 29 29 29 35 29 29 29 

