MergeSort QuickSort TimSort BlockMergeSort OESM Cook_Kim LIS LIS_small LIS_treap BothAlgo            
3 3 3 3 3 3 3 3 3 3 3 3 3 3 2 3 3 3 3 3 3 
3 3 2 2 2 3 3 3 3 3 2 3 2 3 2 3 2 2 3 2 3 
2 2 2 2 2 2 2 2 2 2 2 3 3 3 3 2 2 2 2 2 2 
2 2 2 2 2 2 2 2 2 2 2 3 3 3 3 2 2 2 2 2 2 
2 2 2 2 2 2 2 2 2 2 2 4 4 4 4 4 4 4 4 4 4 
2 2 2 2 2 2 2 2 2 2 2 7 7 7 5 5 5 5 5 5 5 
3 3 3 3 3 3 3 3 3 3 3 3 3 3 3 3 3 3 3 3 3 
2 2 2 2 2 2 2 2 2 2 2 4 4 4 4 5 5 5 5 5 5 
2 3 2 2 3 2 2 3 3 2 2 3 3 3 2 3 3 3 3 3 3 
20 20 20 20 20 20 20 20 20 20 20 18 18 18 11 12 12 12 12 12 12 

