MergeSort QuickSort TimSort BlockMergeSort OESM Cook_Kim LIS LIS_small LIS_treap BothAlgo            
7 7 7 7 7 7 7 7 7 7 7 8 8 7 7 7 8 8 7 7 7 
6 8 7 6 10 10 9 10 8 8 7 8 8 6 10 7 7 8 10 7 6 
4 4 4 4 5 4 4 4 4 4 4 7 8 9 5 4 6 8 9 9 9 
4 4 4 4 5 4 4 4 4 4 4 7 8 9 5 4 6 8 9 9 9 
4 4 4 4 9 4 4 4 4 4 4 9 9 12 9 4 10 9 12 12 12 
4 4 4 4 11 4 4 4 4 4 4 13 13 14 11 4 12 13 14 14 14 
7 7 7 7 8 7 7 7 7 7 7 10 10 10 8 7 9 10 10 10 10 
4 4 4 4 8 4 4 4 4 4 4 11 12 10 8 4 10 12 10 10 10 
4 5 6 6 9 7 6 4 6 6 6 8 11 8 9 6 8 9 10 8 8 
76 76 76 76 72 76 76 76 76 76 76 58 56 43 72 76 68 56 43 43 43 

