MergeSort QuickSort TimSort BlockMergeSort OESM Cook_Kim LIS LIS_small LIS_treap             
69008 106077 113039 114418 116275 117674 117646 118482 118746 119247 119813 119748 119917 120149 120164 120270 120362 120525 120499 120431 120499 
152039 162148 155383 155843 146154 151222 156193 153006 155481 150589 153941 160927 151660 169580 163947 151062 157639 154496 149488 161069 161347 
56407 96731 107983 114944 121673 129053 133823 137844 143394 148879 152884 155754 159803 161162 164834 166792 169023 170552 170856 171646 171854 
59520 97704 105920 107846 111511 114195 115485 117342 118966 120371 122112 122789 123725 124851 125370 125792 126497 127098 127496 127454 127533 
9999 111197 118018 120383 122025 123466 123975 124349 124890 124993 125220 125418 125391 125642 125691 125925 125981 125930 126053 125869 125936 
9999 41298 56434 75303 89041 108368 127653 143947 162840 181099 199570 211287 231545 235715 248561 250084 251415 253091 243302 249461 251520 
19991 61285 85787 120431 141839 170434 190325 218266 239969 261528 278513 293128 312966 322937 332590 340768 363604 362738 362952 374728 357089 
9999 35541 52750 71512 86018 103176 118165 131680 145495 157226 168413 177281 188584 193201 202019 208568 213049 216673 219982 222293 222116 

