MergeSort QuickSort TimSort BlockMergeSort OESM Cook_Kim LIS LIS_small LIS_treap BothAlgo            
4932 4932 4932 4932 4932 4932 4932 4932 4932 4932 4932 4932 4932 4932 4932 4932 4932 4932 4932 4932 4932 
10560 11938 11152 12732 11434 10138 11222 12056 11523 10567 12117 10617 10410 11741 10602 10825 11391 10611 11663 11552 10996 
17844 17844 17844 17844 17844 17844 17844 17844 17844 17844 17844 17844 17844 17844 17844 17844 17844 17844 17844 17844 17844 
10404 10404 10404 10404 10404 10404 10404 10404 10404 10404 10404 10404 10404 10404 10404 10404 10404 10404 10404 10404 10404 
7187 7187 7187 7187 7187 7187 7187 7187 7187 7187 7187 7187 7187 7187 7187 7187 7187 7187 7187 7187 7187 
11849 11849 11849 11849 11849 11849 11849 11849 11849 11849 11849 11849 11849 11849 11849 11849 11849 11849 11849 11849 11849 
1997 1997 1997 1997 1997 1997 1997 1997 1997 1997 1997 1997 1997 1997 1997 1997 1997 1997 1997 1997 1997 
1998 1998 1998 1998 1998 1998 1998 1998 1998 1998 1998 1998 1998 1998 1998 1998 1998 1998 1998 1998 1998 
1990 1992 1992 1990 1991 1994 1986 1992 1990 1992 1991 1990 1987 1982 1994 1988 1990 1990 1989 1991 1990 
8977 8977 8977 8977 8977 8977 8977 8977 8977 8977 8977 8977 8977 8977 8977 8977 8977 8977 8977 8977 8977 

