MergeSort QuickSort TimSort BlockMergeSort OESM Cook_Kim LIS LIS_small LIS_treap BothAlgo            
15 15 15 15 15 15 15 15 15 15 15 15 15 15 15 15 15 15 15 15 15 
22 25 21 22 23 37 21 23 27 21 28 25 29 31 30 22 25 21 23 35 26 
45 45 45 45 45 45 45 45 45 45 45 45 45 45 45 45 45 45 45 45 45 
45 45 45 45 45 45 45 45 45 45 45 45 45 45 45 45 45 45 45 45 45 
26 26 26 26 26 26 26 26 26 26 26 26 26 26 26 26 26 26 26 26 26 
34 34 34 34 34 34 34 34 34 34 34 34 34 34 34 34 34 34 34 34 34 
17 17 17 17 17 17 17 17 17 17 17 17 17 17 17 17 17 17 17 17 17 
18 18 18 18 18 18 18 18 18 18 18 18 18 18 18 18 18 18 18 18 18 
14 13 15 15 17 15 16 14 15 17 15 17 15 15 14 13 16 16 14 16 16 
98 98 98 98 98 98 98 98 98 98 98 98 98 98 98 98 98 98 98 98 98 

