MergeSort QuickSort TimSort BlockMergeSort OESM Cook_Kim Both DirtyClean2 LIS   
5044 5055 5741 5145 6414 5859 7078 7359 7782 8310 8571 
10495 10814 11227 11595 10579 11030 10434 11449 11747 10853 10894 
3528 3581 4262 3630 4987 4321 6054 6368 7260 9050 11252 
3993 4016 4710 4094 5406 4741 6250 6525 7108 8095 9413 
999 4305 5041 4151 6171 6282 7720 8174 8396 8923 9154 
999 3956 2738 3859 3000 2987 3551 4265 5042 8200 12791 
999 1871 3729 1710 5899 2828 10116 12896 13671 16610 18519 
999 1049 1941 1230 2294 1870 2780 3591 4397 7692 12073 
11993036931200 105553139318832 105553139318832 11993036882048 11993036882048 11993036882048 11993036931200 11993036898432 105553139318832 0 11993036898368 

