MergeSort QuickSort TimSort BlockMergeSort OESM Cook_Kim Both DirtyClean2 LIS       
69006 69213 71580 73388 79127 84294 90377 93781 97321 102992 107691 111668 116342 119188 120494 
155346 157855 155494 155315 149621 150276 161828 153814 154475 152803 161140 155833 153830 154995 158900 
56406 56631 58844 60794 66858 70549 77290 79801 85716 91488 97487 106848 122310 144633 168793 
59520 59732 62119 63904 69862 74434 79918 84399 88127 93909 99103 104355 111757 119332 126313 
9999 41805 43275 37647 58787 64119 82692 86532 95255 104204 111785 117545 122306 124887 125924 
9999 29757 28958 23788 29921 29399 30703 30650 32146 36303 43704 59681 94668 159268 217107 
9999 16636 20244 21923 34933 54108 101438 115053 144436 176233 202646 230239 257491 279899 295593 
9999 10451 13059 18786 22945 20988 20764 21718 23321 28631 37408 55655 92020 153383 217088 
35184388893370 41708204365199 76892593258569 105553166680110 41708204365199 6523815471829 35184388893370 48232019837028 41708204365199 35184388893370 41708204359866 41708204365178 13047630949077 13047630938304 6523815471808 

