MergeSort QuickSort TimSort BlockMergeSort OESM Cook_Kim Both LIS        
69008 69008 73464 70563 72202 71052 89552 86068 96996 101757 106508 112532 116166 119495 120559 
152039 156183 147023 144342 146422 165486 148670 166128 159366 162436 154108 156693 146512 161732 159512 
56407 56407 61238 57991 59669 58501 74140 75554 84107 90517 97823 107569 120649 144700 168545 
59520 59520 64073 61092 62725 61580 80618 77021 89040 92898 98243 105133 111315 119574 126132 
9999 9999 49989 46886 45619 47615 80287 82280 96321 104330 111040 118561 121944 124992 125956 
9999 9999 27478 23262 32681 26979 30476 30351 32094 35031 43422 60079 94163 158648 230946 
9999 9999 28169 21513 24469 24059 97898 102858 141864 167058 201995 230532 255203 279663 294338 
9999 9999 17143 13185 16524 14273 20995 21511 23472 27486 37042 55610 89316 156324 216715 

