MergeSort QuickSort TimSort BlockMergeSort OESM Cook_Kim Both LIS        
69005 69048 69081 69155 69279 69590 70095 71030 72810 75345 78336 81287 83896 86495 89562 
163475 161779 152888 164412 158548 154449 160670 155488 154953 150989 155900 155597 156617 158683 150603 
56405 56473 56531 56686 56952 57525 58509 60455 64146 70190 79370 90401 101863 113093 123193 
59520 59581 59625 59751 59979 60446 61249 62812 65645 70069 75784 81536 86429 90325 94208 
9995 54729 61159 65099 69935 72507 72510 72089 73145 77338 83836 86357 88201 92763 96196 
9995 23598 27030 25919 26003 27643 31074 38027 53386 77702 120198 157176 176767 187708 194309 
9995 19067 18762 19910 20189 20630 21349 22639 25458 30449 38400 47372 56876 67552 80327 
9995 10134 10250 10538 11068 12160 14018 17619 24045 33820 46265 59363 70421 79899 89967 

