MergeSort QuickSort TimSort BlockMergeSort OESM Cook_Kim Both LIS           
853900 853956 854013 854146 854320 854798 855735 857550 860879 867473 879661 899891 929263 962465 992958 1021427 1050147 1078669 
2033655 2006200 2042052 1982232 1980409 2079948 2073388 2038753 2047426 2005739 1985264 2038265 2064971 2012186 1985108 2025004 1979536 2023751 
724840 724952 725045 725263 725617 726522 728281 731666 738148 750706 775199 819368 892268 996398 1119188 1240777 1348285 1439294 
754940 755036 755113 755307 755623 756357 757904 760805 766301 777105 797580 833028 888308 959241 1027989 1084701 1132024 1173995 
99995 579858 618107 678514 705420 729306 721441 711227 711490 732932 787334 864315 871301 910829 1002045 1017518 1059126 1133216 
99995 247071 248909 248248 256220 253199 258948 268711 293167 331533 440444 630450 960890 1431882 2019999 2205890 2291063 2375017 
99995 190612 197458 198030 199883 199760 201976 204213 208282 216809 234238 268616 332503 427407 527186 629172 746983 872517 
99995 100206 100390 100812 101505 103208 106593 113002 125047 148320 191479 264364 370289 505000 641571 758423 859806 956387 

