MergeSort QuickSort TimSort OESM Cook_Kim LIS LIS_treap BothAlgo DirtyClean2 
8539040 12631348 13048147 13375088 13579042 13796206 13944169 14075914 14216355 14359375 14474046 14561745 14687186 14783522 14875769 14960480 15051150 15133640 15193510 15247746 15276818 
20133851 20083985 20156296 20227338 20045544 20122018 20116893 20251540 20214057 20224962 20122163 20186608 20227381 20097398 20188249 20091001 20188359 20150482 20305938 20245531 20134926 
7248430 11532855 12235831 12837543 13302774 13797758 14210298 14605366 15027623 15469067 15866940 16226759 16682458 17094517 17509831 17925132 18407950 18871476 19281291 19680349 19915980 
999990 13261343 13950739 14417673 14667340 14945874 15090624 15208135 15339566 15458196 15538602 15584926 15681742 15731260 15777387 15804604 15841646 15864586 15873227 15883714 15886359 
999990 5577752 8258345 11330189 13020590 15995987 18071466 19778971 21886990 24337905 25773722 26747480 29003425 29946211 30834301 31512345 32058908 32341013 32450662 32542928 32577190 
1999970 4451427 5592703 6771996 7841392 9046527 10193101 11334694 12626104 13990382 15197748 16247525 17879517 19087845 20407874 21693177 23218164 24634333 25831282 26972265 27691212 
1999857 5601187 7345858 9196135 10927173 12872596 14733009 16680591 18849875 21177139 23322916 25152045 28088025 30244530 32662561 35059245 37979080 40730413 43097781 45321125 46840660 
999990 26675227 30046892 31804230 33095031 34285859 35156793 35866405 36238322 36798779 37097013 37478536 37710607 37969129 38081368 38361744 38580421 38715806 38899008 39015583 39194804 
1999759 4188741 6012884 7584766 9306992 10447374 11800556 13051636 13751753 14821323 15683683 16435583 17264637 17843265 18573260 19044760 19489301 19840550 20210398 20442799 20689025 

