MergeSort QuickSort TimSort OESM Cook_Kim LIS LIS_treap BothAlgo DirtyClean2 DirtyClean2_freeze 
690080 1009417 1058367 1088208 1099562 1117341 1135270 1151177 1156157 1170758 1173550 1179296 1185026 1189291 1191366 1193741 1194757 1195638 1196534 1196602 1196782 
1586518 1554790 1550201 1524389 1551262 1541548 1549827 1551975 1560521 1567005 1586582 1593623 1554418 1536266 1577345 1570759 1565889 1576606 1528464 1571848 1580734 
564070 936224 1044624 1121679 1183743 1241049 1312302 1368183 1406853 1468009 1495174 1533855 1571192 1598454 1622191 1642482 1648163 1654600 1660529 1665261 1660332 
99990 1080937 1154546 1192987 1203037 1215501 1230119 1240618 1241307 1250411 1250371 1253095 1254697 1256152 1255335 1256746 1257114 1257419 1257319 1257943 1256821 
99990 556727 921606 1396908 1508189 1611512 1874537 2107586 2196465 2364830 2320241 2418954 2462199 2482238 2489692 2499934 2493603 2503873 2502381 2507119 2509335 
199970 482923 669655 864577 980651 1095486 1276803 1414779 1535936 1668980 1690409 1814793 1913481 1990909 2049507 2094936 2116851 2129932 2140533 2146661 2141194 
199881 597314 871245 1168060 1356161 1539316 1832232 2073038 2272171 2515892 2548075 2784944 2949636 3112002 3206920 3284367 3363002 3359231 3383752 3409151 3388897 
99990 1867644 2249643 2506589 2517372 2617285 2663369 2739699 2795095 2827095 2821214 2847533 2883200 2882283 2899704 2911332 2929966 2927593 2919921 2937150 2914356 
199814 429331 715875 888755 972710 1121842 1192340 1306789 1391028 1432677 1467295 1532999 1563103 1592033 1602459 1626874 1642341 1643099 1649461 1650831 1650213 
199803 630804 826786 1148555 1103555 1447912 1449336 1619771 1762960 1765190 1759760 1821214 1898678 1901519 1868906 1934744 1917173 1917114 1920988 1920700 1920784 

