MergeSort QuickSort TimSort TimSort2 OESM Cook_Kim InsertionSort LIS BothAlgo DirtyClean2 
10 21 20
853904 853904 853904 853904 853904 853904 853904 853904 853904 853904 853904 853904 853904 853904 853904 853904 853904 853904 853904 853904 
1256785 1294981 1268923 1279595 1302662 1281302 1301224 1297774 1307346 1275743 1317627 1273285 1261295 1298988 1267014 1301888 1287999 1259376 1309345 1297121 
1365805 1340536 1310365 1342352 1339274 1358345 1339721 1378478 1356423 1341067 1354711 1340608 1322437 1361700 1354381 1345814 1329517 1355852 1361966 1372556 
1394919 1362530 1388199 1387371 1364314 1388215 1376648 1379876 1347361 1363627 1384469 1398850 1326175 1378840 1378798 1383523 1376953 1399666 1406941 1391789 
1419686 1372906 1386336 1420991 1398775 1426331 1419763 1406751 1417491 1419713 1402877 1386772 1399830 1417946 1381093 1399203 1396369 1400683 1416883 1388470 
1426390 1413099 1425715 1424932 1427955 1430835 1437057 1412907 1435274 1428701 1438228 1413465 1411115 1440710 1388181 1411176 1403862 1402774 1438189 1418045 
1473413 1414255 1446619 1455705 1444144 1440113 1460317 1409387 1456979 1454424 1456718 1422425 1450742 1444836 1453130 1444748 1461298 1457843 1450133 1444160 
1464567 1442912 1438271 1465780 1457472 1468138 1465214 1468063 1470702 1438986 1469748 1458647 1464388 1467460 1431113 1451511 1455890 1465386 1465609 1472701 
1465270 1454372 1441234 1451374 1459742 1463685 1473190 1472890 1479651 1493223 1460545 1469137 1461294 1482537 1481139 1468258 1480021 1487292 1460137 1481169 
1488591 1496304 1487305 1456389 1490081 1493563 1485853 1492328 1468086 1493236 1496827 1477915 1497861 1497135 1492787 1499687 1463646 1488571 1494578 1489612 
1504926 1498209 1501061 1508137 1502870 1485955 1506940 1501376 1491648 1502150 1502480 1501220 1503179 1505783 1502192 1499960 1492822 1493868 1485519 1488190 
1517345 1500241 1514663 1511748 1515635 1504399 1488500 1510330 1512167 1490757 1507907 1511317 1505348 1516720 1507596 1503465 1508534 1516291 1512648 1509809 
1521601 1515841 1515309 1517070 1516338 1520636 1519477 1510676 1514776 1521556 1524041 1517507 1518778 1519279 1521556 1520959 1522344 1521646 1511493 1517980 
1523485 1526465 1518199 1519348 1523080 1526587 1523422 1519638 1523022 1518513 1518567 1524706 1529441 1524306 1522929 1521229 1528780 1522003 1526690 1522327 
1512140 1526762 1528589 1527330 1528919 1531354 1492565 1528358 1528525 1529881 1531837 1528679 1523958 1519938 1525050 1531432 1530179 1530974 1521156 1523818 
1531106 1530196 1533542 1530041 1531535 1530201 1531643 1531469 1531538 1533108 1533534 1531255 1533750 1532777 1530822 1529707 1530452 1532837 1529089 1531315 
1534743 1534682 1534026 1534037 1532388 1535151 1534891 1534843 1533762 1534737 1530775 1534477 1533085 1533185 1534522 1534209 1535554 1533295 1534009 1534237 
1535936 1531780 1535677 1535670 1536231 1534856 1535719 1535985 1535891 1535796 1535748 1535565 1532834 1535812 1535924 1535933 1535903 1535816 1536081 1535003 
1536071 1535415 1536028 1536410 1536144 1536592 1536417 1536182 1536290 1536297 1536364 1536321 1536454 1536470 1536204 1536521 1536457 1536261 1536335 1536384 
1535950 1536601 1536072 1536498 1536456 1536186 1536400 1536298 1536518 1536196 1536297 1536357 1536335 1536074 1536486 1536981 1536471 1536439 1536600 1536495 
1536348 1536077 1536627 1536441 1536500 1536646 1536536 1535986 1536601 1536312 1536482 1536121 1536098 1536205 1536531 1536348 1536184 1536547 1536417 1536289 
1941012 2067181 2037801 1969879 2052152 1933367 1996100 2025050 2242099 2028784 2043649 2003850 2076653 1948312 1998982 2002106 1970122 1985486 2064229 2044255 
1993718 2003094 2205597 1979320 1963007 1984620 1908435 2010513 1913106 1986375 2014061 1931803 2084249 1919802 1983682 1992870 2034552 2046131 1950397 2099764 
2021893 2005490 2158278 2185928 1971433 2083579 1951153 1933346 2021173 2082180 1983921 1994282 1982990 1931768 1915867 1983626 1984783 1967828 2016408 2001206 
2211919 2019828 1951413 1990596 1958727 1978350 2015354 2142522 2255310 1943513 1962784 1976845 2063039 1959308 2012230 2034188 2186879 1960527 1899598 2012691 
1962730 2093019 1972258 2044197 2106024 1986282 2088612 1939725 2168473 2003287 2078609 2005708 2039158 2094253 2053142 1931430 2019122 1977164 1992339 2053007 
1981578 2108734 1994710 2061759 2135666 1964860 2075130 1972783 2076920 1994269 1942095 1981016 2016226 2099392 2247580 1961651 1950230 1991808 1942522 1923336 
1969626 2042389 1965271 2108994 1992851 2068989 2007009 1984763 1923707 2011945 1955393 2017269 2072935 2119193 1996830 1887758 1981549 2019469 1982250 2014538 
2025452 1957711 2291962 1997667 2000645 2025186 2027469 2013096 1962575 2070191 2027449 2058576 2149328 2017878 1979848 2035705 2080383 1987883 2019046 2001948 
2052579 1959823 2015339 2024466 2094281 2005379 2032268 1962392 1897777 1977167 1953172 2016698 1998524 1977634 1996906 1956983 1951008 1978070 2018362 2062840 
2051893 1933196 1942834 1951416 2076819 2063467 2048840 1975332 1973654 1974343 1969910 2040637 2133066 2066495 1973066 1975769 1964917 2076136 2022128 2084306 
1941737 2071144 2064118 1995026 2122982 2104616 1989196 1889701 2059052 2077134 1922407 2022084 2138001 1961763 2037871 2045301 2004071 2015711 2259486 1945997 
1972376 1995011 2019159 1904130 2090476 1995275 2071297 1966215 1956483 2019686 1964893 2007301 2030042 2038902 1973496 1982777 2123073 1982181 2098895 2028184 
2057614 1983957 2094767 1949539 2113597 2007301 2055934 1971197 2054231 2010295 2009893 2085383 2069328 2054759 1959990 2073109 2114034 2005393 1979508 2094066 
1956389 2007307 1972592 1961928 2016536 2024527 2099880 1967880 1978334 2018832 1976696 2212254 1939581 2097209 2038150 2015021 2051212 2063796 1936284 2067901 
2055516 1952038 2007550 2003119 2105475 2042554 2024328 1994175 1970331 1937717 1920959 1988614 1997346 2160818 1907240 1939716 1935678 1958143 1979920 1964308 
2004556 1946115 1951924 2010712 2126821 2125877 1987899 1988900 2010598 1934840 2042056 2025358 1965433 1926606 2124689 2029034 2024089 1988159 1926891 2057426 
2047484 1989247 2002714 2072270 2148754 2082003 1997620 1982276 2041086 2060835 1965675 1972222 2182283 2145537 1947796 1944031 2068294 2029721 2111347 1952948 
2009558 2091990 1929148 1914808 2157004 1956805 2051694 2021063 1972588 1986381 1991735 1983683 2039975 1998961 2034318 1930946 2025220 1994607 1985411 1968390 
2057069 2004929 2164821 2026938 1921522 2014275 2026274 2069068 2015026 2088640 2053675 2136671 2020357 2027172 1995144 1991764 2034849 2014153 2126490 1989019 
1916985 2070905 1957282 2043809 1966143 1998310 1924064 1953659 2231726 2066320 2017131 2062653 2066692 2003195 2053516 1974753 1953430 2051774 2050063 2213850 
1926582 1937051 2112814 2011354 2076171 1979829 2193192 1975591 1986268 2014171 1964288 2010821 2177779 2011928 1974678 1989667 1964737 2006271 2026445 2063706 
724843 724843 724843 724843 724843 724843 724843 724843 724843 724843 724843 724843 724843 724843 724843 724843 724843 724843 724843 724843 
1188656 1216250 1187026 1198942 1216252 1185707 1215196 1223909 1234521 1188602 1236051 1190750 1197165 1208110 1196609 1225671 1202069 1180215 1225579 1232668 
1344182 1320520 1273696 1316304 1311891 1336431 1308483 1357549 1325821 1317482 1328395 1305618 1285779 1338786 1330158 1319851 1295338 1337908 1333921 1350959 
1422773 1379347 1410275 1414279 1387056 1404849 1399563 1397061 1366696 1386579 1407884 1436171 1351976 1409343 1408360 1400515 1400972 1438823 1440545 1430548 
1501962 1432066 1436608 1502764 1448575 1515517 1494637 1480372 1488072 1493860 1454286 1441656 1463523 1503743 1419297 1475690 1469336 1484247 1506961 1448068 
1545072 1521247 1538207 1532860 1538308 1557789 1559852 1520760 1562776 1539390 1558380 1513920 1514780 1565809 1479756 1499125 1514539 1498254 1568809 1531227 
1669219 1563550 1591857 1628636 1612120 1606534 1633489 1538091 1621874 1613838 1623199 1541295 1615217 1607178 1628372 1600767 1642748 1630605 1609492 1610530 
1675547 1624080 1612914 1680652 1654337 1692858 1668133 1676126 1676974 1611774 1674040 1649050 1679026 1678588 1612874 1646902 1642973 1664900 1667024 1681801 
1696891 1675834 1648981 1646394 1665103 1685694 1701722 1706399 1726887 1767375 1685317 1697258 1692686 1719502 1733392 1679300 1732359 1737740 1671606 1728758 
1781339 1788581 1772213 1675855 1783400 1791893 1766171 1781800 1725055 1791587 1782706 1762374 1795192 1793684 1782043 1798404 1720509 1761949 1792196 1775622 
1844660 1822124 1819401 1842405 1826590 1771008 1839422 1824904 1799520 1833706 1834830 1830798 1823183 1841825 1824134 1816607 1801830 1806649 1772102 1781068 
1900660 1827889 1892409 1874193 1892896 1853287 1821032 1864394 1878873 1802726 1861132 1875427 1855131 1896907 1849788 1845969 1862564 1891649 1888639 1866105 
1926010 1910913 1899547 1913242 1907274 1924990 1922822 1903469 1903570 1923119 1944410 1904615 1916482 1920531 1931266 1930344 1935287 1935475 1894749 1916471 
1933347 1962045 1926762 1935976 1946908 1961102 1951360 1941588 1951990 1928907 1924153 1950159 1978067 1932119 1945073 1936831 1980777 1946513 1967325 1955216 
1934732 1979066 1984784 1981842 1986901 2004499 1843944 1975999 1972134 1990778 2001024 1983711 1954830 1935695 1960363 2000709 1983963 1996401 1939900 1954821 
2002525 2001730 2010900 1995350 1999410 2003898 1997243 1998406 2006822 2012952 2021811 2003146 2021158 2019468 1997868 1983960 1994415 2021665 1988655 2007744 
2027783 2027275 2028751 2023388 2015005 2034855 2032928 2033396 2022400 2029441 2000178 2029816 2014775 2023242 2028770 2025235 2038951 2023702 2028874 2026743 
2039005 2010405 2044199 2044765 2045533 2034280 2041384 2043297 2044675 2043104 2043065 2039420 2018913 2044135 2042248 2041691 2045435 2044731 2041732 2035971 
2046370 2040825 2048367 2048347 2048792 2046809 2047314 2046312 2045516 2045990 2046422 2048545 2048941 2048348 2048999 2045951 2047336 2046592 2046552 2048516 
2050359 2049155 2047933 2051280 2051931 2050457 2047142 2052355 2049816 2049330 2048000 2048156 2051449 2051404 2047855 2049663 2050297 2050156 2045284 2053541 
2048603 2051389 2046001 2048924 2049684 2050929 2050551 2049229 2045708 2048671 2048623 2052786 2048740 2047837 2048317 2049068 2051798 2050401 2051761 2049870 
99999 99999 99999 99999 99999 99999 99999 99999 99999 99999 99999 99999 99999 99999 99999 99999 99999 99999 99999 99999 
289992 308899 288145 302549 428809 296736 310165 357916 443224 297171 325405 331774 345789 309893 438717 334756 326503 314968 349653 377337 
510568 484571 492858 487367 491898 503714 482504 575947 496494 541369 510740 469842 470644 604191 514848 489715 463922 519755 498705 540890 
710316 610297 633974 729984 638710 621520 615539 641513 573863 658630 659898 693620 572949 638219 637012 620383 694854 704913 705253 740676 
849722 737051 764916 870248 794288 811841 776652 879765 925405 868206 749451 736775 722464 884666 735928 838468 762072 871596 927126 736363 
920668 870757 910848 891991 923919 912500 1010073 840720 1009765 871227 927375 838782 865777 1030752 782586 882140 883783 862560 930252 923826 
1205938 923331 1027929 1073307 1029509 1010319 1052488 894077 1126279 1068536 1051544 873256 1089184 976876 1037190 1024213 1161045 1101082 1024009 1039442 
1151379 1056656 1047565 1211535 1078922 1249792 1185142 1203972 1193293 1046419 1189960 1116878 1203651 1117429 1064625 1072024 1103608 1153488 1164417 1217951 
1150247 1135895 1042284 1075778 1170913 1096060 1189431 1153908 1227300 1327924 1154922 1171505 1169496 1239151 1274943 1129434 1259777 1233337 1111332 1204107 
1306408 1353128 1326849 1108886 1311364 1322059 1277913 1292197 1200948 1307141 1295905 1311885 1389022 1341574 1389916 1335596 1204896 1296411 1363146 1285457 
1423984 1384039 1366389 1386504 1385782 1198659 1414055 1363985 1307545 1395880 1409365 1339152 1346077 1383893 1368793 1386910 1331785 1340010 1230084 1266577 
1470253 1351270 1462948 1443985 1451628 1373888 1275033 1418219 1419044 1291275 1418246 1398789 1374907 1449792 1400601 1341783 1400702 1465757 1445653 1420154 
1484131 1468157 1446870 1468991 1474791 1463641 1494523 1436298 1446193 1470055 1498831 1467139 1475506 1480888 1496823 1495237 1484503 1489059 1415080 1467881 
1490435 1507728 1459936 1482470 1485041 1505350 1467585 1461173 1487618 1473294 1461483 1495061 1514489 1487004 1481112 1477047 1518228 1483454 1512188 1486571 
1426482 1508987 1514102 1505093 1510239 1530513 1300988 1509940 1505062 1511782 1521828 1517036 1484561 1462996 1488068 1524734 1507334 1518843 1479997 1499714 
1512599 1516346 1523632 1517429 1513679 1519943 1519856 1516795 1521362 1527108 1529377 1522989 1527635 1527987 1540171 1509177 1516718 1525891 1500918 1521468 
1529001 1525425 1531558 1538157 1526522 1531002 1530481 1530881 1528598 1529707 1521755 1530427 1527893 1527578 1529184 1528549 1531606 1528295 1532857 1528574 
1531926 1510033 1531930 1531671 1532288 1530752 1532222 1531915 1532127 1532096 1531940 1530842 1527483 1531244 1531803 1532086 1532199 1531876 1531260 1528985 
1532455 1530506 1532457 1532408 1532539 1532508 1532529 1532244 1532554 1532230 1532192 1532374 1532824 1532200 1532436 1532527 1532819 1532377 1532549 1532459 
1532798 1532272 1532567 1532471 1532366 1532470 1532268 1532693 1532419 1532640 1532422 1532847 1532503 1532457 1532848 1532751 1532497 1532346 1532678 1532321 
1532479 1532283 1532711 1532445 1532555 1532863 1532765 1532444 1532434 1532638 1532552 1532407 1532646 1532515 1532424 1532616 1532299 1532565 1532383 1532203 
99999 99999 99999 99999 99999 99999 99999 99999 99999 99999 99999 99999 99999 99999 99999 99999 99999 99999 99999 99999 
1282597 1325991 1305533 1344014 1381766 1303677 1385193 1393964 1424425 1357672 1393507 1323746 1352806 1340701 1334010 1402477 1371129 1316291 1422502 1388025 
1472575 1445758 1368937 1433953 1430137 1454609 1410435 1506610 1444979 1437640 1453302 1429911 1408680 1439853 1461747 1438114 1427153 1450740 1461833 1481825 
1510871 1477664 1483998 1494893 1421447 1487729 1477296 1491299 1448646 1469831 1490909 1525514 1376181 1462516 1486130 1476912 1479758 1525407 1527424 1490170 
1540913 1466528 1491420 1537074 1495511 1546484 1521874 1523051 1528570 1534891 1512874 1464859 1515392 1535786 1485290 1487453 1509144 1503435 1527343 1482588 
1523389 1504851 1524438 1533634 1543987 1545878 1533912 1501844 1537493 1526306 1548537 1512238 1501784 1545790 1481641 1516628 1510972 1490804 1552824 1527557 
1575217 1510246 1549503 1564921 1538477 1540111 1556968 1469652 1562803 1562643 1557421 1520835 1551781 1536355 1555285 1540868 1559407 1560443 1542183 1542492 
1558975 1540009 1529298 1565557 1564167 1573712 1564010 1570708 1566255 1537388 1563469 1560543 1565016 1559335 1520771 1547035 1560433 1569931 1558306 1571841 
1553908 1528258 1517192 1552925 1557591 1553803 1563317 1572966 1570732 1583826 1539108 1566862 1546597 1577787 1573310 1560267 1565850 1574106 1558994 1575033 
1575413 1582957 1566038 1540481 1577492 1579910 1570870 1581007 1565908 1582057 1584605 1574678 1582531 1578586 1580019 1582950 1540313 1576736 1579955 1569798 
1585607 1579677 1582369 1586669 1586084 1575977 1587205 1581160 1578354 1582970 1581370 1575829 1585057 1584808 1585068 1575278 1575356 1580092 1570932 1572695 
1590410 1582789 1587711 1586282 1587910 1582399 1564857 1587813 1589731 1579772 1587052 1582887 1582810 1589670 1589652 1580665 1585052 1590494 1591334 1586710 
1589708 1589054 1586909 1585343 1587109 1588789 1587892 1586677 1585133 1589017 1590474 1591045 1589080 1587325 1588453 1590815 1588640 1590124 1588043 1589994 
1590731 1589758 1586335 1589594 1587797 1591588 1588418 1583917 1591425 1588605 1587354 1590138 1591133 1591401 1588718 1590073 1590388 1590119 1591431 1588661 
1581944 1590331 1590051 1589948 1589297 1591022 1565074 1590870 1591982 1590722 1590788 1590692 1584936 1585984 1591418 1589649 1590971 1590595 1589942 1591229 
1590869 1589679 1590900 1591293 1589844 1590274 1591287 1591386 1591224 1590514 1589817 1591318 1591268 1591191 1592069 1590807 1590395 1590206 1589857 1589965 
1590496 1591134 1591370 1589920 1590226 1590608 1590892 1591233 1590788 1591909 1590237 1590777 1591294 1590460 1590755 1591128 1590949 1591058 1591421 1590828 
1590899 1590636 1591006 1590925 1591370 1591056 1590966 1590465 1591242 1591091 1591233 1591365 1591477 1590252 1590773 1591215 1590534 1591063 1590359 1590747 
1591078 1590781 1591060 1591120 1590777 1590812 1591073 1590758 1591103 1590729 1590737 1590359 1590871 1591019 1590227 1591160 1591171 1590698 1590816 1590469 
1590853 1591289 1591055 1591300 1590827 1591088 1591079 1590918 1590879 1590995 1590894 1590802 1591061 1591335 1590802 1590828 1591116 1590489 1590854 1590990 
1591334 1590809 1590833 1590964 1591018 1591299 1590769 1590936 1591386 1590765 1591290 1590879 1590941 1590408 1591069 1590483 1590691 1590982 1590974 1590513 
99999 99999 99999 99999 99999 99999 99999 99999 99999 99999 99999 99999 99999 99999 99999 99999 99999 99999 99999 99999 
591427 650087 622885 608411 1870145 671585 647616 944693 1515251 561361 655482 887142 1037201 624435 1829309 755165 876939 729018 976015 1169932 
1153746 1172785 1768720 1047632 1083306 1296404 1221151 1606303 1017072 1799288 1312513 1060014 1119414 1921888 1311846 1188783 1123846 1189448 1113543 1390590 
1866833 1252516 1491876 2407939 1590951 1418358 1383157 1835967 1197606 1616995 1621980 1737606 1254394 1535794 1327658 1369683 1842445 1801287 2037241 2286104 
2260382 1674297 1915337 2523217 2633870 1964604 1698767 2628281 2692125 2579628 1846468 1573575 1607737 2520968 2003982 2420801 1833586 2418656 2623295 1627263 
2140208 2207138 2367853 2049610 2711525 2240786 2656217 1845745 2820866 1777001 2374056 1922458 1783344 2943469 1630623 2864536 2037420 2536636 2254345 2223981 
3114293 2127342 2815134 2665284 2675331 2250433 2569866 1960598 2836748 2813831 2671585 2175794 2783022 2116227 2426559 2813571 3035725 2881040 2619865 2389967 
2952032 2716354 2937319 3165967 2676510 3192083 2948145 3095517 2980206 2477971 3097369 2820465 3038541 2606800 2784242 2539803 2565922 3044228 2972193 3099000 
2595245 2781429 2404258 2653251 3088543 2416590 2801002 2762469 3027218 3154385 2801001 2904445 3030830 3160655 2960600 2907198 3042480 2839703 2667810 3016847 
2961640 3171214 3175169 2762615 2956571 3082541 3160447 3105881 2972085 3045662 3130611 3113291 3188009 3145496 3146936 3041052 3131566 3117388 3228557 3044658 
3175863 3187612 3059778 3234364 3182702 2760194 3213897 3176223 3044344 3255201 3183411 3106005 3117556 3111666 3141772 3205145 3228103 3167163 2854605 3108805 
3226675 3181797 3221126 3192278 3245445 3169052 2862996 3185555 3179005 3188208 3190276 3177119 3159653 3240191 3159651 3059748 3128888 3200371 3205600 3225024 
3239621 3235995 3192038 3241535 3200099 3243677 3250584 3175125 3181532 3266670 3213591 3222399 3242616 3218271 3236847 3184510 3241408 3246833 3201439 3236359 
3182763 3214777 3164487 3232346 3209914 3178898 3253172 3225382 3249063 3238445 3206158 3267049 3267743 3204859 3259863 3242544 3228832 3183616 3190924 3207801 
3054838 3243462 3245835 3260653 3241650 3263951 2917021 3247114 3198318 3264671 3267051 3239342 3190126 3173145 3242681 3264391 3231441 3230257 3222020 3226642 
3252649 3257432 3269688 3223575 3236918 3260520 3247340 3243322 3201809 3199937 3274893 3262046 3243726 3196479 3219723 3217991 3264893 3253164 3214500 3254468 
3226080 3226668 3212203 3199603 3201090 3215977 3239551 3258977 3194290 3235353 3200455 3268107 3224488 3247894 3192041 3279463 3218009 3235217 3232808 3257964 
3202420 3200231 3238402 3247362 3170919 3231153 3176627 3259872 3265151 3243204 3237826 3241117 3253276 3221175 3271585 3226054 3185822 3194871 3241778 3226161 
3199402 3269674 3224519 3244053 3217402 3213090 3263892 3236105 3248352 3194807 3222195 3240235 3189030 3241718 3216882 3258914 3193462 3195465 3217657 3234919 
3238424 3264844 3226912 3220750 3225447 3221436 3207811 3216570 3256415 3220899 3172483 3212574 3221756 3219096 3252085 3180570 3230421 3171909 3211042 3206751 
3220927 3207994 3239509 3205960 3215230 3258593 3228401 3234688 3209804 3241769 3219970 3192680 3217879 3223970 3245017 3184890 3168276 3217880 3230699 3194512 
99999 99999 99999 99999 99999 99999 99999 99999 99999 99999 99999 99999 99999 99999 99999 99999 99999 99999 99999 99999 
208650215 173039597 187944320 168302408 1343964319 211329754 200126956 237640638 670385162 202842687 177579275 247263116 300297399 173922478 1347811468 182006712 240944715 230585486 276395783 307754142 
351336257 380924725 882274053 350090563 393996431 421811651 364611175 512229246 398378681 1023984920 392565539 313148851 413479922 1282852173 411309459 370281747 443097929 377270359 302470774 370225241 
632418155 562604217 574705574 1554236956 557573493 616986252 550528714 643424343 574494278 634873542 614791740 569442850 615761142 500233826 556827803 565034923 737325044 539968014 621956536 976665897 
817564539 754494745 942888901 927940156 1600815480 629662951 705669153 1876686186 1913631710 1638459089 808252703 832477865 688657351 1444746221 1007176755 1184912573 810362862 1007115086 1029682021 754742872 
1016882182 928279026 902015443 866822939 1065776826 953472698 1497733538 906934659 1309072581 770547106 871872753 987397604 991216316 1995359601 1027518113 1749367935 986330076 1729819775 812245520 970345732 
2052953591 1062225395 2009610106 1242072851 1238770807 1008989610 1067398010 1081978250 1890440266 1052688228 1079776883 1158365628 1889791645 992631039 1045622500 1779286084 1494224064 1794148159 1864231971 1106560806 
1889345715 2046427782 1581774295 2090109469 1382738031 2120179907 2143262186 2202589423 2046229564 1189493395 2253194369 1209299031 1695183807 1219524767 1745829298 1298880466 1254657085 1496559712 2103540573 2018767612 
1320625662 1960144311 1348218944 1637072853 2202098547 1166345134 1318952015 1385728469 1486797176 2162773109 1635412102 1619717912 1984191445 2009863216 1673894859 1930646847 1863879490 1478334102 1606812624 1449324976 
2178032683 2120612132 2297658096 1724407058 1610906542 1510855802 1721037521 1398173245 1859711556 1704043185 1442452709 1532255187 2400084410 1719890551 2367034512 2204899469 2026467951 2180833175 2353789634 1478154209 
2311439944 2247445366 1585637033 1726163132 1731269031 1631709676 1794852951 2129533540 1702393241 2338100756 2222423751 1641368561 1582524594 1687401246 1808113056 2281435119 2123499309 1955135068 1679374974 1945388232 
2249451422 1807156810 2308078900 2401314188 1871389537 1651213287 1788379315 1857841547 1657087465 1897687570 2320741795 1710281469 1807840919 2170836397 2281485671 2137118210 2309470574 2300618179 2279760627 1855266743 
2320213867 2349105847 2217584703 2409155938 2410959118 1892102697 2416512664 2037739581 2406192656 2363298364 2422832189 2058032704 2429377254 2354475583 2431841754 2462238090 2244324219 2415345830 1890694554 2385446327 
2298353402 2445549708 2308914981 2409443673 2350526350 2418435458 1914680724 2343911878 2010269652 2377172664 2320150542 2275005967 2340095087 2209500021 2255356465 1923714557 2418299868 2111223924 2432323457 2421371071 
2011691800 2388045224 2381530616 2469680777 2400652985 2485732009 2217508690 2150006999 2295449764 2387268974 2146191421 2109736027 2285391463 2404336534 2390713048 2462127977 2121004201 2442811229 2416623504 2475600898 
2143872522 2432046484 2078628788 2453240792 2351120960 2454656813 2367799117 2397888680 2469816598 2491033677 2449338342 2441826356 2118448138 2492534254 2465172927 2256762175 2388742942 2488392808 2141430505 2461715919 
2486436673 2417777144 2327128896 2440736784 2431840233 2490620072 2442468204 2492767988 2478915497 2478284570 2411356341 2484958259 2200396524 2311700493 2461746577 2481485384 2490386475 2462578484 2483944092 2475889082 
2498741777 2299610068 2503164780 2471357451 2500297328 2461202078 2487965841 2496009205 2496461715 2480551170 2475661830 2305594889 2472953932 2447018979 2487386659 2488271533 2492243388 2484528542 2396897562 2444655954 
2507775043 2453488090 2459724741 2501085472 2505162323 2507584615 2476058673 2491941585 2399108951 2484650773 2504700897 2487091657 2485139292 2500643302 2502563780 2388367580 2498557012 2490756146 2502260212 2482274928 
2501373245 2503400712 2504119795 2491504964 2503831158 2508837672 2461791534 2488452548 2496590847 2500605167 2500082026 2504655379 2506136698 2501045620 2497399881 2485389967 2486576280 2500902535 2500000660 2497717545 
2508699354 2491766614 2498808720 2495704662 2502680959 2498208651 2495864596 2498384226 2498661779 2497020645 2501428879 2500120441 2491003214 2498780371 2496235279 2506374539 2511531445 2503894755 2503811564 2511595051 
199997 199997 199997 199997 199997 199997 199997 199997 199997 199997 199997 199997 199997 199997 199997 199997 199997 199997 199997 199997 
534226 554175 554782 557049 677165 570959 557702 601326 678605 536617 549716 575818 581301 569183 690751 569275 594243 563735 590938 613574 
786482 765868 818342 768717 768974 808086 794113 847303 775402 861702 779412 759277 756274 907255 802714 768437 738638 813286 774662 820580 
1049213 914141 970047 1078073 1003511 948857 945713 982397 922440 987246 993442 1016162 918733 1005802 959735 959441 1053680 1041130 1041358 1100541 
1266909 1169291 1155820 1285601 1241229 1205267 1163789 1342472 1346767 1293096 1134527 1109890 1132480 1330876 1101308 1297796 1205506 1301734 1350293 1140654 
1404319 1333336 1389951 1345795 1383207 1373007 1525343 1326842 1512572 1303382 1390999 1298174 1327276 1569888 1223353 1382650 1349877 1338749 1415673 1384201 
1839425 1490122 1620658 1622220 1621401 1574961 1648066 1397055 1715958 1622653 1628221 1433179 1689809 1517719 1587855 1604103 1761483 1671324 1606037 1604969 
1827921 1713711 1695744 1925927 1720155 1979784 1883728 1893685 1844240 1631132 1890558 1722689 1924446 1758894 1738185 1727105 1732685 1776597 1852000 1899446 
1858659 1856189 1721263 1744080 1897091 1789999 1863661 1864458 1975638 2166308 1898929 1878555 1910175 1985527 2070726 1833619 2027680 1967726 1770053 1932659 
2171638 2232127 2188485 1819077 2151836 2173057 2114338 2120427 2017216 2134454 2087766 2160278 2288713 2207549 2264282 2211526 2028348 2138681 2275241 2095779 
2426556 2327948 2256637 2310503 2329478 2046819 2357228 2278519 2169266 2372187 2375517 2254838 2228021 2304639 2288016 2316931 2239868 2253858 2067880 2134070 
2541941 2261105 2556077 2472046 2501391 2315351 2213918 2410073 2427543 2198174 2448400 2379027 2355884 2502388 2396684 2308267 2389098 2546841 2507432 2439829 
2617395 2602001 2528210 2584497 2567939 2564337 2645046 2534311 2550755 2596792 2681816 2552699 2614739 2622578 2676454 2674744 2621339 2631380 2479370 2603090 
2633149 2727116 2613629 2658322 2669160 2726112 2619011 2646619 2663253 2626410 2606582 2676581 2746078 2613130 2644412 2605534 2754772 2659242 2737686 2685845 
2602521 2755946 2768784 2771807 2790029 2829809 2354320 2752095 2737340 2783586 2799002 2772351 2661060 2631081 2710130 2818178 2754146 2801736 2667426 2725057 
2802236 2822372 2830481 2810594 2799543 2828524 2811240 2795359 2825281 2866875 2873783 2829479 2855955 2865007 2816639 2768620 2802408 2865400 2756695 2837785 
2884961 2871191 2879596 2869419 2858074 2899923 2898292 2900026 2881087 2895870 2818781 2894453 2821420 2874824 2880965 2877572 2906204 2863196 2881974 2879772 
2916239 2802773 2913758 2914313 2918304 2905490 2916638 2920267 2919411 2914221 2908199 2904174 2862171 2906601 2907084 2914379 2920741 2916959 2907381 2896942 
2924465 2908135 2923363 2926439 2928562 2929006 2924413 2927125 2925153 2925572 2927174 2927248 2926277 2926135 2925249 2920985 2927084 2925901 2927622 2930211 
2929629 2929714 2928950 2929435 2928422 2929824 2931109 2933168 2927389 2927393 2933065 2930281 2928017 2929021 2926383 2930220 2926425 2929393 2931778 2929673 
2930322 2929231 2930215 2934172 2929984 2931953 2925272 2931128 2932056 2929227 2929669 2930204 2927599 2932646 2927212 2930319 2932946 2925223 2927174 2934133 
99999 99999 99999 99999 99999 99999 99999 99999 99999 99999 99999 99999 99999 99999 99999 99999 99999 99999 99999 99999 
2859166 3187281 2907335 2957991 3262780 2459856 3146150 3266547 3291589 3146096 3165287 3239237 3238621 2893322 2961779 3222514 2713777 3251482 3127153 3228583 
3444226 3443971 3160442 3488659 3472332 3308965 3092677 3563913 3460180 3169760 3498351 3314490 3513082 3328517 3438832 3477061 3401009 3506211 3347010 3562289 
3640278 3400305 3670539 3572824 3588610 3704395 3695782 3714096 3670028 3498639 3705501 3574189 3667172 3391295 3539665 3708921 3728205 3703121 3694892 3692181 
3761827 3601249 3518236 3777144 3694123 3713077 3773909 3568711 3805460 3701002 3707258 3817159 3676022 3784576 3832370 3751666 3548959 3622525 3878430 3732685 
3893815 3886770 3782611 3773515 3843040 3847334 3796365 3800001 3835942 3806464 3810399 3847915 3897805 3943372 3845783 3809721 3872816 3907286 3780093 3858785 
3935228 3585021 3804913 3807611 3882540 3715139 3775143 3906882 3933718 3862396 3860595 3561809 3920398 3876276 3893753 3896098 3840697 3854298 3840298 3899123 
3935513 3846539 3936233 3991346 3936534 4005153 3922397 3968173 3882077 3688155 4004747 3895257 3927852 3880610 3776249 3924433 3940536 3927740 4002604 3919947 
3940063 3961703 3950013 3964835 3984381 3751610 3820070 3941093 3947064 3981304 3976933 3924717 4009921 3978913 3938633 3895545 3941002 3932037 3902911 3990682 
3980304 4006971 4003208 4020254 3934403 3944360 3939415 3936211 4025953 3985127 3940120 3910151 4065055 3966303 4003391 3998192 3965714 4017383 4030390 3946903 
4053630 3951547 3941450 4025700 3960960 3773354 3968158 3948306 4006674 4017453 4001962 3950433 3942286 3987831 4010415 4030633 3971018 3980140 4017898 3976719 
4017968 3943209 4017743 4029155 3989386 3994395 3997151 3981239 4000763 4037001 4073473 4028306 4013483 3987831 3997376 3982809 4012903 4043555 4050124 3991453 
4049622 4039056 4040816 4050678 4073707 4019213 4044647 4021012 4011071 4052609 4052837 4015911 4053070 4069072 4060726 4070791 4035685 4057662 4011633 4048388 
4037348 4076419 4055676 4021617 4059285 4070107 4034548 4059692 4042509 4043244 4051557 4018978 4046988 4007729 4040728 4029306 4048747 4034200 4043911 4038448 
3973070 4057528 4039440 4076545 4067302 4073990 4050136 4053947 4053309 4071889 4032915 4041323 4043585 4038231 4059391 4068338 4049624 4063617 4063170 4081137 
4030418 4074023 4036914 4076926 4051079 4053056 4062913 4072609 4067535 4078410 4080476 4078328 4058749 4084665 4064772 4039170 4052989 4063275 4045804 4079779 
4079366 4070187 4064859 4083078 4084036 4083500 4080359 4084704 4089175 4082312 4045910 4077739 4052066 4051382 4074137 4073828 4081006 4055771 4079712 4081583 
4087084 4044982 4086709 4076450 4086228 4085511 4078830 4084479 4089008 4075655 4083667 4058996 4070095 4080752 4084455 4080706 4080972 4079737 4056677 4083092 
4088863 4072702 4078865 4081967 4087054 4092780 4084497 4088891 4076829 4075026 4087279 4084837 4087800 4087841 4083765 4066425 4088809 4080690 4078585 4085963 
4091637 4087550 4091536 4089383 4089877 4086948 4087845 4092100 4085335 4085022 4099424 4091588 4090633 4088554 4092156 4085303 4089013 4090605 4088116 4081371 
4089178 4080642 4091018 4091264 4090673 4091003 4081887 4091135 4092250 4091043 4086744 4083615 4094280 4090785 4089332 4090650 4093856 4088142 4086866 4097258 
199978 199976 199977 199971 199974 199979 199978 199979 199983 199972 199966 199980 199979 199979 199983 199973 199979 199973 199973 199974 
1732312 570591 659465 1021758 1509585 837439 1498712 688950 1427457 1046016 582889 742324 678288 1279395 1570499 1440097 637942 736231 774697 814115 
1598099 1576866 1132403 1316506 1475238 1506752 1125880 1330555 985692 1441582 1118676 1019562 1061798 1289188 1635990 1596024 1300992 1126201 1654531 1086153 
1743586 1912435 1479904 1299299 1602716 1790744 1764208 1494616 1785234 1451036 1481831 1495188 1301198 1799516 1424210 1511335 1750908 1273888 1379333 1730169 
1981535 1684911 1357368 1954092 1418254 1456415 1566462 1758363 1603404 1568269 1446006 1746635 1669051 1839902 1582201 1814450 1798127 1582369 1648791 1799012 
1537619 1722805 1719781 1929758 1991852 1833037 1604352 1619121 1794652 1997436 1923608 1945164 1949777 1943806 1879784 1939820 1778150 1789564 1972002 2098276 
1919194 1919346 1861194 1831524 2012367 1740778 1833302 1725877 1821614 1706252 1644471 1992520 1881920 1917969 1864978 1711521 1934607 1874360 2059626 2105137 
1816997 1793007 2121998 2044642 1780526 1895389 2067511 1885994 1965127 2027431 2070834 2091106 1862929 2093859 2010613 1874615 2004340 2026550 2038006 2102333 
1783414 2065755 2087270 1814351 1943678 2059450 2160941 2082393 1897546 2041084 2134493 1807027 2021981 1863393 2121518 1929581 2036535 2121313 2121890 1953878 
2072816 2126626 2035292 1997430 1953127 1961824 2153843 2080315 2093615 2161073 2031720 1980075 1894193 2020942 2058014 2094866 2029779 2049588 1970682 2048638 
2159985 1985910 2078332 2085213 2131319 2111438 2121264 2135213 1985364 2139092 2046192 2151444 2050385 2005079 2127898 2118536 2072797 2013657 2162689 2118259 
2035499 2181639 2088272 2147821 2091215 2170281 2123863 2144439 2006883 2050666 2089096 2174474 2091035 2134637 2033205 2132835 2122747 2161724 2157087 2114436 
2179328 2133554 2133889 2179256 2164436 2172141 2178906 2131395 2165015 2155785 2183897 2164871 2041378 2082552 2097812 2176485 2148731 2181402 2176410 2178400 
2081165 2127972 2132818 2185806 2129374 2185629 2144158 2166328 2173173 2186175 2183034 2181346 2088848 2129659 2176401 2181811 2182198 2092007 2155575 2095780 
2154679 2184166 2150868 2178748 2158979 2168384 2175250 2183994 2178704 2177264 2180876 2183564 2186567 2174153 2177467 2137210 2189476 2176124 2132165 2186436 
2137348 2189477 2177993 2191573 2178436 2137020 2175753 2142707 2188050 2181958 2176639 2185137 2173174 2159779 2191225 2188449 2181391 2156837 2162215 2135243 
2194686 2188681 2181297 2166756 2188185 2194253 2189735 2191333 2188685 2189474 2176194 2179120 2187892 2184750 2168630 2165347 2190386 2162480 2190521 2177079 
2192703 2190947 2186518 2175235 2189779 2191748 2184471 2191474 2169614 2188652 2187980 2192896 2191378 2187507 2175932 2185876 2187032 2189393 2190845 2190545 
2188292 2188238 2195068 2189486 2190022 2189933 2190519 2190832 2191374 2191026 2192257 2191030 2188717 2191730 2190491 2184483 2193155 2191203 2189561 2182592 
2186291 2191549 2193522 2192871 2191774 2191349 2193329 2190688 2191509 2191995 2189841 2190372 2192891 2184866 2193782 2191351 2190898 2195255 2190730 2189802 
2190852 2190943 2197428 2191256 2191753 2191770 2192830 2190513 2192280 2192734 2191194 2193301 2190451 2192055 2189665 2190615 2193012 2191837 2191859 2191323 
