MergeSort QuickSort TimSort OESM Cook_Kim LIS LIS_treap BothAlgo DirtyClean2 
9 21 30
69008 69008 69008 69008 69008 69008 69008 69008 69008 69008 69008 69008 69008 69008 69008 69008 69008 69008 69008 69008 69008 69008 69008 69008 69008 69008 69008 69008 69008 69008 
103055 100609 97572 102137 102173 101218 100331 100432 98986 102257 101060 99638 100386 100973 102552 100119 102102 94346 101183 101555 102199 98865 100017 98380 103622 103560 103496 103234 100581 100808 
106140 104776 105591 107503 106339 106206 104297 103837 105499 107362 107548 104142 103211 103875 106576 108404 106856 106621 107666 108078 108180 107121 101469 104884 108316 104732 105074 105474 106431 105590 
109075 107570 108498 107410 109691 108755 107360 108638 109623 109185 108961 107174 107536 109421 107286 107571 106373 104005 108020 109128 108564 107574 110225 108307 106717 106329 109150 109318 107026 109527 
110040 110995 111121 110588 112223 110618 111775 111211 110420 111298 110945 108765 110454 110390 111397 108916 111693 110662 110532 111112 109782 112033 111736 110777 111484 108595 111066 111636 109950 110732 
113319 112585 112992 113292 114012 112468 112158 111728 110676 110766 113535 113047 111746 112325 112340 113998 113218 112848 113947 113618 112263 113031 113239 113402 113310 112351 110937 111610 112397 112123 
114355 113923 113855 113117 113283 113544 112082 114294 113543 114171 114195 115204 114262 114682 114979 114604 114835 112142 114127 114326 112505 112861 114865 114726 114582 114119 114133 113784 113857 111434 
114880 114544 114612 115935 114359 114128 115463 115759 114895 114575 115703 115514 115139 115683 113391 115575 115089 115552 115245 114882 112545 115349 113525 115690 115795 113524 115013 115252 115768 114865 
115668 116464 116043 116384 116070 116505 115194 116777 115934 115942 116424 116009 116485 114553 116322 115534 116557 117019 114354 114873 115410 116465 116113 115704 116657 115732 115597 114527 115246 116597 
116597 117219 115352 116983 116733 117511 116490 116746 117078 116578 116715 116615 116871 116571 117460 116455 116297 116794 116399 117626 117564 116790 116464 115507 117331 117428 117019 117242 117171 117224 
117018 117702 117272 117530 117922 117761 117692 117439 117474 117726 117230 117887 117702 117171 118021 117510 117289 117705 116715 116659 117507 117639 117582 116758 117194 117178 117193 117588 117812 117033 
117790 117121 118589 118285 117973 118317 118368 118150 118143 118476 117729 117969 118302 117475 118569 118078 118230 118571 118402 118211 117254 118169 118113 117567 118041 117667 118356 118265 118246 117712 
118479 118768 118101 118779 118680 118451 118103 118034 119005 118321 118733 118111 118668 118438 118782 118604 118544 118611 118445 118713 118569 118511 118648 118801 118603 118731 118768 118573 118405 118682 
118628 118875 118994 118941 119051 118884 118937 118917 119166 118925 118820 118451 118931 118820 118608 118858 118628 118957 118948 118763 119134 118886 118524 118402 118813 119095 118829 118910 118745 118867 
119460 119018 119340 119365 119392 119172 119087 119161 119114 119229 119291 119053 118746 119074 118048 118979 119147 119126 119319 119254 119317 119247 118913 119068 119125 119310 119328 119212 118983 119174 
119405 119278 119380 119405 119307 119257 119353 119471 119429 119280 119315 119274 119301 119422 119300 119201 119448 119499 119290 119426 119564 119319 119408 119421 119551 119388 119190 119359 119303 119196 
119366 119283 119632 119278 119265 119467 119519 119569 119456 119578 119498 119462 119483 119459 119283 119514 119460 119593 119512 119577 119475 119587 119510 119538 119679 119544 119543 119483 119507 119216 
119680 119646 119492 119640 119729 119548 119528 119676 119698 119490 119636 119646 119612 119675 119495 119539 119492 119672 119556 119602 119524 119509 119681 119512 119690 119529 119684 119625 119620 119640 
119555 119634 119635 119652 119609 119667 119718 119634 119665 119642 119694 119600 119671 119555 119492 119539 119646 119734 119822 119526 119652 119531 119758 119475 119496 119658 119700 119611 119646 119610 
119707 119644 119512 119610 119561 119719 119744 119724 119620 119550 119921 119537 119689 119638 119601 119657 119655 119612 119659 119537 119705 119474 119777 119589 119608 119656 119467 119752 119680 119732 
119821 119769 119614 119753 119748 119507 119669 119706 119606 119739 119675 119522 119616 119712 119657 119595 119448 119478 119536 119838 119681 119761 119686 119736 119531 119734 119754 119799 119632 119767 
147447 165063 148312 154400 156222 154035 146072 163850 159293 148827 157915 152406 156181 151879 148711 162755 152375 150160 148146 144473 158379 166724 159880 150160 173247 160957 150324 152423 153205 152554 
152842 149321 156700 151760 150095 150629 155841 154681 152217 156805 167572 152729 150374 156877 144094 169318 163285 155616 159235 151967 151892 168152 148671 146293 163791 156127 153759 147050 149236 155776 
151534 145967 159955 161427 152998 153302 166448 157598 150371 150127 151876 152052 153200 158938 171723 152988 157887 161807 160629 165249 148503 167605 164216 148899 159693 148799 160379 159343 161567 153801 
162504 163433 159664 172989 152473 156006 150612 154634 150320 153120 153976 146187 152015 151825 165277 161227 167771 163604 156305 152545 150187 159721 153058 158896 166360 144795 162962 150475 160324 155406 
153226 154167 156193 152600 157216 154100 153030 154266 149179 164376 149824 144748 168450 158801 150192 151440 162978 147428 153935 151360 151126 156168 155646 161437 156271 148077 163792 163902 147451 156643 
154155 156388 149250 147154 155788 152488 157072 157815 156815 147228 167039 153026 155263 146547 148027 148577 161499 157278 164002 153622 166514 145344 170227 148759 151875 157262 156797 151974 148378 159234 
153160 162523 155617 165731 156245 158800 151613 151968 149890 155549 158278 159972 154275 164293 157744 150600 157076 151389 150456 151977 150546 148784 148845 162751 148693 166661 160907 150066 158311 152365 
152521 164890 158886 159910 144765 164534 149934 161055 157256 150037 153986 156793 152338 143011 160833 152898 157177 152030 151221 149208 155382 159956 163142 160992 148535 153771 142270 156175 160379 160580 
147565 153163 149383 154342 146045 148179 152431 166523 156175 160979 150217 151198 156761 153301 150843 156905 156547 158397 158500 163048 179823 150328 167306 164327 149743 157069 160963 160410 159283 151444 
160735 180096 156915 164406 162240 153417 157907 151954 151714 152849 147874 150500 157015 167567 173383 150613 155093 151618 148608 149104 145456 155981 164909 148104 154317 151962 168236 150101 163735 153917 
153531 151936 152096 151459 169203 163252 150055 147661 155208 155720 161547 148449 147143 160505 158812 153296 161637 155484 159205 159573 162293 161756 156046 156343 148426 150265 160683 160672 153852 167765 
160116 152042 159880 153802 159079 152511 156848 160232 151786 148105 154088 146391 165880 159822 149494 152788 149907 160739 148012 144121 148024 154024 158096 144728 149217 155020 165604 158384 146056 155512 
149915 148641 153938 152917 154789 145175 161635 148993 158530 158661 167153 152303 148132 145980 159441 146283 150359 158479 155687 164198 151018 151423 152403 157360 148818 163586 145589 146573 149926 152319 
150491 148470 155122 148539 148954 155343 152343 154406 150788 153168 149894 151636 160233 152469 150651 150016 155647 155575 155007 152831 163153 153647 161972 148695 152483 165993 156320 149291 153262 155227 
163784 153327 162436 154459 161232 161374 156875 153678 151910 145897 157138 151769 151242 162116 147284 157019 166528 163882 161571 159620 147383 162481 149693 165005 154315 175893 160147 148044 147070 159454 
152788 153688 153580 159063 152055 160391 162461 157334 151319 160304 169093 156530 150789 150330 153135 151152 153176 169466 154132 150827 156435 145373 152792 165707 152490 148648 153750 149773 164347 157435 
148791 161835 167779 152247 149498 159537 166556 154830 151168 153226 151317 151273 153399 152835 154561 155231 148086 156979 150203 164829 160780 156926 152413 158323 151919 157638 154040 147197 157638 152789 
150657 155290 162153 150512 171207 159070 158373 154021 158103 165090 150347 145394 157539 167012 158373 156619 162893 162117 163582 159965 149336 158171 149250 157450 162880 159978 151334 156266 157169 175820 
150662 155359 158482 152243 152922 156638 151166 172119 161053 149422 149753 151905 146569 160257 146012 165347 154471 154828 156228 153334 157025 163461 154209 165222 157943 156972 154456 157137 150330 175092 
155185 153030 154407 150165 149729 158117 162893 162066 153631 152407 148886 173461 161241 148545 163070 161550 160223 157313 153944 157210 147630 145175 151345 150045 158356 170171 154045 159174 160851 151344 
163243 159886 160082 151926 155510 152473 154797 183986 153935 148945 148855 160814 170134 151242 155504 152197 148150 152026 154585 161129 154296 146768 148194 159740 152544 145935 161979 159238 148702 154691 
56407 56407 56407 56407 56407 56407 56407 56407 56407 56407 56407 56407 56407 56407 56407 56407 56407 56407 56407 56407 56407 56407 56407 56407 56407 56407 56407 56407 56407 56407 
94990 93292 89456 94859 94490 95296 91519 93745 92390 91986 94017 93307 93081 94603 94960 94923 93628 86804 92593 94045 95413 92010 92410 91695 95305 96193 94215 94270 92630 93231 
106089 103908 105703 106359 105840 104104 101336 100122 105986 105729 105772 106215 102050 103713 105467 107599 106567 104602 107958 107858 106735 104782 101037 101961 107027 102357 103258 102187 103401 105334 
109453 110448 112658 108974 111574 115044 110631 113028 114177 112453 110742 110061 111405 112134 110140 110584 110869 104818 110472 110542 112114 111456 115508 113692 108224 111724 114016 114216 110077 112955 
118028 118130 119564 118152 121497 119434 118426 121445 118264 120217 120736 116599 117925 118161 119594 115183 120118 116586 118400 120229 118285 120165 121783 118496 119769 118156 122098 119269 116856 118623 
128270 126427 129032 127095 127787 128050 125307 122079 121632 122022 123569 128861 124893 125135 125174 129195 126978 128452 127945 128940 122527 127475 126939 127971 128631 124943 122211 122049 125996 127038 
132864 132799 131165 128591 128973 131391 127612 132248 130419 135202 132448 135765 135020 134807 132333 133652 132757 127139 132472 131204 127721 127767 132938 133741 134574 131523 133355 129778 130925 124872 
138203 137035 135495 137460 137230 135408 138056 140861 137677 133188 137572 139510 138986 139002 130339 139523 138654 137354 135121 134317 130955 137273 133578 138429 139878 131980 135774 136216 138102 136673 
138894 143268 142341 143700 141603 142736 137607 146326 142115 140200 143416 141882 142743 135605 142661 138542 142567 144728 137206 139964 141185 141689 143347 141279 144127 137631 139924 135545 138470 144113 
147139 148910 140644 149156 146113 150047 146528 146014 148848 145010 146171 144987 148611 146573 147905 148409 144240 146332 142982 149019 150097 144635 145435 141899 149620 148985 147285 145792 145721 146615 
148706 152807 150877 149927 152752 150995 151435 148369 148936 149704 150837 153613 152534 150472 152701 151104 148458 150689 146427 146840 148638 149641 150517 148294 148364 149177 148493 152228 149922 149308 
152684 148512 157403 153388 152786 156434 156305 155532 155816 156211 149888 154807 155159 152172 155393 153150 156612 155384 154059 154102 151126 153086 154641 153536 153011 153027 156758 155310 155020 152172 
157359 156475 156312 157888 159139 157273 157427 155770 158731 153873 158111 155058 156374 156885 160294 157052 158422 157078 158781 158476 158637 157005 157016 159219 157329 157831 159127 158522 156385 155738 
161063 160187 160070 161676 161838 158763 161182 159751 162508 160082 158464 157832 161200 158349 159879 160021 158001 160459 162137 158756 160259 160771 156782 156641 160135 162756 159359 159835 160147 161593 
163091 161797 162315 162782 164113 160302 163692 162710 161744 162998 160851 161573 159728 162169 157421 161680 163228 162532 162699 162838 161056 162727 162240 161897 160468 162024 161173 160175 161000 162059 
162659 164169 164413 163494 163592 163609 164087 164534 164893 162019 164861 161757 163316 164638 163995 162486 162529 164931 163432 163217 164516 164060 163673 163955 164703 165198 163256 162563 164016 162989 
164428 163962 165018 162389 164529 165110 163974 164106 165180 164585 165075 162759 163768 165154 165656 164075 164828 164838 163744 163788 163465 163794 164007 164232 164390 165760 162768 164328 165154 164389 
165323 165804 165393 164870 164588 165284 164713 165648 164684 165755 165445 166266 165765 165915 164711 164287 164857 165428 165037 166869 164134 165499 166411 165671 165521 163545 165043 165523 164703 164022 
165713 165975 165316 164752 165419 165508 165350 165376 165314 165440 166733 166731 166134 165727 166058 166305 166827 166644 165467 165948 165476 166001 165896 165108 165004 166170 166326 165036 166206 166414 
166398 165376 164500 165562 168107 166194 165974 166199 165963 165156 165685 165991 166507 166451 166163 165958 167099 164970 166010 165400 166234 167014 166449 165751 166545 166528 165866 165614 165250 166379 
165455 166666 166343 165759 167229 166779 166143 166815 165133 166144 165473 166117 166713 165829 165780 166115 164931 166415 166154 166038 167327 165891 166993 166987 165697 165837 166129 166598 166197 166714 
9999 9999 9999 9999 9999 9999 9999 9999 9999 9999 9999 9999 9999 9999 9999 9999 9999 9999 9999 9999 9999 9999 9999 9999 9999 9999 9999 9999 9999 9999 
109730 106170 105019 112045 111390 112800 106935 112734 105241 109270 111587 109062 109101 111284 109370 110106 109218 97847 109469 110414 111369 108425 107918 104723 113390 109574 114030 108879 106276 106128 
118457 115552 118340 118400 115829 113765 111101 113034 117328 118022 117719 114983 113110 114094 119333 118369 116357 119987 119988 117437 117285 116213 110717 113593 117048 113104 117202 115555 118196 115403 
117650 119879 118733 117041 116906 118091 116174 119238 121271 120173 118812 117273 117130 120079 118141 118021 118741 115640 116886 116315 118775 116171 120406 118105 117792 117719 121989 121339 117266 120754 
120145 121233 122540 120313 121079 121259 121846 120496 121572 120727 120892 118567 120964 119975 121919 120150 121371 119664 121329 121505 119360 120118 122790 120248 122525 115731 122166 121354 119903 121108 
122561 121669 123886 121687 123834 122041 120311 120409 121201 118966 122885 122066 122805 123126 122427 123959 123426 122934 123222 123434 120695 122606 124550 123359 124221 122107 121009 120851 122011 123170 
124505 123678 122925 122789 122571 124170 121005 124014 123033 123238 124088 124882 123773 123388 123166 124145 123054 121524 123657 122453 122499 122069 124279 123442 123380 124552 124487 123022 122825 121109 
124554 123639 124514 123910 123653 123365 123960 124593 123471 123587 124265 125180 124464 124369 122470 123310 124350 124153 123870 123874 122099 123565 123131 125087 124448 123167 124109 123964 124940 123810 
124488 125066 125003 125256 124993 125059 123690 125035 124874 124143 124525 124259 124575 124112 124723 124018 124596 124881 122872 124629 124371 124793 124687 124250 124409 124076 124129 122555 124062 124388 
124753 125191 122197 125277 124330 125364 125603 125054 125613 125126 125906 124948 125309 124667 125443 124807 124562 124703 125472 124828 124553 125203 125177 124297 124918 124991 124856 125315 125872 124950 
124503 125928 124945 125292 125522 125124 125444 124929 125034 125274 125329 125210 125509 125640 125496 125300 125386 125360 125327 124998 125045 124903 125325 124821 124909 125245 124630 124818 125123 125293 
124578 125232 125258 125275 125130 125214 125337 125695 125688 125492 125325 125123 125821 124502 125470 125455 125498 124821 125705 125262 124909 125385 125069 125214 125372 124525 125227 125683 125250 125508 
125495 125608 125599 125580 125038 125608 125294 125342 125607 125046 125438 125767 125585 125255 125844 125299 125335 125378 125348 125614 125604 125271 125698 125666 125635 125191 125406 125545 125299 125706 
125052 125568 125618 125635 125680 125375 125269 125721 125660 125622 125380 125435 125773 125345 125302 125379 125347 125734 125426 125598 125489 125525 126113 125516 125754 125461 125531 126213 125523 125728 
125743 125529 125755 125506 125622 125561 125658 125438 125666 125571 125199 125824 125662 125688 125458 125565 125397 125592 125476 125732 125289 125577 125682 125634 125564 125592 125582 125612 125518 125511 
125717 125472 125651 125610 125846 125513 125801 125542 125681 125437 125643 125540 125918 125721 125555 125790 125449 125530 125575 125645 125455 125510 125549 125756 125742 125793 125591 125601 125465 125547 
125785 125636 125721 125363 125491 125575 125575 125829 125821 125667 125525 125473 125504 125765 125554 125694 125643 125462 125576 125680 125639 125769 125702 125581 125668 125977 125503 125439 125717 125578 
125636 125778 125889 125438 125928 125981 125774 125781 125456 125999 125495 125803 125718 125338 125771 125396 125772 125729 125566 125596 125800 125714 125362 125997 125858 126023 125673 125724 125825 125461 
125862 125913 125586 125812 125779 125708 125751 125734 125640 125877 125869 125738 125742 125728 125491 125913 125649 125702 125294 125907 125584 125475 125728 125586 125608 125569 125988 125715 125769 125669 
125824 125865 125852 125783 125881 125770 125949 125600 125370 125599 125707 125676 125658 125808 125565 125907 125753 125982 125471 125905 125904 125599 125661 125638 125617 125691 125458 125556 125729 125679 
125882 125614 125536 125542 125799 125790 125993 125471 125425 125381 125678 125946 126010 125870 125720 125908 125687 125667 125669 125574 125759 125546 125528 125697 125778 125748 125850 125715 125777 125887 
9999 9999 9999 9999 9999 9999 9999 9999 9999 9999 9999 9999 9999 9999 9999 9999 9999 9999 9999 9999 9999 9999 9999 9999 9999 9999 9999 9999 9999 9999 
52187 52374 47594 113667 51975 58702 45041 131068 42597 44311 84699 105669 59898 66492 91039 51996 49394 47460 57212 51278 55417 94480 85990 49056 117798 48897 61190 55927 50295 55418 
138413 91191 100071 103609 105625 73976 72213 69381 107925 82483 84468 108942 76777 88181 156296 115961 84784 106217 107214 151804 74930 79793 66567 91095 144052 65060 77552 109699 86875 76989 
136091 106965 159821 126701 105596 145922 103359 177824 158161 131020 172633 90363 160877 166509 97492 125301 139529 74508 168678 81406 134882 105788 114235 171530 110435 117518 131917 143597 103925 146320 
113386 114799 141973 115060 146230 146458 140142 172126 168785 178485 185360 111068 128877 127304 144155 133810 210666 130620 140763 156617 110265 122296 167817 114560 175513 115938 205106 140085 129921 141752 
182142 179102 173732 187893 140344 147312 143879 151682 141056 131662 200431 177301 163079 146459 195268 188549 170832 167485 180760 210495 136541 188553 175368 177911 200885 204570 144129 149182 174840 183067 
196069 199548 178003 200830 170010 175108 185507 185699 218029 175740 201945 219460 206979 213250 173810 217082 169626 164336 214025 175547 154580 149546 186173 219278 207405 221408 222578 184748 165878 140397 
200257 205085 221766 180818 224255 190892 212612 231765 227816 213866 223155 217926 225752 205709 200580 219909 224501 216659 186066 206593 177255 223857 203657 216515 221313 169268 193791 219354 211987 197052 
204314 229738 228471 228067 221828 206055 234928 235379 229696 215707 235247 216559 227729 203198 233151 190614 233989 232845 191293 219113 220648 198645 223048 237570 231112 198634 195440 194858 213131 232613 
231534 237042 207824 234606 239220 238071 235057 241669 236965 220064 240169 229495 220888 214541 239021 244595 231672 226945 235398 241658 242518 225007 214611 229798 231360 237795 244198 234043 236145 225364 
205898 248675 231662 244011 246730 243472 244543 233617 233692 237128 246227 245961 248809 235859 248460 240143 233459 244285 237290 231986 222489 242328 244233 235200 234542 235457 221435 245276 242683 228792 
241632 236733 246415 243552 246808 246079 245392 245565 247450 244783 247148 248933 241592 242064 241821 248587 247196 240752 247154 245629 232127 247241 243230 247382 246758 249026 243376 246728 243114 240695 
245850 248395 249646 245810 247304 244336 244948 245714 248897 245595 245474 246300 245211 248981 247214 243113 248134 243609 247097 246611 245685 247921 248938 250461 248442 247775 247403 248079 246239 249574 
245580 249024 245249 252732 248982 250457 248884 249556 249280 246995 246651 246983 250606 248049 245991 250477 245979 248296 249816 246895 250635 247778 246563 245706 249263 247385 248995 252235 250855 249801 
249292 249921 248080 249875 250086 249945 250090 249433 248498 249698 249850 250561 248522 251274 243406 249373 248351 248919 251788 252732 250772 247370 248240 249736 249788 250162 247134 248723 248283 247983 
248464 249294 250398 248688 248467 252239 247234 250042 249272 250984 248077 249518 251377 249461 248360 247787 248262 249717 249796 248816 251438 248135 251458 250055 251008 250930 251016 249429 249609 247399 
249397 250511 250910 248753 250186 251889 251728 248199 249136 251559 250957 249786 251712 251848 248408 249390 248103 249199 244684 250631 249843 246892 250570 249536 251943 248748 251596 250694 251897 248465 
252019 248984 249243 248800 250825 251055 251340 251062 249676 249584 251045 249427 250511 251820 248306 249528 250357 249808 250459 251860 250269 247871 251642 250244 252228 248710 250772 249833 250643 248809 
250591 251810 247588 250359 250160 250139 250867 252075 250947 251094 250629 251107 249639 250059 250924 249749 250454 250590 251069 250133 252014 251731 250624 248422 250052 251794 249385 248795 250321 250273 
251045 250637 248171 252250 247414 249425 251976 251405 248475 251587 251770 249362 251553 250585 250547 249039 251456 249547 249553 252811 250184 251260 250486 250365 249104 249673 250395 251579 248714 250346 
249886 250858 248933 249387 251906 250005 252352 250596 250123 253037 251035 247630 248122 249102 249185 250207 248106 248919 249441 251232 252688 250564 250677 250963 248987 250285 252693 250748 250930 250639 
19997 19997 19997 19997 19997 19997 19997 19997 19997 19997 19997 19997 19997 19997 19997 19997 19997 19997 19997 19997 19997 19997 19997 19997 19997 19997 19997 19997 19997 19997 
48303 48756 46430 58842 47787 48969 47523 60795 46430 46350 55479 58425 51730 51631 56608 47890 48114 46633 49795 49218 48959 54331 52350 48860 61508 47640 50412 48812 49351 48814 
74931 65866 66658 68838 67815 61799 63377 60540 68942 62967 62832 68262 61529 67963 86177 71524 65882 67926 68873 79788 63319 64518 62549 66330 78468 61664 63903 68757 63053 63242 
84417 76146 89451 83186 77407 89947 78549 99076 88648 85099 92312 73274 87898 90245 75191 80122 83919 70746 85973 72075 82759 78733 79796 98213 74365 78684 84742 87174 79234 89210 
87369 88086 93312 86848 98611 93981 91794 104828 105306 109817 106639 87830 91363 90590 92889 91451 115655 90191 92804 96255 91505 91745 102154 91762 102319 89168 111776 93318 90918 95037 
118847 110988 112725 121662 104646 104937 104992 101520 103523 101933 117922 112080 104946 104448 115775 117621 109743 109152 113759 122311 102953 114489 110266 119083 123850 115720 101455 105221 113100 116506 
125189 127963 122912 124056 114588 116846 121625 128513 130330 122268 128599 141030 129644 132042 119060 136823 120328 114100 138654 117802 110541 112542 119640 134681 129775 130465 137807 116997 118648 110955 
136024 134117 142802 127418 145636 133883 137104 151333 143078 137677 144156 140817 149416 144508 126373 139943 144848 146983 130024 135427 129296 145500 134227 141312 149403 123415 133879 136641 144348 131622 
141193 153363 153417 158266 150721 144064 149944 157061 154003 146773 164289 152762 154108 138155 147808 136569 158323 166240 139050 145024 148055 141859 145791 153339 153541 141565 142738 128960 139494 156912 
161081 167932 149775 167754 164133 175887 164778 172654 173156 156892 160168 152693 159160 155159 169132 168349 154383 156983 154529 170867 166905 156658 156002 152431 164680 170680 170846 161815 165119 160855 
160265 182907 167549 171121 179524 174984 171197 163800 172798 169646 173613 179761 180430 168775 175621 172457 173650 172581 159437 164130 163072 173534 183411 170325 174559 172764 161734 177966 179874 163902 
183064 169921 187924 178433 176938 189172 187785 186753 187020 180955 172201 179824 183752 174545 184245 181966 189512 181063 179945 186483 168647 181634 186144 182550 179210 181557 189388 186817 183162 183020 
184369 196945 188287 194059 192954 187932 185919 187533 195588 182496 192857 186070 194432 191765 195343 187914 194798 189984 189854 191219 192038 184813 183395 193716 187560 191483 189467 189866 191184 185067 
197036 200198 195526 198814 202022 190517 199785 197424 202162 195037 195135 192886 200958 194963 198251 195080 195892 199871 199557 197054 196664 199467 193032 190024 193917 201589 195027 191853 194842 199504 
201448 200447 204469 201869 210397 200564 199962 199221 198730 200912 197263 201692 198606 197865 189045 201797 202058 199396 198080 202996 197370 202296 206762 199817 196542 198873 200131 196597 202444 193535 
204456 205651 208863 203819 205046 203640 207658 208579 205522 197596 204510 202181 204961 205663 205723 206897 205421 202246 202817 209564 205877 207467 204003 207258 207318 206886 202490 204070 207827 206769 
206756 208989 208041 205956 208059 209185 209275 210487 212281 206585 206416 210402 206916 206740 210271 209164 205658 208867 208555 207248 206343 211152 209076 207598 202913 209530 204299 204904 207487 205584 
209493 209402 207238 210302 208388 211549 206856 212430 209625 212078 210425 209711 210965 211186 208061 207393 209541 210035 208151 212000 208290 211152 209738 212414 211953 212850 208908 207421 210479 210042 
211008 211521 212687 208691 211566 208842 209650 211773 213199 211170 209517 211800 209993 212999 212369 211944 210105 212415 212867 211879 213213 210442 210984 209264 211993 209508 210307 209954 213225 212630 
209753 211205 214823 210171 210065 212443 209060 212167 211106 212358 213864 210355 210347 210140 212390 211836 212739 211109 212148 209653 213080 213444 209921 211892 213382 211870 212090 210941 211448 210096 
210447 212499 212154 212985 209963 209520 211842 211606 210118 211152 211340 212489 212216 212946 212730 210265 213759 210549 213959 212486 212340 211024 210357 208376 212380 211725 211522 212872 211266 212405 
19984 19985 19989 19985 19991 19988 19984 19988 19991 19991 19982 19992 19989 19988 19989 19991 19987 19984 19990 19986 19990 19993 19989 19991 19989 19992 19989 19986 19986 19989 
58950 59691 55736 73994 60411 60717 58974 76517 55257 57037 69116 74458 63591 64659 71659 58814 59590 58070 61327 62365 61865 67971 65433 59962 77904 57838 62717 60057 60241 59538 
98937 86608 88170 91497 90287 80731 82688 78131 88058 83306 82319 87944 81975 91499 119125 94495 85960 88503 90884 106846 81864 85547 81841 85093 103218 80089 84221 88733 83815 82274 
112199 102279 123290 114556 104857 125795 107057 138599 123582 118842 131589 98440 123662 123712 101047 111177 116274 95274 118300 98063 113493 107075 106173 138364 101261 109282 116797 116692 108610 123852 
121502 121331 130719 120518 135436 132573 123235 150460 150070 155596 149812 122679 127897 127117 130548 124792 163797 123889 128875 136307 127063 129930 147539 128550 144571 127678 161522 129020 124272 134786 
175832 160025 162124 174935 147871 145425 152858 143691 148730 146828 171307 163729 150960 151755 168321 169999 153963 154108 163326 178152 143941 164593 157121 177328 182558 164998 146175 149353 161579 169696 
183604 182287 179929 176829 169105 170436 183564 187506 191592 177397 186560 207000 185956 194079 174508 203471 172961 164723 206972 171408 160015 163998 170713 198217 188867 194221 201729 173015 173636 160241 
203348 193764 212002 187796 213793 200339 204577 225037 213025 201744 218914 210079 223807 219259 192615 207306 214049 220796 193800 202185 196569 221344 201107 212066 220805 182689 201922 200840 213000 196355 
210684 233054 237201 238788 224040 212599 226073 236886 234650 221158 251620 229052 233161 206540 220869 211486 244059 252057 210537 219084 222729 211106 216571 231353 235543 213287 213409 198194 204553 247277 
248286 259785 225326 258468 244255 274955 253729 266914 268818 236016 243592 231756 242051 232537 265239 260382 238431 239002 235465 261288 256429 237584 239462 232874 254759 263380 263421 246928 254924 243391 
248818 283047 254441 262310 287433 275518 260795 248695 269143 264047 261685 280226 284667 259280 271181 267636 274950 265079 242532 248829 252459 272017 288439 261447 269448 268646 243258 272081 278303 251936 
281430 262791 299436 283936 272333 296695 294694 290053 287767 281694 273847 280984 286661 271986 292739 283466 301923 282538 278701 282434 264917 280932 288294 286879 276147 289818 298136 294972 284307 287352 
291222 313258 291962 302129 299937 295596 292676 292580 300316 283783 308585 285310 300364 305913 305057 292039 306516 294103 292485 299214 302209 287709 284267 309863 297289 310745 305121 290976 300371 291622 
316482 316740 315474 319575 318117 296307 314133 306376 321022 308031 311985 304831 322255 309625 306595 311446 308936 320865 312495 315590 304061 315445 309800 301783 308258 319947 310610 308279 317128 313403 
321850 319269 324730 322133 342481 318641 316168 314987 311997 319594 315624 327413 313094 315975 307218 317167 319873 313823 312087 325979 301948 314822 330739 319376 308664 314314 318891 306879 320822 304273 
331529 327234 322437 321139 324949 327592 333244 327653 331591 319597 331936 324165 326462 337171 329703 323995 327379 326603 332413 339056 334412 322176 325101 326033 329546 334389 319742 326199 327144 327329 
341409 329237 332041 329997 327625 330968 332273 343310 346813 324593 337803 335093 322093 326805 342320 337248 324468 334442 331444 338072 332355 333917 337716 334146 322114 324806 318191 320113 333182 329859 
341248 345372 331147 331536 337925 347767 335934 333191 336007 337681 338925 335394 329605 334985 336475 331061 342054 332415 335864 339794 330390 341209 337585 334333 337396 350498 330288 342718 339377 329676 
342767 337635 352563 335509 340872 330874 339314 342664 333268 334293 341047 344306 342324 335621 339091 342681 336400 335532 349759 331791 345390 339911 339224 330361 344240 336111 341696 330014 336680 342603 
339047 344293 342460 340694 337845 347447 342785 333821 340414 337033 353376 338407 335013 331584 345288 326287 346170 344428 340463 343017 355142 347818 336337 330591 341745 339085 339652 329898 339154 340138 
339644 336756 339431 345306 331431 332509 335577 347390 342453 341745 343601 335497 346839 336913 332993 334083 350292 348613 344279 341076 340403 339464 333362 339341 337286 337320 341623 344937 342794 334766 
9999 9999 9999 9999 9999 9999 9999 9999 9999 9999 9999 9999 9999 9999 9999 9999 9999 9999 9999 9999 9999 9999 9999 9999 9999 9999 9999 9999 9999 9999 
165869 188500 177543 193440 197059 186302 174909 175931 175456 188900 219995 203301 199759 190605 206348 174186 185548 193510 195533 202205 204502 193611 210436 203164 183402 157168 197190 193675 205783 205907 
240929 228016 196418 236725 228929 208752 201577 192193 234614 232371 209051 220912 242528 242365 235833 234679 225087 228026 225090 240622 213036 225119 186371 225430 220869 214855 225672 239083 227123 237020 
258130 255282 247219 260495 258371 247960 243613 251119 240324 226448 252488 230556 230244 264217 228351 260046 250881 246766 246966 245213 261989 247532 247000 248582 228278 219083 226855 253694 246869 250374 
258428 250798 242341 257815 263126 254358 233415 270449 262420 239220 259509 233044 259647 254263 235439 263823 275013 259729 239830 241730 241188 235834 262596 268330 258669 256304 262298 262201 273124 242435 
263341 242539 259587 277150 269779 269546 275659 236814 242419 271262 268210 263726 261026 252246 262520 261271 267163 263026 264214 258825 279152 258533 268960 267098 269736 280792 257733 232725 246926 273447 
263562 274659 257655 272681 265135 273967 270657 271987 282919 258931 257077 277268 266975 276874 271949 255946 245357 274831 269620 257524 267473 270289 272313 268585 264800 263946 283794 267934 269380 274356 
274767 273354 270794 258607 272586 260903 275445 278938 275925 286787 271693 275811 269779 269298 290861 275307 279078 260314 269938 263824 268374 281017 280853 276614 280889 272530 276094 278942 276132 260834 
283916 282128 288694 277546 282421 273265 287276 281237 281178 261727 285975 275180 280123 271952 275551 281369 274956 284515 281368 285012 286451 270798 279691 286749 276143 263459 271729 255115 267988 277578 
282693 279747 287126 286242 278106 286706 276818 283040 281605 285030 276280 282507 277306 284474 280735 283004 275146 283120 266642 286636 276622 283462 280036 277225 285853 289136 281461 278645 279333 284537 
277044 290323 284568 285035 288482 281237 279099 277933 280050 283751 279740 283632 286077 279103 282292 277616 291061 281814 268047 285712 272962 287946 290985 290542 287583 292255 285791 288761 298228 285122 
295515 293341 285042 282801 282619 291169 292538 284942 280522 282005 286804 286527 276605 291169 286766 288989 291621 281548 285866 287629 283568 287407 289666 294144 288698 280954 284604 285853 288252 288425 
286531 289614 286971 284720 285788 286357 293550 281039 291186 293392 289074 292578 288054 284999 287546 276169 286848 283514 277868 286437 281649 285239 289009 285975 291535 288126 291878 283110 296255 289509 
290427 294475 283072 289966 288831 282382 291857 292032 293381 283551 285060 288190 294204 290719 289433 292727 291486 288042 290389 291875 286538 291701 292981 294582 286635 286779 290253 289130 281961 287617 
291859 293224 292256 289208 291862 291966 284382 288370 292294 286892 288247 290501 288014 288223 287556 294508 287227 288014 286143 294553 289743 291977 299033 292646 284773 291514 284871 286871 290223 282140 
292974 293690 295796 292476 291814 288282 293305 294239 288945 293962 288868 287240 284819 292529 292651 294273 293670 286588 288349 295923 286646 293744 296899 289986 290632 295114 285866 292206 295566 295912 
290594 289706 292895 288760 291944 293508 295725 296666 300815 287107 289412 295253 292881 286334 296518 291868 288885 293970 290440 292762 288497 291050 288963 293568 281426 290360 293811 290037 288606 293380 
296417 291012 289334 296571 287014 292003 283923 293391 291739 290952 290743 295720 296160 298980 288438 287825 292358 291328 291007 295225 290062 292851 295951 294079 292010 297241 292403 287004 294578 294719 
291408 289376 295991 286903 296005 290002 288874 290911 293093 291379 291348 293887 290753 296539 293462 290723 289535 293310 293588 294305 295376 287027 288511 289916 292014 291136 291195 289900 290999 290890 
288001 292646 300346 293172 292484 297751 290849 293265 293067 294232 299009 292192 293347 290041 294013 295461 298261 292178 297395 290989 299731 294580 290732 290996 295761 291592 294505 285865 293690 290617 
289314 298197 290825 295716 291143 293090 293364 289205 291228 291978 292752 298915 293287 292989 296607 291790 301222 291115 295707 295446 294349 296260 288380 289383 296488 297749 290920 295931 293187 293949 
19978 19975 19985 19979 19979 19983 19984 19975 19978 19980 19983 19980 19984 19976 19985 19986 19972 19981 19980 19980 19980 19970 19983 19986 19977 19979 19980 19982 19978 19979 
87310 37189 45945 57838 37432 97926 62075 37342 42455 43340 38667 66356 38288 47998 59128 81077 40728 47370 43947 38403 88141 37287 35016 34468 73643 47516 45718 44795 66335 37378 
62023 59988 55467 81924 57495 62980 64547 55254 80423 71765 59508 61970 64256 94771 73723 55838 68631 52419 54264 95069 96350 64111 68745 52464 58991 83320 48707 83717 68773 80867 
95128 65146 83822 79808 85211 79265 77516 111450 75234 87733 110284 66293 69562 75297 115816 93832 110522 97762 103719 73465 83890 93849 109993 80745 84026 116422 93529 94307 75746 74089 
112323 96664 100126 141400 102424 103388 82873 91170 98633 113533 103348 94361 121528 87144 90571 107978 116093 134832 88209 87285 90879 83360 137715 89925 98267 88555 87752 94370 128361 84929 
112024 103333 123517 133525 111001 128141 111281 107591 108143 123759 133563 142782 127063 102542 110377 121218 134870 91229 112270 125568 116276 128548 112840 106463 104209 91587 117561 102782 113857 123228 
107768 116769 110942 135020 115670 102837 139065 112660 113750 120264 126527 114354 125293 128813 121795 106437 112118 115394 141582 144569 137537 129336 134930 106155 110201 118373 118362 108645 104027 104395 
112015 129752 137659 132067 132373 139942 130442 136905 128992 137164 132484 151039 136507 148234 116232 130955 117154 142821 127424 115556 123081 122380 127569 113184 123230 143785 141509 119902 124778 135979 
141158 138033 121251 134171 135864 140033 126531 126075 133917 126286 122951 138168 141082 130433 150299 141434 155673 136266 131043 147024 138145 145627 158787 127121 155709 147524 141534 140467 119864 115475 
140535 143281 139113 140972 142563 134909 145662 149531 150660 143182 140287 147577 141294 144086 137372 145530 141794 144646 150833 146368 156655 146063 153734 137509 143620 135515 139465 140507 135196 145307 
143420 148945 146090 147713 143638 152130 142703 155574 149971 150022 151906 152864 136161 143632 146027 157028 148790 157236 148615 145266 152584 151071 151038 148713 144895 138177 155956 142030 140980 138553 
147704 155536 161326 158924 159074 155443 160349 158630 157636 152314 158317 153781 154883 157402 144776 150269 155961 157232 160142 156705 159379 151647 145227 141967 157699 154156 160678 157532 155354 147385 
160362 158695 162620 163461 160080 152020 142807 155150 150805 155567 163148 157957 156844 161363 154424 151834 158409 154843 162578 159819 160751 159757 160700 162642 148189 160193 164064 162161 160172 159180 
162991 157779 162056 154365 162443 160034 160086 160026 163364 161664 162170 163687 158423 163074 154707 157799 162431 158686 161560 159819 153779 162842 155024 159606 158276 164769 165461 162813 159943 155740 
158913 165552 157120 164013 162512 162047 164062 157113 161884 158819 158099 159825 163316 163601 158669 161959 161976 165805 163792 157280 160786 162324 159586 162685 166687 163111 164294 162906 159109 164217 
164642 163711 165363 162642 162995 164502 164343 167242 160127 161818 163874 166114 164866 164428 163865 162904 161650 164355 165320 158918 164362 163877 164635 163322 164793 165286 164251 165112 163985 164581 
164796 164114 162261 167117 164729 165455 163136 161877 164684 164077 164938 165660 163709 164032 165970 165942 162929 163944 165073 165129 167159 161383 165638 164524 166156 164809 164880 165635 165740 164636 
165550 164907 167890 164634 165762 165953 163041 165718 166820 164661 165108 164238 167284 165288 165409 164712 163897 166306 165246 165866 167215 165990 165286 163211 165050 165908 167114 167514 164956 165250 
165719 164414 166367 165129 165549 165085 165891 165132 166274 167574 168038 166990 165301 165403 166087 165507 166225 166166 165133 166820 166747 165330 165237 165384 165956 164980 165541 165022 166547 166232 
166682 169098 166097 165715 164821 165702 166347 165246 165059 167030 166136 165518 166459 164577 165888 165855 166293 167401 165709 165875 166581 167083 168254 165172 165843 165828 165279 166775 166804 167005 
166930 166138 166637 167506 167813 165484 166472 167118 167018 166856 165884 166399 165932 166744 166367 165929 165419 165626 166587 165608 166191 167107 166083 166527 166243 166576 166608 166038 167077 165527 
