MergeSort QuickSort TimSort BlockMergeSort OESM Cook_Kim Both LIS DirtyClean2        
69008 74475 71132 76163 72091 79557 85665 88772 90782 93679 101280 106609 110371 115854 119559 119710 
159115 154126 160884 160241 156662 151789 159468 162617 152640 158856 149800 153411 152613 159507 151302 151272 
56406 61885 58545 63160 60416 67325 74824 75810 79244 84657 94916 106703 118472 141434 164804 165417 
59520 64995 61648 66747 62775 68384 76452 78079 81705 85959 93182 99892 106333 115277 124455 125126 
9998 41616 41668 57434 64021 69479 77626 86319 90803 98440 109614 116125 121448 124798 125767 125643 
9998 27066 28489 28425 38568 30222 29821 30813 33970 42388 53302 87220 116262 188192 212580 220661 
9998 22636 19035 29775 23124 44190 63846 76925 102505 132205 170806 212046 227457 258913 279252 278680 
9998 20966 14275 20723 15841 19660 20134 21209 23382 27777 34567 52750 75612 131299 198816 200710 
19976 20007 20040 20120 20162 20495 20925 21411 23226 26635 32675 49293 76121 143944 217222 219993 

