MergeSort QuickSort TimSort OESM Cook_Kim InsertionSort LIS LIS_treap BothAlgo DirtyClean2 
10 21 20
69008 69008 69008 69008 69008 69008 69008 69008 69008 69008 69008 69008 69008 69008 69008 69008 69008 69008 69008 69008 
102388 103662 99303 100950 92767 100495 97983 103015 98928 95016 98952 99524 100888 101072 97063 98904 102683 100444 97515 103053 
103250 105172 108070 106896 104534 107708 101452 104593 102012 104882 103346 103770 104800 106736 107020 100918 105335 106505 103890 104928 
108065 107211 107006 107998 104783 107686 107966 106306 106316 109179 107944 107749 108567 108456 109037 108108 109120 107780 110845 109913 
108723 111400 112241 108802 109720 110207 112116 105520 107798 109931 110682 112220 110648 111244 111302 112272 112770 110672 105055 109192 
109300 112811 111753 113155 114124 110418 111841 111634 114728 113016 112928 112397 113472 112795 112789 112702 112300 112493 112367 113780 
113718 115062 113236 113148 114806 114114 112321 113868 111961 113629 113512 113992 113127 114349 114482 113546 111287 114141 113406 113264 
113350 115406 115059 116589 112810 114883 113367 116525 114582 115713 114073 116156 116489 116381 114666 113973 114714 115496 114031 115471 
116435 115153 116542 116158 116069 117392 116251 117506 112023 116313 114963 116102 114981 114871 114698 116402 117044 116646 115746 116698 
117341 115409 118154 118297 116730 116041 118054 117825 116908 118411 116008 117864 116127 116415 117777 117491 116723 116673 116837 115761 
117050 118765 117633 118514 117899 116619 118140 115795 117867 118006 117477 117515 116899 118259 117828 116191 118840 117437 116070 118083 
118487 116149 118887 117089 118632 118116 119065 118580 119372 118464 118743 118561 118932 119084 118836 119097 118383 117908 118172 119282 
119311 119311 119104 119205 119764 119317 119547 118710 119025 119525 119201 119494 119370 119144 119524 119439 119594 119572 119242 119319 
119922 120008 119142 119912 119806 119980 119762 119896 119912 119882 118901 119373 119595 119568 119741 119759 119744 119737 119971 119927 
119483 119916 120192 119361 120290 120195 119739 119780 119679 120228 120137 120189 120215 120161 120004 118844 119979 119843 119937 120003 
120206 120204 120228 120296 120151 119950 120287 120351 120224 120170 120331 120206 120242 120202 120294 120137 120157 120209 120073 120138 
120398 120377 120176 120390 120280 120354 120319 120287 120205 120131 120394 120350 120458 120404 120394 120399 120167 120293 120458 120408 
120451 120298 120298 120489 120354 120478 120484 120450 120440 120448 120373 120338 120373 120368 120434 120495 120425 120350 120475 120346 
120510 120334 120363 120443 120463 120475 120402 120502 120474 120431 120552 120378 120486 120421 120303 120308 120407 120374 120554 120474 
120511 120493 120388 120500 120508 120529 120543 120464 120597 120338 120458 120501 120437 120429 120489 120405 120357 120460 120489 120464 
120426 120406 120376 120581 120412 120483 120405 120440 120369 120572 120432 120483 120474 120476 120472 120468 120332 120343 120410 120424 
147447 156120 154702 154081 150091 155442 148167 153189 154710 163578 147643 150336 162434 146025 152468 151488 163077 157066 161789 152601 
170237 153684 167951 150087 156451 161582 158363 142564 155034 158822 148293 146452 153137 162539 151540 155386 150340 152645 163608 152950 
166467 156972 163006 159226 147429 166277 148693 169257 152671 148749 155955 161622 158473 152525 153376 147028 150322 148831 160950 160788 
157950 156209 153522 155489 146952 153769 168984 151490 157557 155804 156427 157797 155389 161926 151084 167107 157435 152000 159673 151424 
155835 154278 161968 162545 158740 155193 162974 153184 169945 157406 152430 158155 156441 146034 158454 157665 153439 152880 147828 161991 
150015 155911 152645 147668 158150 151074 170411 164995 162585 159734 151868 153529 159424 154101 151623 162322 150808 157884 161023 152486 
153714 157671 147124 155079 153453 156571 148930 151344 150210 160236 164265 154479 157174 151627 156733 162844 154977 160501 149470 149570 
168546 152089 158123 145891 151767 150102 157479 160839 173658 154175 159723 157590 148341 164103 166686 160387 153248 150209 156271 161957 
170832 156662 157981 155412 152863 155152 167867 154045 167923 154208 156416 157286 153585 159038 171414 158808 156279 159097 151032 152739 
164091 166850 160368 154105 153197 156614 151350 151902 149821 150810 154312 154316 174513 157074 155604 148431 151207 156907 160931 147631 
153929 150723 152541 160850 159578 172878 148212 164512 169337 162273 152071 155716 152270 147114 154518 148831 161293 159493 154452 147399 
157711 152491 152242 155875 166162 154822 156880 148273 158753 157146 161123 164780 153602 150445 154284 152138 147220 146449 146215 152883 
160402 153265 151911 157707 157153 147610 161255 169907 155897 157258 161751 156095 170813 152036 151500 154183 155663 150894 149789 149311 
154130 155059 153517 160552 152340 151671 164488 154064 148616 164435 156613 147247 149946 166216 146388 149611 155203 163843 150358 157873 
156450 151780 155468 151616 158310 163154 158308 154273 166080 154927 152449 150666 147506 156391 159909 149462 153974 165598 157636 151264 
152849 162848 148361 156833 160432 156620 157351 151233 152850 173789 163550 160359 163309 154047 156847 145070 150510 164246 152272 150876 
155872 153936 156077 149650 155143 174275 152773 160617 153755 166426 152429 169748 156731 149869 163419 164402 151523 154557 148483 152765 
148628 156396 151287 152260 150457 160679 159088 158885 160746 146482 167425 150335 159268 152009 153913 157538 153294 155988 150573 148757 
152008 157441 156343 154050 147694 154774 154191 153170 154712 146422 149298 153007 157482 150723 147313 146666 150736 159187 149175 151352 
158979 159642 152274 149000 162814 156101 156645 156476 149772 150702 153047 158106 162563 148123 149203 169617 147391 151600 144470 150760 
180814 155131 160973 151308 160624 155701 154613 162369 145475 162477 161302 145595 163833 153353 166281 152574 152739 171683 160720 156803 
56407 56407 56407 56407 56407 56407 56407 56407 56407 56407 56407 56407 56407 56407 56407 56407 56407 56407 56407 56407 
94029 97065 92482 92090 86946 90976 87588 95652 91589 89022 93292 92690 93501 91468 88396 91628 95634 90529 91784 97421 
100668 104451 105811 105537 104438 109087 99690 103247 99207 100164 100563 102739 101935 105620 106191 102186 103832 103494 103733 103209 
114078 110136 110865 112486 106515 111507 110674 110478 110420 112761 112524 112232 112705 111917 113147 111910 112010 109615 115019 116295 
115480 121220 122495 117271 119734 120626 123577 112745 114863 118750 119441 123232 119138 119145 120359 123850 123268 121318 109930 119376 
120014 126350 125808 127501 130724 123633 124140 124363 134200 125783 129029 125136 128389 126260 130400 128824 126107 126168 126880 128478 
132081 134358 129010 131470 135517 133646 128642 132892 127599 133537 131563 135156 129659 133844 132739 130651 125848 134393 131697 131935 
134858 138337 140584 141942 132563 138939 132381 142678 136306 140046 134780 142317 141173 142861 137979 135798 136161 140941 135454 137786 
143862 140284 146248 144853 140376 146983 143340 148813 131170 141599 140642 140586 140253 136803 137911 144388 147092 145355 141976 144205 
149474 144418 153262 154203 149281 144261 150316 152096 147345 154969 143694 153433 148456 146284 152262 151110 148354 146608 145566 144205 
148190 157535 150991 154661 153630 149560 150822 147159 154904 155185 151409 153739 151175 156708 154192 144390 156926 152551 148261 153695 
158223 147471 158021 151418 157334 155620 158147 159770 159922 155318 154819 156789 156284 159058 160147 158320 155613 155602 157202 162261 
161697 162419 160468 163644 165096 162937 162442 158186 158881 162226 160708 162455 162210 160491 162242 164175 162299 163819 162384 161325 
165915 164805 162875 166864 165838 167612 165313 166863 165642 166278 160507 162744 165327 164455 164096 165159 164493 164573 166545 167300 
164591 167482 168680 165061 167846 167992 164995 165094 164936 169735 167981 168050 168767 169186 166206 159392 166780 165124 165675 165788 
169331 168917 169843 170883 169013 167282 170479 169666 169376 167742 168080 170209 169140 169210 169247 167959 169471 169858 167313 169060 
169884 171410 169440 170637 171208 171708 171585 170424 169956 168391 170647 170862 171244 171054 170244 170678 169376 169389 170171 169802 
171543 170873 170960 171561 171970 171523 172087 170976 171245 171900 170392 170921 171308 171176 170570 171263 171715 170286 171601 171081 
171243 171710 171055 171767 171176 171677 172016 172464 170965 171555 171578 172488 172148 171698 172561 172250 170964 171803 171665 172046 
171975 171162 172325 172105 171946 172352 172149 171847 172884 172417 171634 171550 171960 172394 172415 171454 171535 171321 171505 171639 
172288 171592 171812 170998 172870 171579 171716 172366 171806 172242 172539 172529 171710 172338 172743 171407 170866 171758 171166 172122 
9999 9999 9999 9999 9999 9999 9999 9999 9999 9999 9999 9999 9999 9999 9999 9999 9999 9999 9999 9999 
108532 111240 107277 105550 90616 102880 106110 110655 105881 101877 105624 103785 109761 108826 98331 102901 111565 106415 98500 111632 
109959 114447 116055 116513 118755 116175 105098 114336 110706 109068 112489 111211 113439 117120 119187 109814 117613 117139 113456 117377 
117705 117904 117591 120372 113298 118950 118625 115035 115169 119197 117799 118898 118231 118837 118009 118062 118413 116300 119912 120532 
117083 118975 123116 117653 117610 120655 123050 115540 116772 120163 120925 121968 118403 123733 123031 121880 122013 120745 111917 120460 
119386 122611 121312 121758 122585 121081 121025 120166 124751 122702 123582 121093 121348 123881 122136 120742 121079 119904 122487 123299 
123805 124407 121957 122468 123883 124105 121819 123008 121295 123798 123001 121642 122555 120805 121984 121142 120745 123132 123669 123666 
123111 122111 123873 124712 121585 124325 119912 124915 122192 123942 122298 125174 125501 125418 124604 122673 124553 122878 125019 123088 
124680 125003 124909 123707 124721 125383 124987 125474 119572 122608 124335 124913 123287 122511 124032 124969 125084 124580 123502 124807 
125365 122675 126045 125928 124032 125510 125207 124949 125897 125721 123661 125765 124193 123874 125512 124651 124284 124445 124168 123967 
125674 125883 125772 125219 125375 125216 125676 123331 125593 125689 124519 125077 125166 125583 125331 124627 125680 125184 122714 125617 
125822 122990 125444 125570 126161 125768 125815 125420 125809 125656 125957 125738 125695 125899 125991 125953 125335 125649 126145 125797 
125810 125939 125528 125786 125703 126129 126014 125527 125752 125812 125796 126069 126178 125779 126020 125694 126273 126135 125818 126111 
126108 125982 125648 125908 125662 125959 125863 126008 125995 126154 125286 125623 125896 125749 125841 126243 126104 125970 125567 125954 
126007 125875 126009 125818 126093 125910 125672 125902 125944 125753 125990 126126 126042 126305 125914 125546 126035 125905 125832 125991 
126006 126144 125956 125879 125954 125998 126032 126070 126105 125812 126249 126031 126302 126003 126136 126189 126186 125873 125936 125999 
126016 125980 125966 126115 125925 125924 126045 125975 126035 125889 125994 126083 126024 125988 125955 125892 126015 126052 126092 125862 
126017 126167 125894 125792 126022 126002 125840 126121 125732 126035 125983 126075 126052 126074 125971 125975 126023 125954 126057 126144 
126004 126042 126129 126080 126065 126019 125903 126075 125996 126101 126117 125978 125935 125944 126040 126040 126042 125942 126090 125953 
126011 126007 126012 125888 126005 126003 125896 125991 126105 125939 126063 126107 126147 126089 126041 126006 126029 125978 125892 126085 
126108 126149 126159 125994 125996 126057 125880 126075 126051 126133 126015 125977 126062 126034 125933 126067 126037 126007 126064 126074 
9999 9999 9999 9999 9999 9999 9999 9999 9999 9999 9999 9999 9999 9999 9999 9999 9999 9999 9999 9999 
55860 58327 63119 85203 49585 47165 113161 60337 150126 54052 90019 56127 56223 47438 48780 49906 53699 53231 52799 75532 
73405 88278 108995 134006 122334 144950 67681 149116 64863 63258 107161 93918 81414 84154 139583 83568 90779 105917 117160 137437 
113327 141309 148430 197320 84781 101415 167631 93114 148938 174955 96748 144794 116415 153719 110989 122090 167834 112506 111684 203428 
112526 179260 201242 183485 127340 180760 205022 148056 95898 207542 123368 164148 113154 156361 186769 171366 168012 169633 89905 133197 
115403 181731 199228 197238 188497 133717 147285 162118 235509 143242 169468 169730 184159 172158 211141 168578 188900 174625 216784 206323 
217341 217054 146379 174190 243673 216157 160332 231499 210841 198399 188440 195423 182664 210258 230565 200778 157628 208548 218144 177615 
221426 207070 199202 229539 169509 232211 173441 238739 170877 208944 215656 232166 198023 237849 227094 174623 209060 232723 222693 204365 
234412 218363 239580 248247 208814 247790 212678 244116 177344 214160 213574 234617 231491 203330 178568 239770 223582 213357 197416 228440 
237115 192316 244570 244486 220594 227525 224632 246130 240633 245558 233344 245605 218676 230540 238319 231825 209577 238265 235211 226571 
226843 248176 240523 248081 248003 245623 246083 210544 238842 243721 243656 251323 228387 240895 246181 220927 249907 244710 227106 237149 
248955 210080 237390 229026 244143 244652 242833 244532 250094 247793 243786 240354 246256 250932 248954 248491 238646 248449 245707 246325 
245263 247831 246430 249101 248166 248684 249720 245621 243440 246579 245815 249246 243783 250215 252448 247003 246646 247276 249397 244062 
250240 249633 246393 251212 248989 249651 247952 250172 248968 249571 240508 245364 245946 240962 249930 250112 254128 244927 253323 250508 
244890 251154 251961 247739 251091 251708 243320 244839 246496 251666 247633 248507 249344 250319 245251 246528 252432 248778 249622 248896 
248310 250206 249390 250931 250633 251379 247872 249844 250832 252577 250254 252505 252413 253375 249596 248893 249671 248308 249564 248522 
246628 246665 251326 250085 249547 248733 246732 252231 248444 251262 251885 251285 252764 244294 252162 248709 248631 251780 248054 252533 
249552 249969 248503 247926 246543 249668 248350 249924 251293 247179 250535 249839 249370 248075 253053 251410 251573 248022 252990 251419 
249927 248176 249434 250125 249783 249670 248046 249160 248371 246140 249126 250739 247878 250230 250500 249739 246378 249415 245320 250811 
249262 248263 248269 251995 248608 245794 247084 247958 252831 253952 248334 248252 250410 246954 251428 248782 249031 249914 245560 251581 
249499 249581 252958 248973 247191 246582 251216 247319 245433 244391 245863 249471 251320 249363 249732 248707 248451 249713 250799 245715 
9999 9999 9999 9999 9999 9999 9999 9999 9999 9999 9999 9999 9999 9999 9999 9999 9999 9999 9999 9999 
1696130 1612048 2186935 3491941 2023057 2085142 7789774 1837258 16581135 2110685 4131296 1820337 1781238 1603337 2131525 1924005 1735666 1689448 2100571 2203421 
3483110 3546331 4618959 5906867 6389400 7891027 4317169 11921899 3941978 3154595 6634583 4366483 3657536 3386260 7648259 3895948 3325348 3963242 4624801 7619733 
5556249 8066105 10107233 17475945 5760360 4916084 17866524 5718253 11609573 16169870 4936104 8675303 6622671 8025579 5276559 5502949 15496742 5570249 5515603 18335668 
7957051 16246072 19560428 13977386 7309158 16832656 18410404 8230953 6817156 20538964 7678505 8372757 7156645 7889610 11176832 9760174 10212379 8977251 7868699 7874502 
8991141 10155283 18425837 11702715 11662663 9867553 7773180 9036298 21848260 7720633 8384530 9283385 10762159 9747819 19313361 8493623 19368804 11150155 17665321 19354169 
12681097 13738223 10959145 11169859 21062966 16199006 11114486 15180023 15348678 11184935 11838197 15831196 12258241 16902144 14596543 18102701 9346555 20944824 12536515 10820529 
20571239 21127069 12389333 14530084 10057159 16094752 13668071 21233058 11313659 21064485 17461296 14338727 12292070 23128825 13395905 11807126 19130308 20040185 14683649 13182359 
20854856 19879620 23434180 22460696 15838810 16893689 13367837 20620863 14155960 19564310 19686149 19876738 20469726 20075069 13040174 21210088 17150769 21798715 13542233 19410732 
21811163 14846542 17659077 17166778 22023759 21069501 14241883 23370406 19590602 18085013 17019634 21858154 22227664 16679961 15990601 20610963 14672046 21996055 16574368 16738764 
18190947 22088872 23726361 16558776 18041099 23390291 19592874 16502596 17276169 21799532 22392356 21138710 16289798 23452565 21885300 17561206 22793411 23363051 20320948 17636405 
23813023 17569870 22891105 19682945 19941219 21730478 18298218 23602468 19207593 18240062 21539146 22631461 19570339 24265759 24124463 23040452 18640410 20008491 19164692 23670382 
19976503 19998642 19616180 24840245 24477109 22091425 22422104 22807027 22495508 18398647 24299271 23457388 22824782 20021067 22472500 24143016 24262179 23019830 24030993 23613347 
23964431 19829737 20624757 24525637 20268741 24307625 23964074 24560730 20349935 24433557 20003214 22389406 24000602 23352680 22365429 20198326 19461830 20208996 24414041 23566877 
24296921 24338199 24831402 21412683 23048821 24458750 23609745 23962672 23651723 24529949 24847080 24894467 24707850 24423381 21239512 21333760 21002305 23669892 21946345 22366201 
23991628 24378823 23964803 24064354 22114994 22717941 24412723 24945415 24004479 21292743 23800693 21727220 24880174 21715034 24209282 21896382 24220688 24705588 22728230 25039963 
24752292 25062229 23318627 23758713 24800656 24875864 24467985 24637179 24257516 23393582 24119838 24315506 24873160 24711965 24914574 24231221 23353486 24376645 24855445 24874923 
25028481 25038853 23295221 24853521 24866804 24987880 24944701 25064007 24815291 24874640 24668037 24941213 24807031 24796682 24789510 25119454 24726054 24919172 24791489 24560049 
25053290 24791613 24988426 24660619 24704935 25219859 24996132 24967029 25016875 24794545 24635165 24916472 23976827 24853707 24865810 25006995 24832134 24766164 24789684 24887407 
25003250 25050231 24878190 24387654 24781710 24964914 24934543 25151109 25006612 25064299 25098229 25063608 25111039 25002982 24965772 24924149 24882305 25184444 24940232 25059309 
25143113 25044130 24939235 24983766 24804846 25052903 24657236 25166132 24975080 24582129 24988602 24976103 24948336 25025030 25143875 25059438 25187129 25171340 24915102 25156994 
19997 19997 19997 19997 19997 19997 19997 19997 19997 19997 19997 19997 19997 19997 19997 19997 19997 19997 19997 19997 
50089 51106 52475 54860 50027 48016 54086 52174 65500 50174 54479 51759 50384 48631 50339 50875 50607 50646 52602 55018 
63818 66371 73028 73307 75063 80732 63430 74415 62404 61419 66188 68126 64154 65850 75973 67576 65623 70884 72221 73333 
86379 84024 85376 100375 75520 80188 96555 81145 89874 99439 81348 89625 83671 86575 81572 83427 92775 84922 84561 103571 
90843 111250 120694 105501 98449 110914 119080 95092 90506 117319 97034 102664 96117 100617 107838 107864 106875 106857 83436 99394 
101807 114244 121495 117795 120506 105045 107981 113400 146891 106319 114374 112982 117819 113632 136218 114432 125048 115632 125897 132698 
136541 139262 118025 125172 152803 135717 122732 140698 126890 132756 132428 138518 124848 139281 138549 132573 119419 144983 131874 124453 
144804 157041 146001 152873 132523 151128 132481 162189 135530 156390 139073 152440 147170 169727 145204 137413 142971 153225 144646 142331 
165653 152891 174313 169336 151363 171486 155610 174586 133991 156640 155576 158463 158282 149439 140348 166546 166466 166178 148794 160879 
178178 157633 187031 183543 173617 167244 166705 184159 171129 186543 162374 183951 175751 164456 175993 175110 163487 170051 162067 162325 
170310 194265 184480 180305 182428 183413 182789 166316 186398 188671 184669 188130 173298 194807 185686 165875 193812 186585 172459 182901 
199045 168304 193913 179052 196521 187980 190267 197303 196537 189819 185615 190281 192118 201088 205191 199232 187508 191104 191619 206896 
201176 203023 197488 210555 212250 208404 205916 197488 197007 201482 205109 206348 203998 201115 204873 208932 208272 210394 205407 205355 
212697 209745 205420 215438 211059 216249 213391 216810 211755 214688 197497 206864 212423 206720 207033 211010 207186 209205 217475 214214 
212236 217724 219859 209964 216717 218583 209674 212944 210153 220171 219133 220167 220840 217610 213715 198918 215733 212826 214235 211241 
220779 221927 220293 221729 219315 216443 221100 222099 219144 218381 220573 221336 221232 218291 220658 219183 221290 222332 214747 221915 
224782 224343 217866 223562 223707 224408 224779 223785 221749 218111 221937 222985 224713 224382 223902 223606 221685 221888 223966 224519 
226000 225464 222273 225531 225268 225873 225503 225211 226113 225331 224689 224930 224805 225168 224599 225381 225345 225313 225640 225845 
225371 225823 225706 225627 225604 225824 225902 225902 225849 226342 225753 225352 225664 225700 225823 226372 225936 225683 225664 224990 
226523 226100 225702 225932 226350 225708 225768 225535 225916 225893 225882 226149 226059 225491 225817 225840 225772 226535 225776 226098 
226135 225837 225311 226135 225914 226292 225953 226400 225593 226018 225919 225755 225715 226267 226295 226360 226076 225975 225741 226077 
19985 19993 19986 19982 19992 19984 19986 19983 19989 19989 19990 19988 19987 19991 19983 19991 19990 19991 19989 19987 
60407 64699 63425 69903 63199 58656 67753 64683 81943 62268 65676 66985 63805 59250 63601 61690 62731 63774 64316 69324 
82779 87858 99060 100039 99557 109715 82974 97435 81195 80186 85071 92526 87413 88656 102173 89907 84819 96017 95241 99172 
119428 113927 116932 142760 105948 108809 136033 109501 125610 144114 112169 127749 115949 120538 112514 116330 131387 120544 114836 143872 
126677 161235 179618 151335 140197 161095 171650 135793 131642 167130 141373 143983 136781 147516 156532 156402 153958 153311 115270 142947 
147531 168833 177319 176492 175506 154517 155783 160374 220668 154937 167004 162735 173526 162311 205196 164954 185321 173888 183040 196088 
200785 207122 170458 185783 231975 201468 182016 209080 189610 196309 197092 207416 183220 206663 207202 200599 180302 215146 197442 184633 
216760 240203 224975 232513 207008 230396 198732 248221 205732 238808 209484 233144 225666 259624 224058 205492 214824 241424 213354 216671 
254533 234457 268555 260169 232711 261210 241500 271402 202688 239176 233730 244633 241345 228329 213532 259815 255792 256572 229605 242279 
273626 245483 296987 292160 269478 251598 265077 291177 258968 297412 250872 290273 275120 257585 271023 274107 248825 263097 248292 248176 
263279 299493 284012 283284 281371 289124 287743 256303 292313 289937 291976 302811 264584 310277 293721 250278 308963 289468 267363 286581 
319921 263216 305090 276488 310101 297949 295719 315383 322013 292504 289221 306195 305505 323921 332448 311771 294298 300529 307963 328375 
321649 322541 313159 342360 345871 332769 332311 317528 316137 317470 322445 330338 325507 324688 317033 338345 333906 343237 326208 334144 
338604 344845 323672 340639 334704 345355 343629 348642 342588 347313 313885 331284 346934 338496 324436 337414 350581 348964 352004 345617 
341751 343508 364512 343952 342110 351009 336149 350228 349302 360747 358868 355565 353545 340218 342515 312132 339893 343882 344877 339664 
350499 362250 361825 355341 359170 351222 353733 355559 357262 361196 367319 363158 363590 345942 346342 353737 356589 357740 349403 352387 
360424 353933 350948 359275 355831 365462 375618 367710 364652 362961 365319 366192 355169 364973 361941 365074 352736 360693 370312 354479 
359481 364991 379854 365369 362060 360481 365844 360729 364486 374768 368734 361924 370007 367348 355139 362608 367641 359824 362584 369162 
363983 356911 374565 372351 369457 364052 361227 373633 377584 358282 378775 358699 364219 367882 372605 364037 365768 370967 364652 363654 
372856 367219 359877 370019 375691 359614 373179 359536 364999 370002 381063 365761 369014 360070 366199 363951 366410 367520 361055 367389 
364097 373260 371619 374571 368115 366804 372555 357843 361599 365926 360222 375278 366878 360394 357853 375773 360487 373422 373030 355923 
9999 9999 9999 9999 9999 9999 9999 9999 9999 9999 9999 9999 9999 9999 9999 9999 9999 9999 9999 9999 
210975 210173 225250 201195 216039 195626 199335 215932 207811 206734 205104 198963 206971 209359 214907 209341 218396 206752 183568 221748 
239942 234999 236263 241885 248448 252806 241167 239708 209664 235822 257538 240138 229861 236393 249029 214565 248070 236198 245722 257288 
247512 270498 254884 266915 260484 243031 267848 255642 238343 260025 257505 257946 263655 269857 259758 257109 276148 224024 246946 271616 
263191 264029 279307 277190 279156 278134 267245 274713 267045 291003 276465 279107 248563 262713 281821 278949 270904 277566 265173 256836 
264863 287826 288374 281682 284320 280088 270614 285114 297097 272807 270481 276420 279096 279068 260228 276667 288049 281476 288188 279748 
282443 288257 288616 280756 296728 285797 289193 285544 276228 286910 282640 284381 280560 288715 287143 277577 262503 295684 275644 289700 
293779 294155 291401 287115 270543 283321 288336 298416 281914 289739 286097 290862 292481 299633 291125 291329 286262 294618 295194 295263 
301305 290276 298000 298830 290334 295444 292935 298274 273906 295348 289201 285183 289115 295093 293458 297734 296239 301590 285623 297057 
293369 283309 296698 298078 297077 293520 292803 302537 294987 297168 300876 300102 300890 291574 300793 296876 299302 300714 294206 299623 
300251 303535 298824 296778 297693 300801 300475 299672 297956 301561 299237 295564 299742 303313 304089 300533 303183 304032 299029 296245 
306666 284632 303985 298904 300363 303686 297133 301750 299953 297377 301009 301933 296777 302805 305287 301935 298188 301557 302121 304308 
304606 302425 305512 308611 306388 302913 302102 305807 300899 302823 305708 303597 305278 305129 305180 304788 304376 303820 304616 307084 
305554 302184 306023 307015 305589 305994 306424 307763 302421 306504 305788 302702 305165 303252 301522 303752 303186 303311 307836 303110 
305927 306824 307570 300501 305936 306162 307179 305714 304236 307671 307915 307886 306980 305437 304781 306985 304637 308201 304678 303641 
306457 306183 308645 306636 303942 303866 305928 308699 305368 304705 306682 304995 307222 303851 306629 305600 308490 307613 303773 308642 
308611 309721 304789 306648 308345 308782 307653 308184 307814 305938 306720 307999 307305 307695 308026 307401 306347 307047 308651 308390 
309021 309306 306432 307504 307941 308648 309408 308805 308012 308053 308014 309000 308044 309067 307169 308669 307084 309788 308070 308617 
308040 308711 309315 308084 308837 309462 309057 308561 309132 309399 308167 308243 307346 309292 309162 308481 308970 307341 307967 308141 
308798 308426 308936 307336 308942 309290 308260 309141 308643 309261 309875 308898 309015 307765 308991 308388 309110 309811 309203 309065 
309120 309040 309120 309070 307997 308782 308306 309951 308580 307952 309234 309294 308768 309439 308813 308976 309287 309352 307846 308812 
19981 19984 19978 19987 19984 19975 19984 19987 19977 19985 19978 19982 19983 19979 19985 19984 19985 19980 19981 19986 
57214 94018 55638 78256 48630 78275 105554 78569 110811 91303 58168 41348 52892 49048 64240 97665 121052 51287 113966 70493 
73334 123232 82338 109911 102049 93727 100882 125276 70524 107942 67651 71905 130751 105905 121939 144789 64948 93051 78186 83436 
148888 109654 89841 144039 137555 125546 118650 138972 121992 135085 110865 116478 132352 94017 111574 104645 104692 112175 147814 113582 
120333 128343 127632 156974 143862 112743 139791 103174 145343 131397 112604 127433 125742 152716 120108 145017 150921 133091 137373 154429 
156291 148212 148469 142227 138257 144415 125042 141133 140214 117496 152893 161696 121189 163483 135584 158194 134614 126314 127043 159606 
150661 159070 128502 140054 164572 133976 136945 155014 153319 166323 129909 144684 145978 162161 145938 127006 144112 166014 144349 161712 
157380 149722 148830 148246 165890 166125 149612 129728 139054 159062 161423 155898 161058 143664 159465 154753 148538 169380 168492 169455 
163231 160663 164933 164028 156500 158549 151498 146910 143702 156973 164889 151130 161158 159711 158333 162403 154315 166208 171489 156693 
159145 170012 156917 170023 168760 163221 154067 168258 156601 158812 156739 169541 159834 159793 174148 163341 157304 155909 168412 156961 
171014 171708 173062 160338 169966 169901 175129 158417 170611 171953 170357 174916 166213 174580 166164 172968 161790 167891 175879 159833 
169014 173878 163216 162358 175786 175274 167024 172458 169374 167222 175702 176052 174775 174114 166698 168010 175714 174311 173649 173337 
175232 175698 176390 175839 173308 177400 166541 163495 167000 174445 175061 175508 175730 166633 166011 166593 173615 174639 170354 164601 
169433 176596 174763 168906 175805 177134 176845 172527 177236 169486 174840 174831 177292 177089 173411 175170 177052 173477 175865 173319 
170291 177528 177531 177603 177249 174194 176121 172225 177239 178059 173572 176379 173293 173002 177721 176830 172605 176930 176687 173742 
177192 178079 176595 177666 172876 175337 177123 177450 177341 174965 174672 175195 174918 176816 177485 176703 176282 172128 176826 176161 
177902 177508 177761 177347 178232 176022 178259 173341 174027 177945 175766 174831 175592 177791 178163 177480 176038 175653 177694 177834 
178162 177867 175533 177898 178199 175880 176358 177989 178046 177909 177648 178185 178057 178210 178083 178152 178204 177947 178024 178295 
177357 177921 178182 178399 177424 178311 178297 178260 178051 178153 178034 178125 178400 178505 177998 178221 177928 177619 177972 177781 
177960 178348 178284 177812 177793 178187 178291 178175 178317 178284 178870 177892 178348 178383 178341 178511 178213 178446 177983 178003 
178447 178348 178131 177946 178471 178499 178171 178180 178267 178153 178141 177980 178486 178627 178341 178655 177842 178207 178337 178171 
