MergeSort QuickSort TimSort OESM Cook_Kim LIS LIS_treap BothAlgo2 DirtyClean4 
9 21 30
5044 5044 5044 5044 5044 5044 5044 5044 5044 5044 5044 5044 5044 5044 5044 5044 5044 5044 5044 5044 5044 5044 5044 5044 5044 5044 5044 5044 5044 5044 
7042 7188 7141 6801 6910 7036 6884 6813 6941 6893 6500 6613 6525 7135 7016 7002 7002 6958 7042 7418 6796 6588 6896 7044 6251 6299 6735 6313 6893 6884 
7569 7318 7089 7337 7431 7459 7136 7265 7169 7666 7303 7088 7278 7102 7615 7341 7545 7043 7373 7364 7317 7055 7632 7525 7102 7479 7481 7132 7348 7327 
6761 7480 7500 7730 7546 7326 7610 7867 7763 7099 7886 7690 7843 7825 7748 7603 7385 7804 7792 7555 7577 7369 7537 7700 7839 7907 7510 7033 7828 7847 
7597 7546 7793 7858 7707 8007 7443 7976 7980 7777 7755 7621 8192 7770 7612 7720 7998 7833 7706 7953 7962 7871 7883 7778 7670 7795 7435 7934 7569 8000 
8133 7954 8057 7997 8135 7346 7933 8164 8088 8262 7933 7509 7426 7808 7585 7460 7844 8003 7473 8128 7913 8100 7984 8102 7785 8005 7985 7857 7948 8237 
8153 8283 8234 8062 8125 7591 8152 8227 8155 8126 8363 8062 7914 8189 8208 8317 7942 8042 8061 8205 8152 8158 7576 8276 7829 8341 8259 8105 8270 7984 
8133 8281 8217 8236 8248 8147 8249 8148 8398 8343 8169 8177 8035 8180 8304 8175 8153 8332 8425 8269 8214 8178 8234 8220 8126 8171 8091 8199 8106 8245 
8219 8272 8378 8359 8167 8149 8316 8233 8415 8291 8448 8306 8355 8342 8317 8154 8266 8201 8222 8456 8330 8427 8318 8417 8165 8301 8297 8420 8338 8369 
8145 8320 8354 8402 8492 8523 8474 8513 8302 8492 8500 8406 8375 8315 8496 8393 8433 8152 8407 8437 8470 8235 8471 8387 8512 8486 8323 8465 8338 8357 
8471 8090 8080 8443 8322 8392 8452 8451 8528 8406 8478 8384 8434 8533 8549 8464 8513 8451 8584 8609 8468 8477 8333 8468 8477 8577 8506 8515 8515 8494 
8545 8624 8521 8219 8506 8553 8605 8667 8577 8581 8483 8623 8448 8294 8549 8517 8539 8557 8468 8572 8513 8499 8567 8560 8610 8517 8503 8646 8516 8571 
8581 8422 8621 8641 8602 8677 8507 8496 8583 8566 8517 8475 8574 8543 8572 8622 8518 8538 8616 8642 8591 8602 8662 8648 8547 8584 8623 8593 8610 8587 
8571 8606 8631 8569 8681 8678 8675 8645 8663 8659 8626 8677 8683 8663 8615 8682 8586 8668 8649 8636 8646 8623 8647 8654 8584 8639 8633 8624 8553 8652 
8630 8636 8679 8658 8619 8687 8654 8682 8694 8675 8678 8698 8677 8665 8713 8615 8689 8650 8662 8615 8660 8705 8673 8685 8692 8667 8615 8685 8650 8678 
8683 8688 8651 8618 8649 8673 8668 8693 8636 8697 8675 8635 8709 8694 8676 8656 8735 8700 8689 8706 8710 8685 8675 8691 8699 8689 8667 8660 8669 8642 
8688 8741 8699 8698 8695 8679 8686 8690 8700 8683 8683 8678 8707 8670 8677 8697 8686 8686 8696 8631 8692 8683 8649 8721 8690 8729 8739 8698 8673 8703 
8701 8687 8738 8722 8691 8693 8693 8694 8704 8700 8675 8716 8703 8724 8697 8728 8698 8694 8700 8702 8704 8686 8713 8655 8680 8698 8708 8703 8679 8726 
8742 8697 8713 8703 8695 8731 8734 8716 8703 8688 8704 8732 8704 8696 8713 8682 8737 8723 8715 8738 8711 8689 8731 8750 8696 8711 8720 8722 8725 8730 
8706 8688 8704 8715 8724 8698 8692 8715 8698 8700 8670 8731 8698 8722 8694 8721 8694 8726 8713 8707 8696 8701 8701 8709 8724 8733 8698 8697 8681 8698 
8705 8696 8723 8720 8673 8683 8679 8729 8708 8764 8696 8706 8719 8711 8717 8703 8710 8695 8705 8730 8759 8705 8691 8720 8720 8702 8715 8723 8716 8708 
11225 10596 10853 11286 10124 11135 11235 10396 11599 11518 10616 10432 10129 10936 10088 10700 11231 10898 9676 10300 10854 11998 11014 10651 10210 10684 11045 11095 11169 10687 
11592 11202 11167 11553 10933 11466 10664 10768 11011 10605 11001 11103 11171 10746 10262 10463 10269 10860 11071 11064 11228 9962 10776 10564 10833 10331 10483 11485 11823 11099 
10213 10550 10608 10739 11064 10274 10296 10616 11977 11006 11193 11178 10407 12740 11179 11794 10443 10608 10504 10499 10017 11162 10668 10431 10321 11156 11238 11122 11013 10414 
12318 10617 10473 10611 10952 10111 10426 10785 10956 10959 11379 11924 10269 11290 10714 10947 11038 10815 11525 10615 10403 12257 11776 10482 11325 11311 12148 10618 10091 10899 
10251 10578 11154 10510 10399 11198 10754 10806 10760 10597 10731 10057 10228 10220 11092 10310 9731 10776 10087 10538 10989 10399 12388 11829 10333 10044 10388 10955 10890 10516 
9930 10659 10448 11388 10665 11358 10340 11197 11100 10824 10839 11036 13242 10836 10804 10281 10822 11153 11413 10483 11657 9726 11038 10684 10393 10703 10565 10994 11695 10639 
10948 11522 11772 10863 10299 10687 10367 11072 12901 11262 11432 10851 9819 10633 10348 10418 10793 10988 10595 10843 10633 11762 10325 11678 11585 10275 11780 11832 10461 11284 
11938 10926 11143 11256 10986 11488 11147 12132 11657 11008 11118 11027 10709 10461 10294 9986 10481 11838 10992 10954 10659 10594 11306 10476 10779 9712 11456 11064 11741 12153 
10729 10125 11580 11066 12037 11028 11349 10875 11723 10513 10402 12285 10737 10153 10474 11839 10739 10354 11355 11976 10895 11365 11017 11180 10239 10549 11057 11577 11574 11029 
10397 11350 11443 10966 11593 11741 10463 10287 11257 12143 10283 10021 11212 11075 10494 11119 11369 10760 11759 12106 10830 11574 10926 11284 11450 10420 10240 10574 11056 11624 
12004 9984 11144 10555 11459 10732 12623 10739 10393 10359 10737 12611 10922 12005 10523 10834 10323 11191 10915 11492 10963 10284 10431 10318 11104 10760 11913 10862 11263 11624 
12120 12909 10889 10045 11723 10580 10415 12035 10322 10665 11770 10973 10134 10423 10412 11725 10958 10757 11385 11774 11402 10580 10746 11270 10460 10109 11193 11130 10533 10276 
10957 11504 11896 10893 10211 10400 10707 10692 11154 11099 10466 11242 10855 10488 10328 10890 11143 10679 10896 11600 10932 10436 10742 11407 10559 10111 11818 10997 10869 10109 
11671 10876 12110 10493 11186 11210 11284 10561 10489 10822 10972 12755 11287 11019 11867 10781 10917 10242 10379 11300 10779 10708 10626 11557 11043 11269 11400 11948 11042 11841 
11080 11214 10272 10570 10904 10482 11927 11919 11181 10793 10794 11685 11268 10177 10325 10491 10382 10948 11161 11364 9899 10584 10150 10907 11618 11054 11800 12368 10809 11212 
10575 10451 10637 11495 10354 11370 10755 10904 10513 12207 11624 12032 12939 10898 11723 10732 11088 10385 10482 10865 10657 10284 11040 10621 10280 10490 11789 11680 10365 11369 
11061 11831 11293 11883 10565 10903 12618 11186 10607 10280 10382 11231 10997 10773 10166 11322 10064 10710 10787 12041 10354 10984 10659 11559 11384 11232 10749 10537 11302 10629 
10560 10080 11980 10362 11117 10927 11877 10652 11595 11149 10391 11093 10554 11575 10282 11887 10062 10088 10808 10369 10943 10540 10171 10007 10285 11467 10362 10189 10765 10272 
11990 10859 10813 11357 10420 11842 10589 11298 10397 10532 10575 10671 10368 10843 10680 10439 10837 10516 10810 10425 11036 11229 10330 11950 11485 10571 11763 11437 10255 10328 
10360 12215 10681 10284 11270 11385 10923 10393 11415 10421 10796 10583 11863 11808 10738 11495 10665 10624 10806 10434 11783 11986 10876 11080 10179 10879 11642 10910 11318 11156 
10934 11068 10955 12563 10384 10849 10671 10587 10663 11252 10856 10862 11807 11021 9974 10108 11924 11382 10272 11598 12347 10660 10817 10517 10615 11047 10397 11263 10299 10891 
3528 3528 3528 3528 3528 3528 3528 3528 3528 3528 3528 3528 3528 3528 3528 3528 3528 3528 3528 3528 3528 3528 3528 3528 3528 3528 3528 3528 3528 3528 
6436 6188 5809 5772 5985 6311 6090 5928 6203 6114 5766 5396 5710 6283 6013 6391 6067 6114 6372 6200 6302 5880 6149 6400 5375 5257 5960 5909 6469 6447 
7802 7111 7005 7141 7418 7166 7290 7036 7477 7860 6922 6996 7075 6766 7856 7006 7802 7127 7194 7005 7506 7012 7942 7465 6886 7757 7119 6943 7246 6861 
7103 7987 7561 7698 8081 7375 8260 8782 8787 7193 8644 8034 8600 8777 7684 8457 8019 8199 8272 7835 8175 7703 7978 7851 9007 8674 7818 7070 8330 8830 
8426 8140 8618 8654 8774 8691 7875 8960 8955 8273 8983 8948 10020 8924 8364 8283 9326 8846 7982 9102 9099 8800 8970 8515 8182 8180 8360 9349 8349 8816 
9947 9176 9950 9332 9587 8387 9139 9938 9212 9748 9192 8812 8156 9423 8609 8479 8717 9736 8192 9671 9282 10502 9346 9725 9600 9376 9281 8889 9649 10471 
10074 10819 10481 9582 9909 8579 10213 10531 10216 10099 11082 10034 9361 10582 10632 11468 9604 10008 9138 10044 10397 9745 8582 10561 9140 10779 9907 9253 10535 9826 
10612 11328 9948 10664 10772 10179 10616 10025 10951 10876 10079 10709 9770 9183 11390 10334 10817 10402 11083 11212 10521 9396 10156 11080 10335 10308 10010 11365 9723 11072 
10806 10849 11641 11694 10757 10280 11202 10899 11481 11009 11597 11205 10970 11303 10194 10693 11401 10925 10474 11990 11272 11806 10903 11527 10655 10943 10688 10705 11080 10807 
10912 11422 11900 11151 11635 12615 12199 11719 10997 11599 12266 11132 11991 10734 11791 11992 11213 11279 11707 11316 12242 11075 11507 11550 11816 11902 12074 11619 11111 11108 
12035 10251 10822 11881 11897 12218 11484 11948 12772 11581 11737 11338 10985 11623 12522 11663 11636 12086 12648 12903 12347 11655 11686 12282 11415 12690 12138 12406 11776 12026 
12648 13082 12582 11434 12763 12192 12817 13369 12938 12380 12394 12849 12172 11847 12765 12105 12993 12410 11740 12882 12371 11929 12692 12326 12769 12189 12046 12894 12265 12632 
12479 12149 13032 13046 12821 12925 11793 11945 12498 12114 12453 12183 12740 12761 12572 12568 12918 11923 12814 13369 12597 12691 13233 13020 12578 12411 13110 12889 12498 11958 
12784 12805 13165 13024 13290 12880 13007 13233 13143 13117 13149 13403 13030 12542 13237 13088 12764 13145 13424 13015 13015 13034 12756 12676 12719 13462 12953 13102 12644 13050 
13072 13281 13438 12789 13175 13298 13042 13324 13474 13293 13171 12881 13355 13401 13297 12946 12980 12620 12986 12957 12973 13376 13149 13435 13725 13123 12860 12807 13490 13485 
13348 13622 12842 13308 12962 13205 13268 12976 13236 13394 13523 13223 12935 13412 13636 13459 13313 13194 13372 13552 12924 13320 13555 13440 13595 13171 13530 13238 13556 13242 
13306 13344 13195 13475 13209 13288 13406 13304 13391 12976 13108 13401 13582 13351 13248 13314 13016 13269 13356 12953 13399 13689 13339 13164 13321 13447 13195 13455 13605 13683 
13725 13508 13494 13474 13750 13541 13909 13284 13798 13394 13648 13605 13311 13521 13426 13094 13324 13557 13651 13480 13297 13236 13499 13510 13510 13434 13730 13420 13257 13335 
13414 13480 13592 13561 13623 13506 13602 13484 13155 13510 13366 13571 13704 13570 13883 13284 13229 13184 13201 13650 13317 13539 13494 13366 13374 13450 13469 13703 13591 13360 
13718 13572 13813 13470 13423 13415 13052 13422 13475 13200 13659 13743 13601 13427 13434 13601 13769 13335 13433 13628 13684 13453 13504 13449 13566 13604 13364 13695 13729 13967 
13356 13734 13690 13474 13739 13566 13809 13551 13285 13359 13173 13638 13646 13663 13548 13423 13611 13249 13350 13421 13639 13516 13166 13405 13340 13500 13652 13720 13879 13951 
999 999 999 999 999 999 999 999 999 999 999 999 999 999 999 999 999 999 999 999 999 999 999 999 999 999 999 999 999 999 
7884 7517 7895 7721 7439 8279 8508 7691 8044 7875 7477 7159 7814 7196 8079 8025 7613 8174 8253 7646 7812 8064 7449 8155 7401 6699 7556 7482 8001 7435 
8813 8409 7815 8400 8626 8292 8539 8525 8595 8693 8346 8146 7889 7741 8646 7911 8543 8152 8566 7957 8546 8240 8480 8554 7848 8654 8264 8169 8257 8060 
7027 8408 8199 8613 8465 8102 8561 8830 8714 8551 9074 8457 8637 9024 8336 8913 8475 8711 8848 8714 8797 8333 8680 8660 8788 9052 8479 7880 8795 8782 
8676 8711 8795 8848 8794 8532 8175 8766 9051 8905 8781 8767 8899 8834 8669 8701 8736 8651 8413 8994 8873 8873 8946 8830 8519 8783 7894 9107 8421 8950 
9163 8649 9213 8826 9093 8341 8879 9147 8792 9043 9117 8543 8467 9035 8478 8442 8630 9028 8311 9047 8783 9117 9044 8930 8980 8888 9133 8857 9055 9284 
9054 9049 9173 8928 9110 8496 8916 8883 9036 9110 9103 9004 8873 9135 9179 9234 8843 9069 8811 8868 8936 8889 8313 8986 8723 9103 9079 8925 8958 9101 
9113 9037 9188 8921 9124 9126 9024 8899 9111 9142 8983 9053 9036 8931 9120 8876 9067 9029 9175 8888 8785 9066 9133 9022 8885 9070 9091 9206 8689 9020 
8982 9042 9065 9262 9229 8828 9100 9062 9142 9112 9111 9109 9173 9085 8822 8788 9163 9048 9016 9189 9073 9120 9120 9198 8825 9210 8999 9077 9150 9236 
9006 9033 9156 9116 9192 9287 9284 9219 8986 9116 9206 9215 9178 9040 9239 9216 9141 9059 9144 9316 9337 9066 9144 9135 9225 9293 9163 9250 8952 9136 
9147 9043 8745 9167 9050 9197 9216 9172 9235 9124 9166 9132 9165 9110 9137 9102 9167 9257 9204 9320 9241 9231 9208 9222 9199 9240 9204 9117 9170 9205 
9195 9223 9216 9175 9185 9182 9196 9195 9264 9121 9168 9254 9242 9081 9202 9154 9240 9224 9118 9231 9219 9128 9201 9158 9197 9168 9159 9236 9249 9261 
9180 9312 9210 9243 9269 9184 9203 9153 9228 9252 9128 9240 9247 9204 9225 9195 9167 9210 9214 9234 9170 9201 9224 9196 9172 9170 9211 9238 9179 9190 
9193 9165 9248 9235 9184 9194 9214 9222 9272 9261 9242 9167 9233 9178 9259 9202 9175 9240 9166 9218 9184 9214 9179 9220 9220 9236 9210 9237 9274 9239 
9225 9168 9265 9247 9250 9265 9250 9223 9235 9233 9196 9237 9269 9212 9175 9237 9236 9194 9228 9191 9249 9236 9189 9221 9264 9146 9220 9213 9187 9193 
9264 9246 9176 9238 9286 9208 9253 9246 9213 9235 9240 9232 9237 9222 9230 9210 9240 9259 9291 9224 9218 9265 9251 9248 9219 9235 9210 9238 9185 9209 
9245 9221 9202 9203 9222 9207 9220 9245 9227 9221 9247 9276 9211 9198 9236 9246 9216 9203 9212 9184 9253 9246 9243 9239 9275 9187 9218 9190 9243 9261 
9223 9224 9242 9227 9223 9233 9187 9195 9233 9251 9236 9234 9275 9248 9282 9254 9230 9269 9218 9313 9238 9212 9236 9231 9210 9253 9268 9213 9204 9205 
9246 9222 9207 9199 9255 9215 9235 9221 9255 9216 9244 9282 9232 9251 9241 9221 9235 9256 9248 9217 9261 9242 9236 9241 9219 9224 9207 9197 9229 9202 
9287 9242 9208 9241 9251 9286 9212 9264 9188 9235 9240 9239 9230 9145 9274 9240 9229 9233 9245 9225 9210 9168 9173 9246 9197 9241 9243 9243 9234 9212 
9222 9224 9237 9201 9199 9235 9161 9281 9217 9213 9254 9238 9200 9209 9186 9219 9225 9231 9228 9255 9215 9256 9235 9255 9260 9235 9252 9221 9228 9231 
999 999 999 999 999 999 999 999 999 999 999 999 999 999 999 999 999 999 999 999 999 999 999 999 999 999 999 999 999 999 
9490 3894 3673 3697 3908 4785 4755 3667 4194 4255 4658 3781 4395 4118 3959 4125 4571 3890 5056 4188 4696 4416 4708 4791 3598 3372 3774 10054 10019 5046 
8349 5561 4666 5055 7806 6874 6935 5297 9089 8459 10643 8554 5645 5798 13695 4905 10843 5484 5176 4609 6758 9839 10936 5386 5749 9029 5533 5017 10543 6844 
6618 6870 5996 6141 11222 6865 8224 13012 12206 6470 9763 6838 7818 13407 6761 12230 12824 14269 8789 7996 10257 7415 6774 6977 11264 13437 12355 6437 8338 9358 
8402 6860 11938 9799 8871 7483 7949 8865 13208 8645 12296 12785 12774 8428 10293 7978 10525 12696 7233 11458 14698 9809 12264 8704 11027 7310 7966 12413 7567 8404 
12879 10512 15349 9981 12943 8778 13974 14665 10586 14721 9591 9222 9025 11865 8185 9038 9912 15777 8000 9520 10390 14753 11809 13697 10540 12810 11404 8357 12836 13745 
11923 14934 11905 11902 13350 8685 12312 15095 15758 12217 15688 13726 13475 14874 14357 16022 13452 13158 10208 11535 13206 11692 10070 13447 9504 14527 10887 12041 13818 15634 
15581 13643 12147 12787 12703 13198 14277 12413 14637 14498 13260 14911 10785 9895 15794 11825 15905 12496 14244 13407 11157 12906 13413 15231 12038 15653 11224 13999 12971 14965 
15575 14772 16231 16340 15673 10726 14918 16186 14674 13991 16349 15589 13514 15855 12493 13122 14728 12401 14134 16791 15770 15849 14867 15498 13624 13707 12981 13897 15891 15041 
13724 13507 16720 14274 16176 16126 16638 14879 15218 14293 14934 15081 16002 13851 15671 16589 16337 15431 16342 15989 15691 13653 16085 14202 16419 16153 16541 16585 15362 15292 
15841 12732 13419 16784 13970 15880 14812 16462 16830 14753 16008 16077 13661 15387 16512 16149 16813 16221 17172 16661 16910 16415 15424 16055 15647 16525 16152 15535 15989 16247 
16394 16981 16807 15503 16214 15794 16943 16875 16773 16209 15505 16779 16470 15513 16263 16088 16744 16634 15611 17076 16182 15046 17012 16136 16733 15697 16447 17225 17147 16393 
16692 15640 16776 16745 16645 17075 16231 16213 16681 15670 16923 16804 16722 15973 16641 16529 16350 16624 16668 17008 16846 16721 16619 17165 16906 16272 17118 16847 16480 15038 
16632 16920 16929 16477 17086 16679 16764 16954 16681 17123 16758 16999 16792 16850 16840 16862 16244 17158 16480 16949 16726 17121 17008 16971 16845 16668 16549 16724 16124 16509 
16792 16682 17387 16540 16987 17023 16503 16907 17079 16883 17117 17287 16498 17018 17054 17003 16936 16790 16642 16878 16751 16774 16774 16829 17084 17016 16864 17167 17069 16977 
17386 17139 16843 16542 16901 16940 17000 17317 16969 16920 16954 16776 17135 17221 17167 16793 16643 16809 17188 17235 16904 16935 16814 17196 17201 16964 17307 17123 17092 16974 
17141 17080 17401 17175 16976 17140 17012 16795 17285 16733 16923 17003 16737 17066 17147 16942 16948 17271 17053 16965 16833 17249 16964 17424 16858 16788 16813 16958 16731 17045 
16756 17020 16827 16770 16874 16901 16992 16973 17149 16473 16823 17083 16643 16809 16995 16983 16926 17059 17058 16671 16621 16871 16844 16846 16831 17392 16876 16592 17333 17088 
16716 16711 16641 16789 16880 17088 16994 16862 16851 17024 16957 16903 16987 17087 17075 16993 17046 17171 16704 16641 16933 17021 16520 16787 16954 17023 16953 17512 16830 16861 
17003 16627 17133 16950 17050 17213 16798 16778 16615 17261 17022 16686 17075 16782 16499 17004 16864 17004 16826 16792 16422 16970 16476 16715 16999 16703 16534 16597 16711 16785 
17019 16925 17055 17032 16873 16858 16624 16482 17015 16820 16780 17023 16637 16873 17127 17050 17105 16694 16901 16618 16710 17085 17217 16783 16837 16909 17187 16681 16736 17074 
1997 1997 1997 1997 1997 1997 1997 1997 1997 1997 1997 1997 1997 1997 1997 1997 1997 1997 1997 1997 1997 1997 1997 1997 1997 1997 1997 1997 1997 1997 
6311 4581 4391 4438 4840 5247 4813 4541 4700 4975 4783 4558 4665 4703 4790 4851 5065 4756 5173 5024 5233 5061 4939 4738 4194 3941 4520 6410 6505 5456 
7493 6606 6031 6374 7703 6815 6898 6223 8022 7549 7698 7090 6059 6370 9639 6296 8431 6375 5943 5965 7020 7484 8622 6600 6068 7659 6398 5920 7768 6462 
7110 7921 7029 7409 8966 7213 8843 10509 9998 7299 8964 8248 8629 10556 7621 9342 9120 11131 8599 8291 8474 8157 7944 7938 10080 11988 9210 7516 8446 9144 
9090 8319 10984 9786 10542 9249 8891 9709 11752 9029 10472 11354 12396 9900 9816 9152 10370 10552 8903 10599 12302 10007 11015 9586 9600 8500 9510 11516 9106 9406 
12347 11061 14304 10925 12348 10505 12217 14487 10828 13736 10764 10810 9702 11871 9645 9840 10683 13312 9270 11149 11598 13803 11477 13215 11270 12543 11429 10213 12527 12781 
12837 14992 13035 12755 13194 11192 12953 14385 14475 12387 16051 13462 12280 13655 14460 16634 13103 11910 11843 12890 13350 12153 10622 13630 11158 14074 12175 11797 13482 14286 
14826 15003 12698 13374 13877 14428 14271 12392 15314 16076 13379 15580 13728 12198 17090 13943 16240 14165 14817 14915 13058 11948 13895 15763 13195 15610 12401 15386 13447 14895 
15468 15341 16671 17213 15098 12914 16130 15937 15705 15979 16307 15724 15635 16129 13917 14065 15176 14180 15535 17867 15574 18133 15092 16526 14835 15181 14296 14228 16295 15071 
15853 15961 17472 15514 17374 17610 18363 16454 15963 16425 16520 16032 17204 15831 17657 17369 18151 16792 17800 16940 16776 15671 17343 16468 18300 17228 17354 17588 16362 16272 
17679 14602 15451 17969 16694 17761 16508 17817 19459 16842 17263 17325 15389 17465 19365 18177 17758 18358 18832 19950 18206 16692 17194 19072 17626 19459 18269 17831 17671 18198 
18963 20513 20181 17295 19063 18088 19879 20923 19627 18863 18873 20246 18050 17215 19214 18983 19421 19423 17235 20545 18347 17488 19716 18019 20032 17826 18968 20256 19274 19012 
19914 17733 20173 19892 20226 20903 18214 17931 19824 18854 18580 19045 19825 19004 19009 20264 19110 18896 19939 20699 18977 19816 21089 20035 19757 19178 20067 20173 20313 17806 
19208 20057 20412 19512 20352 20393 20581 20840 20711 20485 20788 20107 20654 19834 20326 21206 19499 21077 20491 19757 20532 21067 20694 20325 20372 20907 20843 20626 19436 20641 
20274 20381 20831 20377 20692 21166 20349 20943 20798 20772 20628 20371 20622 20506 21030 20645 20513 20235 20717 20869 20474 21001 21162 20691 20796 20604 21154 20604 21038 20856 
20988 21040 20399 20788 20665 20929 21102 21558 20898 20704 21152 20749 21431 21583 20817 21143 20919 21257 20802 21765 21088 21275 21364 21171 21120 20712 20757 21061 20877 20768 
21316 21176 21632 21217 21545 21046 21362 21077 21655 21142 21349 21092 21436 21444 21224 20812 21428 20857 21150 20562 20959 21515 20945 21266 21563 21309 21627 21257 21178 21288 
21621 21226 21545 21634 21235 21470 21287 21364 21256 21238 21291 21483 21236 21184 20924 21175 20842 21029 21146 21461 21255 21205 21270 21144 21094 21501 21244 21292 21281 21562 
21617 21476 21447 21747 21061 21355 21395 21708 20920 21584 21363 21574 21365 21039 21217 21309 21386 21213 21704 21231 21546 21126 21598 21658 21471 21492 21433 21362 21431 21310 
21064 21036 21345 21550 21584 21733 21458 21765 21257 21630 21492 21497 21680 21410 21478 21600 21484 21102 20986 21076 21757 21294 21555 21375 21272 21478 21210 21338 21026 21683 
21328 21779 21261 21396 20833 21406 21183 21700 21569 21519 21796 21443 21426 21825 21906 21532 21035 21178 21341 21926 21625 21309 21225 21551 21109 21410 21304 21292 21202 21726 
1992 1989 1990 1992 1990 1987 1983 1986 1990 1984 1986 1991 1990 1990 1991 1993 1992 1991 1991 1989 1990 1990 1991 1988 1986 1987 1990 1988 1986 1989 
6272 4897 4515 4525 5343 5854 5095 4512 5375 5377 5257 5309 4721 5347 5361 5072 5266 4918 5136 5325 5307 5085 5427 4889 4297 4409 4664 6357 6695 5391 
7693 7032 6607 6650 7966 6864 7183 6860 8248 7571 7907 7197 6840 6800 9917 6355 8292 6931 6057 6243 6910 7769 8469 6735 6225 7603 6783 6098 8044 6678 
7235 8162 7499 7593 8896 8054 9556 10808 10137 7755 10174 8725 8840 10795 7895 9715 9468 11196 8650 8655 8902 8870 8292 8520 10326 12396 9097 7700 8646 9416 
9377 7809 11079 10009 10510 9852 9534 10391 11936 8966 10828 11962 13218 9829 10732 10143 10491 11098 9246 10983 13161 10215 10650 9728 10013 8897 9819 11742 8863 9382 
13207 11423 14128 11560 12814 10653 12561 15154 10934 14128 11813 11379 10483 11318 10038 10132 11088 13981 9828 11135 11583 14253 11567 13267 11812 13195 12025 10684 13026 13523 
13085 15211 13654 13316 13777 11357 13337 14497 14557 13261 16550 13581 12804 14500 15038 17607 12957 12183 12371 13458 13729 12797 12235 13865 11184 14879 12837 12539 13996 14943 
14951 15556 13577 13225 14172 15400 14249 13015 15705 16917 13820 15876 14183 12041 18141 14144 17063 14365 15397 15820 13442 12777 14433 16221 13369 17257 12417 15352 13737 15764 
15761 15918 17330 18980 15508 13017 17003 16531 16213 16483 17663 16876 16552 17040 15236 15123 16740 14080 17166 18848 16690 17640 15062 17132 14809 15549 15281 14509 17407 15867 
16162 16029 18151 16345 18862 19126 18998 17020 16848 17004 16895 16963 18424 16353 18716 19229 18874 17782 18693 17492 16726 15661 17250 16810 18749 18114 18318 18676 17408 16352 
18498 14873 17016 20179 17970 18476 17688 18674 22358 17624 18778 17706 17838 17710 19834 19405 19198 19560 19688 22591 19446 18756 18906 20088 19544 21169 19202 18394 18782 18953 
20039 20918 21573 18327 19963 18361 21313 21111 20289 20451 19235 21056 19493 18432 20559 20770 21812 20620 18300 22564 18762 18443 21069 19321 20658 19062 20696 20648 19717 20416 
21256 18350 21954 21168 21694 22745 18903 19235 20891 19748 20093 19762 20903 20786 20153 21467 19763 19817 21286 22031 20599 21517 22684 21568 21592 20231 22179 21215 20903 19480 
20794 20884 21952 21213 23720 20733 22667 22996 22916 23615 22140 22706 21110 20533 21909 21963 21303 22951 20629 21127 21419 22515 21604 20890 21257 21220 22783 23285 20219 22035 
21830 22227 22867 22431 22662 23820 22086 23098 22961 22092 21822 22873 21964 21796 22615 21946 22102 21349 21638 22460 22683 23151 23383 23303 23523 22642 21458 22631 23141 21992 
21890 23497 22564 22949 21802 23515 22715 21867 22470 23119 24546 22728 22927 21521 22175 23007 24062 23062 23001 21982 23515 23202 22425 23568 23397 22282 22668 23745 22837 21646 
22572 22682 23301 23369 23421 22922 23624 22785 22826 22188 21529 23420 22440 23374 23630 25378 22998 22761 22782 23178 23230 23440 23100 23008 23215 22533 23967 23242 23595 23054 
23433 23273 23570 23680 22644 23478 23656 24354 22895 24357 21839 22603 22175 23177 23298 23115 22720 22729 23556 23402 23335 22247 21683 23351 24196 23971 22835 23625 22560 23550 
23687 23070 23848 23381 24796 23132 22514 23909 22818 23926 23158 23561 22345 23134 23327 23285 22715 22843 23478 24144 23224 22251 22965 24209 23458 22858 23752 23070 25017 23746 
22321 22441 23560 23217 23232 23246 23267 23998 23044 24054 23930 23121 23093 24410 23324 23674 23659 22595 22763 23333 23899 23415 23315 24037 22704 21910 23410 23408 23926 23443 
22399 23663 24657 23503 21982 23265 23523 23021 24035 24974 22674 22335 23701 24150 23025 22429 21767 22658 23996 23178 23461 24409 24140 23946 24226 24917 22942 23352 23566 22626 
999 999 999 999 999 999 999 999 999 999 999 999 999 999 999 999 999 999 999 999 999 999 999 999 999 999 999 999 999 999 
10496 9158 12021 11971 9599 13194 11648 9237 12161 12638 11289 12460 8900 9494 12876 11613 12851 12657 12792 13562 13391 11869 10533 11885 8671 10356 11018 11834 11787 10852 
15187 15363 13486 12890 14484 13723 13848 13601 13735 15254 12517 14841 13958 13328 17767 15950 13727 14256 12858 13550 14961 15105 13158 14834 14825 15724 14395 14190 14686 13812 
9336 15907 16622 17022 14620 13618 16671 17440 17742 13198 16152 17698 16042 16509 13691 15220 16871 17234 15701 16537 16627 16024 16871 16403 16972 19155 17415 10484 15169 17240 
16743 14349 18616 17426 18477 17838 14750 16386 17160 17048 16516 18377 16342 17174 17041 14739 18279 16370 17377 17076 18438 18263 16479 17078 17838 17429 17768 17968 14509 16651 
16954 16811 18581 18862 19441 19099 18062 18964 19122 17991 16984 18641 16667 17864 17962 18167 18165 18193 17797 18469 18855 18841 19460 16996 18311 18023 17236 18378 18186 18058 
18277 18810 18779 17945 18394 18535 18879 19723 18183 18826 19731 19415 17517 18186 18380 19917 18469 17505 19507 19603 18052 18182 14823 17989 18846 19594 18414 16578 18790 19087 
20006 19097 18128 19511 17776 19263 18966 19240 19164 19846 19184 20096 19717 19162 19355 18564 20448 19195 18844 19898 19018 17274 17832 19396 16662 19202 18771 18318 16381 19473 
19500 18638 20065 19906 19798 17370 19477 19817 18738 18932 19363 19341 19579 20111 16433 18764 18828 19961 19137 19905 19449 20179 18731 20358 17309 19538 19192 18663 19660 20081 
19821 19317 20525 20519 20287 20551 20545 19735 20067 20014 19779 20116 19263 18661 20086 19751 20097 19731 20381 19986 19170 19017 20341 20072 20319 19175 20647 20065 20137 20364 
20117 19735 19227 20084 19562 20596 19099 20781 20095 20277 20211 20349 17931 20320 20737 19590 19684 19960 19896 20984 20448 19727 19896 19667 19652 20137 20537 20063 20632 20276 
19959 21175 20718 20073 20231 19099 20640 21209 20367 20319 20430 20878 20218 20031 20233 20265 21143 20528 20276 20650 19925 20487 20763 19522 20748 20315 20333 20296 20875 20804 
20446 20353 20507 20837 20897 20261 21005 20307 20624 20299 19940 20807 20628 20811 20234 20348 20502 19857 21110 20954 20624 20215 20806 20612 20923 20355 20701 20536 20865 20284 
20320 20861 20599 20696 20514 20442 21053 21152 20684 21212 21096 20674 20529 20843 20900 21029 20798 20932 20754 20700 20519 21282 20680 20737 20610 20933 21221 21135 20430 20513 
21016 20588 20781 21019 20753 20935 20990 20395 20770 20502 21124 20732 20821 20678 20979 20857 20915 20589 20525 21136 20465 21143 20620 21040 20923 20723 20556 20537 20914 20967 
20999 20757 20275 20813 20555 20599 20849 20681 20711 21009 20805 21045 20941 21079 20988 20974 21185 20858 20853 21161 20753 20896 21050 20830 21297 21008 20811 20945 20543 20851 
21177 20951 21272 21241 21234 20880 21105 20823 21136 21169 20940 20963 20841 21144 20652 20721 21044 20706 20712 20936 20602 21014 20550 21038 20881 21134 20810 21054 21257 21179 
20879 20990 20685 20950 21523 21084 20847 20892 21161 20882 20903 21110 21090 21268 20874 20894 20619 21134 20961 21156 21184 21028 20968 20780 21107 21040 20788 20929 20528 20901 
21161 21365 21005 21116 21037 20823 20927 21246 21116 21232 20988 21540 21003 20889 21188 21002 21337 20876 21140 21075 21250 20841 20912 21149 20981 20907 21218 21229 21342 21262 
21099 20737 21172 21280 20748 20956 21097 21246 21091 20958 21179 21013 21085 21258 20986 21136 21237 20977 21204 20946 21187 21294 21279 21412 20860 20874 21280 21172 20732 21108 
21174 20954 20854 21288 21237 21447 20894 21498 21014 20991 20964 20815 21346 21258 21059 21103 20984 20745 20934 21182 21160 20872 21185 20930 20835 21004 21021 21334 21283 21072 
1986 1987 1989 1982 1978 1987 1984 1986 1988 1988 1991 1984 1987 1980 1981 1989 1986 1982 1985 1984 1985 1984 1990 1989 1980 1987 1987 1985 1982 1989 
2960 4023 4283 2922 6287 3224 3023 2802 5208 4114 3911 3586 3332 4112 3096 4378 3554 6721 3923 4003 4841 6755 2942 3129 3723 2601 6343 3482 3164 3662 
4271 4285 4318 5867 5246 5587 6917 6320 4776 6252 5473 4218 4467 7386 3643 7527 4142 4266 4236 3717 6861 4044 5899 5915 4044 4976 4386 4689 3261 4194 
8125 4975 5381 5118 6631 7164 6151 5864 5806 5318 5995 5184 6001 6695 6271 7058 6237 4903 7998 6522 4635 7833 5700 7788 6987 6732 7096 4934 5397 5969 
5199 5783 9753 8984 8611 6880 8986 8253 6323 7016 7226 6164 6264 6543 6470 6214 7057 6125 5867 8402 6534 7569 7429 6161 6557 6300 8592 8113 8186 8416 
9988 6969 8018 8764 7658 8580 9266 8930 10019 7397 8962 6735 9844 9483 8269 9494 6789 6649 8623 7466 9014 8897 7120 9033 8171 7647 6915 6970 7745 7331 
9319 7790 9003 9659 7807 7454 9381 9463 9172 6909 9587 9361 7444 8496 8549 9623 10147 9950 8354 8012 9075 8256 7884 8374 8135 9198 10017 8249 9388 7582 
8451 7874 10389 9344 8291 9811 9394 9970 8661 10934 9457 8367 8382 9613 9036 10294 10261 8854 9503 10430 8918 10223 10079 8294 8469 10630 9210 10785 8169 9470 
8491 8854 10338 9178 9718 10146 10215 10043 9455 10054 10191 8398 9951 10488 9862 9725 8676 9846 9355 10407 9737 8730 9177 9831 8933 8831 9373 10301 10564 8498 
9105 10911 9814 10370 10396 9801 10266 10451 10363 10473 10385 9945 9783 9078 9750 10582 9888 10024 10586 10875 10658 10641 10000 8745 9706 10392 10099 9592 9905 10430 
9693 10695 9922 10908 10558 9176 10751 10648 10325 10226 9817 10834 10777 10979 10679 9648 9932 10523 11125 10282 9567 10230 11140 10133 11145 10685 10837 11012 10384 10683 
10772 10531 10799 11006 10274 10968 10119 11114 11466 11259 10062 10761 10985 10690 11152 11116 10678 10631 11263 10337 10816 11224 10602 10036 10394 10664 10472 10914 11101 11086 
10608 11268 11159 11584 11118 11065 11352 10435 10874 11207 10842 11273 10592 11415 10727 11037 10706 11216 10986 11449 11157 11576 11507 11326 11079 10650 11034 11336 11407 11323 
11278 11058 11422 11072 11440 11576 11493 10617 11324 10942 11207 11425 11416 11502 10876 11744 11256 11285 10849 11458 11237 11512 11115 11558 10429 11625 11140 11306 10302 11366 
11354 11436 11036 11675 11198 11397 11499 11408 11382 11801 11646 11511 11704 11731 11616 11499 10947 11082 11069 11158 10980 11283 10923 11332 11172 11126 11336 11476 11431 11650 
11702 11827 11400 11614 11750 11671 11594 11743 11839 11341 11591 11390 11791 11619 11523 11580 11509 11441 11656 11640 11654 11466 10999 11592 11546 11513 11362 11680 11615 11500 
11779 11628 11885 11752 11518 11785 11733 11623 11801 11781 11926 11885 11602 11779 11700 11804 11706 11582 11789 11745 11601 11286 11451 11642 11686 11839 11473 11695 11596 11332 
11678 11714 11716 11765 11759 11740 11664 11674 11622 11737 12045 11573 11701 11600 11789 11699 11719 12051 11777 11795 11983 11761 11646 11602 11679 11787 11973 11914 11630 11778 
11820 11705 11596 11887 11824 11674 11740 11819 11943 11945 12107 11694 11794 11742 11643 11816 11828 11721 11793 11907 11817 11675 11915 11804 12021 11880 11830 11859 11804 12146 
11835 11830 12012 11792 11936 11660 11600 12070 11926 11702 11790 11771 11777 11975 11688 11873 11801 11858 11934 11839 11709 11737 11736 11880 11832 11692 11892 12007 11766 11720 
11984 11710 11849 11668 11754 11737 11918 11793 11728 11735 11706 11784 11707 11759 11691 11949 11921 11857 11839 11933 11736 12026 11728 11794 11650 11853 11909 11845 11724 11689 
