MergeSort QuickSort TimSort OESM Cook_Kim LIS LIS_treap BothAlgo DirtyClean2 DirtyClean2_freeze 
50440 68051 72615 75472 77881 79205 80512 81592 82609 83385 84049 84605 85096 85401 85570 85796 85966 86024 86108 86135 86146 
108809 110678 110136 110315 111194 109852 110016 110166 108917 109115 109807 110441 110243 110151 109723 110128 110142 108708 109849 109913 110725 
35280 60179 70304 78668 87062 91835 98450 103526 108736 113185 115948 119323 121970 124361 125576 126778 127361 128191 128764 128659 128099 
9990 77509 82969 85533 87838 88745 89655 90393 90614 91249 91411 91589 91871 91895 91842 91991 92018 92008 92063 92056 92092 
9990 47781 62925 79944 100077 108678 125816 135293 144884 153160 157885 160601 163971 165937 167353 168111 169184 168975 169270 169401 169216 
19970 43123 54476 65394 77719 85263 96307 105251 114192 122233 127945 132960 138006 142149 144449 147656 149054 150362 151016 151199 151394 
19906 49602 65336 80885 98406 109235 125307 139875 152696 165433 174822 182746 191586 197827 203176 207618 210453 213014 214147 213599 214234 
9990 95141 126557 141597 154941 161490 170739 174184 179340 182789 184406 186301 188420 189953 191046 191926 192421 193401 193614 193992 193811 
19848 38412 49400 60924 73651 79107 87940 93345 99293 104102 106502 110582 113365 116255 117474 119065 120353 120689 121687 121915 121973 
19854 39562 55047 69509 81651 96131 102492 110964 114645 118821 125467 128284 129975 133627 134828 135241 138058 138413 137956 137714 139673 

