MergeSort QuickSort TimSort OESM Cook_Kim InsertionSort LIS LIS_treap BothAlgo2 DirtyClean3 DirtyClean4 
11 21 10
69008 69008 69008 69008 69008 69008 69008 69008 69008 69008 
102876 97854 101565 102307 101746 98307 96927 102536 99468 101118 
106538 105830 104352 105513 102723 106134 107216 105562 106935 93824 
106771 100806 105727 107514 109430 109971 107300 106255 109676 109524 
112196 105707 111135 110464 110645 110697 111661 110686 113117 111993 
112402 111252 108513 114188 112364 110558 113176 112674 110194 110390 
115731 112984 114071 115391 114647 110094 113316 109003 113063 113959 
114121 116195 115526 115050 115715 115656 114119 113751 116337 112862 
117142 114873 113583 114463 114812 116750 116927 115999 116481 116122 
116309 117563 117134 112785 117313 116043 117710 118580 117732 114647 
117796 118537 118719 118628 118148 118611 118324 116218 117915 117687 
118240 114577 116837 118801 116540 118972 119269 116197 118120 118252 
119273 119784 119668 119025 119819 119150 118241 119317 119490 119253 
120138 119711 119990 118929 119639 119958 119188 119845 119909 119131 
120161 119709 119673 119868 120032 119741 119754 120051 119739 120106 
120251 120170 120294 120215 120068 120282 120282 119520 119720 120332 
120369 120333 120235 120318 120240 120353 120327 120372 120278 120261 
120270 120543 120511 120536 120450 120394 120472 120363 120431 120392 
120478 120442 120519 120549 120503 120519 120410 120505 120440 120446 
120432 120433 120474 120429 120589 120508 120465 120484 120448 120356 
120415 120496 120403 120453 120530 120445 120373 120490 120457 120404 
147447 149980 147445 158937 149784 144614 149663 150577 151286 154947 
161565 174821 152800 155319 153927 162810 169412 153876 152862 146136 
151540 150109 152478 160468 162296 150189 159098 159257 171693 159755 
170466 156112 163265 158088 159071 157842 157691 167390 147162 157325 
161553 158030 152222 150783 149704 149525 157597 151284 152296 158363 
162266 163447 147014 156006 165806 180742 155092 148223 158835 144497 
157142 157496 160427 158480 153895 166974 148643 154341 150996 147588 
151229 153770 155800 159968 157780 160493 156209 156901 151109 156649 
143782 151009 146083 143921 151724 145744 159517 162911 152835 156520 
163521 155664 159012 154963 148425 149836 146448 150846 157379 166516 
146590 155300 156437 156273 152205 147862 146351 160454 150309 152738 
147769 156878 145738 159090 169859 155314 152092 151817 150268 154666 
154181 166258 151004 164670 163854 162296 156207 156768 152918 147333 
175204 162657 151069 164520 153432 148889 149007 155002 166347 153384 
147210 164001 148821 145885 156929 156398 148113 149956 152024 160269 
169712 155243 158921 151548 169462 150837 147722 155569 159382 158792 
152356 148514 158952 158905 153069 153900 157819 155300 147521 153137 
151764 146796 148682 157422 150885 157983 165191 154790 151975 149161 
153196 158980 166290 156781 149337 154893 161013 151699 152200 150327 
160902 149957 158457 150081 154956 148665 157939 159101 155563 150361 
157249 155899 155105 157519 155921 154111 150204 158937 168529 163812 
56407 56407 56407 56407 56407 56407 56407 56407 56407 56407 
96868 91407 94846 96380 93640 91690 90490 94742 91746 94512 
104826 104258 103849 104293 101743 106133 106298 104170 103796 92645 
110376 103139 107794 110027 114735 114610 111657 107494 114847 114446 
123040 109944 121072 121725 119787 119447 118715 121762 124985 121346 
126077 124497 120599 130749 127542 124920 129648 125113 122006 121721 
137135 131745 134838 137135 133206 125820 133130 124536 130320 133387 
136234 139955 141005 138822 140952 140244 136690 133789 141432 132000 
146380 139022 136999 140152 138681 146851 144914 142952 145211 143085 
146985 149788 148117 137402 149138 145859 151286 155000 149258 140172 
152883 157525 154832 156975 154438 154299 157104 146455 154539 150124 
155943 145399 151157 158164 147340 159707 159556 148906 156093 153912 
161539 162737 164212 159737 163471 160367 158093 160694 162973 161641 
166806 164582 165330 160534 166174 164500 160369 164880 166285 159409 
169021 165609 164650 166542 167220 165847 166000 167970 164608 169223 
170157 169260 171068 169926 166928 170699 168056 163883 166334 169138 
171102 170711 170189 171116 169594 170624 169194 168344 171680 170394 
171240 171469 171388 171065 171122 172229 171335 171757 170713 171464 
170694 171749 171430 171014 172008 171640 172284 171615 171937 171236 
172885 172335 171986 172143 172034 172516 172297 171199 172470 171839 
172086 172431 171963 170945 172570 171682 171747 171518 171904 171922 
9999 9999 9999 9999 9999 9999 9999 9999 9999 9999 
110404 107015 109215 106149 109821 102960 96126 107858 106695 108341 
116943 115635 113609 113658 111930 116518 114616 113420 112206 94562 
115922 106216 113859 118251 120815 120020 116519 113697 119576 120995 
121463 114094 120970 120175 120362 118505 120939 123202 123844 123040 
123006 121326 117924 123909 123398 121047 122897 121967 119775 120090 
124643 122939 124429 124587 123986 117597 124923 121286 123871 123587 
122341 124657 124583 124734 123608 124996 123121 123870 125174 123170 
124927 122845 121973 122562 123783 125290 124883 124774 124633 124919 
124639 124685 125133 120562 124701 125200 125355 125550 125591 123309 
125305 125875 126078 126146 125761 126041 125676 123824 125895 125599 
125571 122529 124667 125536 123853 125781 125544 124658 125478 125684 
125659 125840 125887 126062 125957 125953 125520 126173 126156 125890 
125902 126125 125968 125886 125899 125956 126016 126075 125956 125872 
126137 125736 125770 125948 125978 125965 125967 125939 125844 126031 
126064 126209 126081 126008 125955 126026 126096 125511 126255 126002 
126130 126048 126009 125976 126045 125928 126098 125790 126143 126016 
126116 126138 125903 125963 126168 126101 126073 126007 126058 125832 
125994 126118 126070 125979 126146 125860 126096 125973 126013 126114 
126053 126072 126053 126054 126022 125965 125980 126044 126011 126107 
125947 126220 126205 126132 126069 126052 125991 126064 126045 126030 
9999 9999 9999 9999 9999 9999 9999 9999 9999 9999 
63081 74858 132386 52613 98672 57610 58431 56415 49094 66784 
107865 96896 89713 68655 83816 92678 92896 106080 80060 58659 
96003 83316 118126 120975 154128 158673 145468 107147 130376 135925 
189311 161211 185612 138874 124892 183385 139307 151066 175304 213425 
149779 197038 125730 196066 206894 197892 207013 227376 138875 210294 
214822 182310 206597 231298 219159 145630 226815 142124 232284 218078 
167093 203152 231795 213147 241199 219715 223087 177416 218565 183388 
240986 224861 210825 226556 216459 243562 242222 224559 234491 222303 
205375 233890 206840 181310 243292 235987 243414 244293 239762 178681 
234093 252142 242161 248737 245556 242196 248437 236540 232741 244767 
244550 222483 234211 250725 190808 250191 245941 221908 246232 234263 
247446 251356 247400 239448 247974 243450 241602 247867 246052 251946 
249149 251057 251041 248165 251158 249988 252751 245699 250874 244400 
251239 249130 249889 248423 249509 250847 253582 243707 246821 252614 
247069 245849 249569 246325 249680 248525 251024 242661 247850 243931 
253318 248955 252220 248249 250863 248599 252613 248693 248458 250654 
250804 252102 245012 248621 250959 250818 253135 246503 248008 252939 
247345 250345 249206 249599 249763 248867 252188 245549 244509 246003 
249750 249807 249572 249406 244311 248786 248165 249095 246994 245281 
247696 248211 252134 249281 247173 248193 244388 249542 249766 246624 
9999 9999 9999 9999 9999 9999 9999 9999 9999 9999 
1941188 3413515 13395331 1523057 4031240 2082853 2187341 1690099 1716357 2648365 
4551464 4067290 3960859 3445002 3798652 3520856 4163955 3854678 3645771 4499978 
5653257 6317339 6632822 6735692 7485459 8430664 7470320 6074217 6030873 6268221 
19255690 16351871 12602326 6493334 7232203 16766079 7644249 7956439 8251140 12906338 
8903350 16930537 9157493 17503409 13463658 16295605 19899545 16474543 8243446 16421286 
11437930 11353154 15288706 22141135 12356424 11193009 21217272 11697179 18528156 16075428 
11613825 12065138 21466803 11434781 22432228 14086322 16928728 13761251 19873208 13036516 
21461826 15361605 17684297 17592241 14785715 24170272 17096526 19664971 19063797 12621482 
14995651 19980067 15379569 16197827 21555663 23535875 22347119 21854438 17187517 15529551 
22356965 22199231 22233803 23969491 19053503 18624606 22885668 22679946 16389513 22353709 
21241729 18996046 23057312 23250989 18317563 22049407 17328826 20765087 23284639 21582074 
22362078 23284943 24609896 19410559 19415616 18714424 20289372 21401214 24705392 24111742 
23974095 24037308 23444205 24122132 24740517 20252379 22255442 23341093 24283619 21950507 
24698232 21404501 23793807 24870807 24008878 23810903 19827845 24666225 23480431 20858447 
24864818 24973042 24948538 24535615 23429058 24889715 24060772 23724918 24451646 24981112 
24460199 25004818 24551496 24386356 24454346 24500393 22495199 22224164 24526346 22691364 
25076642 24564064 24511707 24284883 25238593 25061421 24991137 25161463 24758695 24748003 
24823740 24772281 24785696 24966777 24672665 25195079 25045876 24942359 25052808 24956510 
24767957 24671803 25130129 25050014 24940852 25151578 25014584 24897924 25270903 25129991 
25135328 25017023 24878733 24948652 25055357 24771569 25140230 25256244 24975060 24952683 
19997 19997 19997 19997 19997 19997 19997 19997 19997 19997 
52800 52817 60587 50495 56835 50660 49980 52458 50300 53588 
71983 68877 68139 64836 66645 70381 69054 71591 66426 60312 
80235 76440 83626 83237 93772 92706 88405 79913 87011 87619 
119972 94278 112004 101295 99123 107518 95853 100657 113746 117025 
111532 117992 107710 131755 122215 121548 135995 125266 106772 118913 
137843 129204 143515 153181 137847 121307 145477 111880 138339 139232 
135808 147042 160468 142612 164787 151580 145953 130415 154103 130553 
171490 149814 149214 154706 146563 179633 166749 158290 162052 153700 
164784 175430 162475 146162 176211 177197 180876 189449 174424 145653 
184777 193072 189426 197180 183012 184206 194041 175301 179085 180570 
188776 163443 184130 198700 166019 199472 194464 169973 195013 185770 
203189 209418 211806 196892 205437 198590 194844 200207 210576 205854 
212814 211621 214863 206206 214649 209231 206191 211069 213600 200708 
220934 212539 210890 216960 217515 212860 211866 218315 212078 217717 
222085 221701 223443 221073 216881 222628 220077 209100 215458 223087 
224219 223555 223060 223879 221941 224156 221874 218122 224560 223312 
225382 225116 225232 225652 225445 224653 225504 224828 225041 225250 
225727 225528 226335 225737 225867 226259 225746 225523 225615 226392 
225960 225824 225561 225839 226143 226104 225883 225598 226149 225474 
225162 225756 225908 225642 226490 225732 225546 226098 225509 225788 
19985 19994 19985 19987 19985 19994 19988 19986 19986 19989 
66328 68206 77917 61818 72440 63624 60926 64991 64192 68085 
97171 93639 89606 86186 88508 96227 92080 97449 89413 80154 
109133 106650 113292 117136 128152 128560 122461 111135 120276 121662 
173161 131050 161070 149510 140155 153954 133576 143620 168412 169523 
163406 175938 157834 195420 178063 175828 200855 184200 158836 172642 
211432 192142 218818 234307 204110 184283 218027 163422 210059 204323 
207861 222521 243020 218972 244534 225839 219459 190484 238917 198301 
262061 232911 222174 234450 226903 280516 257339 244894 248427 239506 
247928 280623 249322 219370 275620 275673 285918 297368 269372 225524 
294795 305777 298825 308015 283273 289261 312867 275279 280943 281284 
293232 256970 282616 307895 262141 317220 320454 261690 311562 294249 
320118 332848 337694 314441 336576 310777 310307 312739 344455 333838 
342990 339946 337713 324204 346016 335216 324322 332278 353512 308984 
356279 340723 335925 356369 346060 341265 332726 356235 339824 359842 
359390 357845 362539 356671 352414 356970 358830 335268 342470 360264 
363489 359942 373586 370200 359331 369334 361679 348499 363521 359706 
374580 359917 368041 363686 376589 372428 363078 369029 362901 365618 
367451 371886 372602 374997 367831 364588 369988 377114 369878 367362 
377388 362625 359494 370675 357198 377129 370484 369474 374537 366759 
372911 369352 358045 373733 370975 366645 356292 377251 352376 380258 
9999 9999 9999 9999 9999 9999 9999 9999 9999 9999 
195776 223785 191306 197479 216127 217581 200181 193035 211422 218823 
258613 257000 231220 246626 232914 238659 243667 226377 240772 245655 
265806 255308 251726 255922 266622 257646 269784 247940 272394 267032 
273701 272447 274824 268533 280358 275572 277651 277679 265561 280600 
275698 278225 277281 270506 273229 285954 278588 284955 278940 283706 
283666 288432 291256 295561 279084 280811 294523 269741 293491 286081 
285958 291321 299455 288780 302764 289764 289502 289138 291503 292462 
302396 295883 282358 294779 281117 304920 297526 294233 294511 285177 
290002 291863 297043 291701 290930 297192 304181 300921 292951 298959 
299427 300088 299737 304936 294856 291995 302747 302477 301680 302173 
300961 302657 305812 305317 293167 298826 300078 291650 300415 293692 
300430 305325 306753 304186 301892 298810 299830 302311 306171 307165 
304982 304643 305924 306168 306457 301372 303451 304790 305079 305050 
306459 303184 305997 307843 305226 306265 302665 307857 305259 302815 
309280 308960 307544 308392 306272 307870 306419 307175 308348 309611 
307937 308348 306535 307396 307584 308286 304659 303469 308919 306229 
308813 307318 307644 307718 309048 308340 307848 308286 309129 308282 
308218 307755 309498 308422 309239 309434 308762 308541 309178 309122 
308836 308002 308632 309777 309053 309146 308555 308562 309228 309266 
309562 308077 308907 308182 309553 308599 309128 308852 308820 308572 
19984 19977 19974 19976 19983 19981 19980 19982 19979 19982 
65169 58215 45582 38575 92388 43361 57046 39773 42221 103238 
92726 62956 70195 83621 81317 82178 75933 81218 103395 98889 
77919 97302 76950 102944 102867 117964 98077 111649 88820 120121 
130782 121904 94351 96600 104267 103521 86131 102436 118983 103612 
98511 95780 109919 116118 99963 131439 96890 112477 115962 103159 
107476 138441 128715 127181 115863 138210 121969 136364 136993 116065 
126578 138706 137863 123959 126542 123960 142344 138226 125640 142300 
144211 149189 142383 145929 138718 136850 144077 124345 137659 141285 
133420 133426 133798 145669 141953 146698 150109 133753 143085 149234 
152434 148199 146514 151873 140844 154361 147735 140474 144420 139895 
153209 143693 145559 152524 148408 156206 140885 150653 147138 153334 
151012 154899 156913 156597 150341 155197 156112 147116 158779 157025 
158356 156448 157774 157540 154023 149570 158638 156093 157959 158193 
158798 158922 156711 159443 158876 158544 159092 154423 158443 159555 
160477 157560 160945 160041 159234 157743 159936 160180 160858 159280 
158795 158279 160401 159243 160628 161379 161009 160233 160719 161067 
161448 159495 161313 161305 162187 161877 159423 161529 161782 161942 
162064 162121 161891 162051 162298 160951 161612 161959 161813 161572 
162010 162148 162663 162171 162507 162666 162041 162124 162253 162400 
162532 162457 162325 161815 162741 162024 162078 162737 162099 162070 
19976 19979 19978 19975 19980 19981 19975 19982 19984 19975 
49735 40501 83379 53170 42854 37837 68524 43139 41952 88697 
72470 92774 77212 78016 95101 90383 68169 56844 74396 96994 
120383 95598 113715 97585 78382 95462 113308 80324 92354 73638 
118653 88455 111193 111728 109084 119323 96914 101730 85749 97447 
98203 105142 126118 112408 103261 126055 115617 122980 95025 109485 
125919 109069 119287 116052 127196 113586 103403 109236 125470 133625 
116525 136384 124725 125732 125341 113497 131541 141240 117852 111807 
138482 121399 121101 140807 141410 129679 141611 145827 142654 132245 
148827 129916 144701 133411 125057 131315 143834 148137 134954 148922 
148572 146926 140788 148827 135613 139114 144457 140324 136183 147099 
147971 150784 152452 148883 147687 146392 146450 144805 141070 141684 
150660 148951 153817 150641 151060 153298 151395 150350 151313 151916 
154938 155052 151752 152252 154945 153785 154487 153531 153035 154463 
155997 155742 154725 154959 155061 153662 156586 156015 154773 156529 
155916 153518 156817 155610 155743 156014 153651 154598 155517 151959 
157721 158020 156604 157596 155249 154486 154680 157565 158397 156709 
158078 158123 157028 157889 158162 158429 158846 158465 158527 158859 
158514 159039 158459 158942 158801 158580 158430 158711 158732 158433 
158956 158905 159157 158655 159105 158828 158835 159351 159035 158513 
158971 158957 159098 159464 159370 159502 159514 158769 159061 158876 
