MergeSort QuickSort TimSort OESM Cook_Kim LIS LIS_treap BothAlgo2 DirtyClean4 
9 21 30
853904 853904 853904 853904 853904 853904 853904 853904 853904 853904 853904 853904 853904 853904 853904 853904 853904 853904 853904 853904 853904 853904 853904 853904 853904 853904 853904 853904 853904 853904 
1263589 1287454 1315741 1277045 1277055 1276653 1287757 1270891 1281708 1300742 1279752 1324744 1240581 1257944 1314276 1278541 1288925 1261997 1294729 1307099 1256875 1313823 1292240 1264717 1316261 1274679 1259112 1299276 1299877 1292744 
1355822 1336281 1316511 1328698 1361258 1358952 1333645 1334975 1349512 1354773 1357186 1350174 1366228 1336836 1345627 1368472 1315462 1353288 1328356 1354824 1329553 1333320 1372638 1356801 1346952 1348856 1283846 1343961 1291477 1364036 
1397080 1387721 1392453 1379096 1367920 1391217 1382875 1388108 1360191 1320435 1351033 1390037 1390176 1405447 1373159 1401263 1292297 1388420 1330713 1341807 1394660 1355038 1362844 1350694 1373467 1357183 1365504 1363222 1414369 1358826 
1399796 1416548 1410011 1392714 1411122 1403702 1408675 1416318 1413942 1413060 1405272 1426580 1416481 1381698 1418760 1408174 1410270 1413927 1416942 1400094 1417454 1421111 1407230 1424107 1400441 1410516 1384008 1417657 1411616 1363099 
1431830 1432856 1440817 1442298 1414893 1436178 1429593 1435135 1424109 1418779 1390239 1425255 1415880 1404032 1409341 1442418 1440356 1434626 1434127 1409049 1427766 1420249 1409801 1440260 1436570 1423229 1436871 1425854 1419892 1444297 
1438156 1438342 1458514 1459706 1456294 1457848 1443494 1440116 1445585 1431326 1441117 1438023 1443759 1425771 1433429 1410863 1447058 1451578 1464631 1423758 1431669 1435947 1459572 1445536 1387526 1420102 1461647 1445998 1456544 1465944 
1471038 1452970 1456520 1462367 1468842 1461494 1441939 1472937 1462738 1460788 1416720 1467321 1445841 1465404 1469136 1469703 1476824 1460001 1458113 1450951 1468565 1464735 1475454 1449453 1469010 1465832 1473182 1457311 1473865 1460144 
1464382 1473552 1482528 1468391 1488193 1476268 1453887 1475173 1484130 1489576 1482543 1457662 1473412 1477713 1465229 1477961 1469717 1466427 1467175 1445352 1490584 1480940 1488064 1470217 1476018 1449017 1489808 1445351 1470382 1487962 
1496109 1493587 1498027 1481206 1485650 1500623 1488606 1488600 1494837 1487126 1496524 1484028 1480649 1478587 1493830 1473248 1497326 1489562 1483998 1489677 1487559 1486941 1494175 1494184 1496389 1482504 1482625 1495257 1482644 1485299 
1505098 1475019 1504520 1512246 1506863 1499411 1510951 1506755 1504123 1501329 1497753 1505693 1499040 1494252 1495933 1503787 1486191 1495327 1498063 1502075 1463428 1503095 1502002 1506035 1498061 1503962 1497306 1491359 1505937 1493628 
1502043 1510556 1518821 1513878 1508309 1507231 1506133 1497607 1506774 1502903 1498704 1494450 1505620 1512285 1490045 1511267 1475613 1510362 1496702 1508873 1498705 1503408 1505686 1503512 1494027 1502353 1514183 1511544 1486631 1514543 
1520152 1513828 1515352 1516335 1511599 1506671 1521707 1513395 1520262 1518419 1516293 1521776 1524122 1513162 1502615 1517093 1511538 1515895 1506403 1516886 1507094 1515329 1519780 1487316 1523997 1522642 1519888 1515968 1505284 1518463 
1523669 1528270 1515858 1525621 1495422 1528583 1525172 1529257 1523662 1522193 1523757 1511126 1526522 1521115 1525375 1525341 1512600 1526329 1525799 1524254 1522802 1522288 1527240 1524099 1526925 1523839 1526930 1519083 1519731 1524591 
1528618 1529284 1525781 1530178 1530897 1524106 1529496 1529923 1529542 1529971 1529449 1523615 1531767 1531246 1521097 1528574 1517995 1514446 1531870 1527764 1524847 1525151 1526246 1532592 1530098 1526408 1532143 1531205 1527027 1531479 
1532924 1532235 1533118 1532458 1532506 1533678 1532224 1531933 1531148 1532656 1533386 1533502 1532092 1529293 1533585 1530224 1525761 1533461 1532583 1532199 1530791 1533543 1533361 1533081 1533343 1532757 1515925 1531303 1532856 1530969 
1534711 1534287 1534496 1531852 1534428 1534628 1533527 1535161 1535086 1534819 1533972 1533100 1534771 1534843 1534414 1535051 1535264 1535363 1535287 1534704 1533911 1529676 1534924 1533926 1535253 1534138 1535299 1534987 1535193 1533358 
1535620 1535258 1536056 1535732 1535490 1535903 1534849 1535651 1536053 1535498 1535646 1535755 1536012 1535574 1535726 1536134 1535675 1536273 1535830 1536187 1535854 1535876 1535705 1534316 1535323 1535549 1535814 1535738 1536055 1535774 
1535998 1536235 1536538 1536123 1536539 1536294 1536465 1536076 1536542 1536338 1536332 1536178 1536102 1535878 1536290 1536430 1536258 1536485 1536308 1536230 1536372 1536264 1536373 1536348 1536132 1536158 1536264 1536156 1536146 1536205 
1536331 1536622 1536313 1536618 1536535 1536525 1536219 1536466 1536402 1536698 1536265 1536494 1536454 1536386 1536431 1536125 1536393 1536049 1536116 1535973 1536090 1536698 1536559 1536384 1536624 1536232 1536234 1536455 1536405 1536393 
1536609 1536415 1536604 1536637 1536864 1536352 1536566 1536566 1536107 1536213 1536418 1536219 1536601 1536339 1536352 1536369 1536349 1536330 1536238 1536659 1536512 1536461 1536153 1536307 1536458 1536286 1536405 1536393 1536324 1536170 
1941012 2067181 2037801 1969879 2052152 1933367 1996100 2025050 2242099 2028784 2043649 2003850 2076653 1948312 1998982 2002106 1970122 1985486 2064229 2044255 1992548 2078123 2042335 1916293 2114476 1985858 2018662 2092855 1975262 2013191 
2032973 2049728 2029712 1977539 2001942 2081472 2070127 2075548 2022474 1928215 2071476 2136620 2037350 1998327 2074292 2030770 1970370 2014280 1995668 1970156 1976437 1951734 2094422 1987862 2017540 2060305 2015565 2027561 1958812 1974995 
2127338 2054551 1941335 2038464 2144474 1939595 2015732 1948177 2138506 2150513 1956874 1978545 2073118 1978593 2200982 2005590 2183389 2067311 2119807 1969006 2080526 2098400 1936875 2008467 1920348 2030575 1969939 1999153 2022965 1974241 
2151288 2073661 2013046 2012905 2018049 1973009 1999221 2051495 2085186 1893470 2070085 2115787 2081257 2080918 2046036 2069533 1970935 1969306 1964556 2010220 1903742 1975188 1963156 2073116 1994849 2030159 2038406 1996986 1983098 2021508 
1955144 1989374 2012938 2026790 2021854 1922681 1950952 2067997 1910292 1939940 2137338 2031277 2035072 2088677 2006857 2055164 1967430 2013756 2018200 2009207 2002202 2020761 2063166 1960289 2015752 1982086 1979632 2001001 2022056 2142750 
2007735 2068702 2014053 2008126 1915319 2008558 2025578 2044381 2001472 2043058 1998605 1989767 1971772 1972912 2037415 2093438 2070345 2046475 2061757 2168623 1958173 2099708 2023176 1951245 1971832 2123930 1962060 1981942 1942855 2060405 
2031352 1997378 1946529 1985285 2012922 2023033 2104944 1947051 1975376 2007290 2041639 2074754 2090214 1950349 1986485 2007437 1959807 1929422 2034122 1995626 2017222 2055250 2093688 1923192 1956162 1950858 2094631 2013752 2034876 1943700 
2001353 1942879 2125827 1993994 2054397 1973536 1990916 1978905 2053418 2033113 2181560 2047392 2082743 1901279 1982727 1997148 2021325 1939937 2005197 1987597 1958173 2228002 2073351 1999071 1987146 1935441 1961440 1922714 2091113 1998368 
1952949 2008073 1933611 1951067 1950951 2037157 2047622 1947621 2007135 2056700 2053775 2026035 2010578 1944002 1952421 1989146 1868272 2052523 2042984 2109309 2085362 2009028 1985548 1952039 1997612 2038825 1956664 2139641 2101254 1984426 
2130154 1943899 2057607 1915150 1988074 1994701 1990604 1997719 1971052 2001313 2007865 2044533 2068281 2066392 2226515 1913620 2097619 1978672 1918870 1991563 2033097 2044857 1987707 2212606 1965688 2041213 2125554 1920299 2101151 2119884 
2039968 2044610 1972025 1981357 2034015 1983005 2115066 1999196 1934635 1951855 2188155 2087016 1942658 1916535 1972484 2056926 2021977 2161981 1957075 2091440 2122103 1907901 2022801 2110787 2026616 2041001 2020144 2108337 1941992 2012145 
1997286 1936817 2056809 2052675 2072515 2103347 1961397 1947913 2024162 2014290 2069129 1962054 1987761 1990398 1946811 2010305 1959189 2010470 2015976 2021701 2020550 1986609 1955106 1923078 2034012 1973334 2014881 2071607 2130206 1995848 
2050379 2007840 2045455 2019811 2050675 1893711 2003127 1939577 1953370 2118694 1964358 1965340 1982451 1989432 1971568 2036890 2087073 1992201 2031085 2171822 2114334 2055232 2040509 2094104 2051203 2010035 1986248 1951410 2045804 1934670 
2057069 1947858 2113214 1969816 1913563 1982346 1999071 1991466 1989976 2022600 2014591 1916763 2024350 1955437 1998432 2061754 1999324 1924086 2034766 1930297 2051894 1965330 2047160 2106852 2064523 1968854 1949438 2017832 2044596 2070116 
1907493 2160890 2151094 1993794 2008289 1963395 2093373 1956351 2055117 2014444 1965656 1950233 2050151 2049461 2150345 1955050 2088408 2077256 2188296 2172731 2009411 2127112 1975576 2079280 1996328 2004972 1924260 2105241 2024326 2019987 
1964115 2044312 2066119 1987642 2011772 1966040 1982962 1971015 2065020 2017284 2060206 2056453 1960456 1965108 1993251 1999325 1924352 1913492 1923352 1956516 2003699 1948962 1925305 2053386 2124908 1987670 2092598 1983208 1994636 2035540 
2020293 2023726 2022761 1983802 1994101 2004222 1963145 2029623 1966898 2098704 2182960 2067132 1969316 2010746 2114134 2048987 2004382 1996492 2059498 1953322 1978534 1937850 2048700 1965835 1999049 1973058 1964392 1963661 2001845 2023219 
2023362 1964591 1964239 1898231 1986461 1918175 2025370 2072928 2050275 2012261 1977154 2064791 1957038 1990434 1991500 2017704 1934659 1929785 2118896 2029511 2021483 1984441 2043843 2106905 2150596 1939146 2069836 2267837 1980672 2072095 
2110459 2026221 1954209 2000585 2097564 1957944 2004915 1944479 1980325 1976829 1982875 2082622 1966352 2041359 1904374 1993000 2040272 1953746 1935100 2054809 2033071 2133650 2069107 2000679 2030358 1999922 1952414 2048721 1995593 1971415 
2096187 2070343 2013817 1964590 2014471 2106874 2005353 2036257 1966316 2029072 1987599 2140291 1992712 1992603 2065038 1986752 2020433 1970649 1922896 2068506 2053230 2106824 1935856 2114885 1975697 1993099 2060335 2085449 2105811 1962033 
2051513 2093296 2026008 1969855 2033050 2026138 1955943 2153891 2058201 2026907 2005000 2045345 1948591 2035069 2059979 2140373 2091678 1993098 1997352 1980455 1977216 1926819 1989399 2050264 1995528 1974465 1988056 1986844 2021772 2062101 
724843 724843 724843 724843 724843 724843 724843 724843 724843 724843 724843 724843 724843 724843 724843 724843 724843 724843 724843 724843 724843 724843 724843 724843 724843 724843 724843 724843 724843 724843 
1179605 1205798 1243491 1202629 1207519 1195397 1206030 1194763 1194149 1223615 1192820 1245297 1183807 1186656 1236249 1194325 1196195 1172922 1211678 1222085 1180705 1229660 1217318 1183067 1239932 1201122 1184358 1216999 1229992 1218317 
1326337 1305912 1275673 1300161 1337655 1329966 1302144 1301109 1325291 1327691 1320595 1318592 1335185 1314723 1316649 1354261 1287334 1331893 1282485 1341558 1291317 1307576 1347366 1327419 1323728 1338427 1250519 1314727 1231667 1346682 
1434443 1402173 1418737 1408961 1391233 1414480 1412783 1405630 1383550 1320034 1364288 1410008 1419511 1441823 1389018 1443644 1300348 1414686 1344073 1345014 1421260 1369715 1376414 1355182 1394656 1380980 1385890 1375996 1443871 1380025 
1464788 1490980 1475101 1479565 1476725 1466528 1490334 1494208 1492049 1488482 1481790 1521995 1497861 1437521 1498156 1487248 1485852 1480041 1497306 1462553 1491826 1495485 1479097 1510593 1453758 1490415 1447475 1492719 1493690 1402994 
1559880 1551002 1565963 1566074 1524788 1572012 1555659 1564803 1542587 1532539 1472308 1533444 1507201 1519374 1528975 1566524 1562336 1557797 1551287 1521656 1545576 1534852 1518541 1557354 1565717 1537603 1560028 1549377 1541462 1570919 
1598725 1579711 1627555 1636948 1623059 1632799 1599092 1592119 1607221 1586289 1591431 1607631 1583712 1552335 1587044 1546456 1619723 1617836 1647607 1546904 1585091 1592948 1638930 1593182 1501291 1559618 1641260 1603899 1610191 1646113 
1675144 1661647 1640943 1672366 1674240 1661891 1641107 1687861 1679060 1667924 1577747 1689934 1643869 1672790 1683307 1676617 1705245 1664008 1662607 1643898 1674082 1685461 1711734 1635252 1680929 1672423 1690953 1660585 1693944 1656405 
1701567 1715973 1727783 1694180 1753249 1704711 1688299 1708753 1743392 1751206 1738304 1699228 1701858 1731637 1699712 1723929 1710937 1701149 1695086 1678739 1755557 1729435 1757897 1693128 1730082 1652539 1745441 1662489 1702153 1743330 
1790384 1774185 1801937 1738032 1770965 1809747 1766714 1770055 1790073 1761916 1801792 1760352 1760615 1733758 1778839 1735005 1810065 1771947 1741889 1779955 1777742 1761491 1781681 1784896 1794804 1748522 1760881 1791211 1756762 1767327 
1846115 1761736 1836587 1860567 1837634 1827960 1857766 1857776 1842737 1826761 1826232 1851157 1829839 1809488 1808404 1838514 1780942 1805526 1817150 1832104 1723599 1832683 1826284 1839485 1817273 1832900 1808984 1783397 1844609 1800877 
1837650 1874983 1897965 1881666 1871132 1863827 1855311 1834229 1877400 1849182 1820604 1821662 1861120 1870757 1816918 1874380 1795811 1869550 1834582 1862547 1839006 1846117 1863859 1846825 1815032 1842224 1890797 1876576 1776690 1895648 
1927684 1895505 1905082 1918392 1896875 1882317 1931207 1904504 1920947 1918996 1914601 1928191 1943197 1882166 1860562 1914444 1883554 1911797 1873517 1908386 1871942 1890270 1915234 1834446 1947107 1938791 1920205 1914550 1887141 1928366 
1942913 1977078 1911599 1963632 1844503 1975772 1961652 1983542 1950900 1944378 1941821 1904634 1958691 1937710 1962482 1954683 1902159 1964731 1952042 1946878 1941907 1956115 1969043 1943720 1960686 1959239 1967641 1932594 1927267 1954808 
1982880 1985585 1970295 1994592 1999289 1961188 1993130 1985407 1984712 1998561 1984124 1963835 2000870 2002087 1934282 1981278 1923970 1930009 2008536 1977138 1963193 1969836 1972427 2015530 1992666 1963573 2001105 2003268 1977231 1999001 
2012579 2006135 2017200 2010871 2011370 2015451 2015953 2011619 2006401 2018003 2014072 2012975 2011894 1990018 2019864 2003339 1974976 2016480 2008114 2010872 1992586 2021550 2017157 2021337 2014093 2015294 1928358 2004682 2018305 2002858 
2031428 2024478 2023253 2012043 2032053 2033389 2021973 2038451 2035761 2037413 2019192 2020159 2032881 2028569 2029322 2032745 2036682 2033699 2032853 2030795 2028674 1986144 2033544 2030821 2032400 2021008 2035787 2036474 2034547 2020636 
2036248 2038262 2043096 2042757 2041794 2045347 2032047 2040108 2042510 2036640 2040980 2042292 2040138 2043156 2040618 2046220 2046157 2043949 2043459 2046517 2043260 2043886 2039551 2032302 2038943 2039990 2043208 2035234 2043376 2035784 
2046593 2048111 2048243 2045467 2047802 2047111 2046803 2045545 2047262 2048842 2045356 2044528 2046762 2048103 2046945 2045403 2049552 2047345 2042837 2047148 2048208 2050362 2048104 2050068 2044736 2047041 2047581 2047685 2048759 2048623 
2049009 2049348 2047581 2051038 2047870 2051045 2047519 2049366 2048378 2048297 2050717 2047069 2049134 2051513 2048607 2047525 2048829 2046534 2048603 2049455 2051268 2050042 2051163 2048064 2049928 2049738 2047216 2049811 2046240 2049729 
2047663 2049663 2051601 2051781 2047489 2050082 2045475 2050046 2046235 2046309 2050425 2051842 2049902 2051144 2049936 2048393 2045349 2047010 2047167 2048421 2050337 2048129 2050105 2046707 2047470 2051280 2050977 2050763 2051897 2047184 
99999 99999 99999 99999 99999 99999 99999 99999 99999 99999 99999 99999 99999 99999 99999 99999 99999 99999 99999 99999 99999 99999 99999 99999 99999 99999 99999 99999 99999 99999 
1302339 1345305 1414995 1329484 1359909 1384342 1363802 1303227 1350854 1373477 1318305 1427339 1293012 1281593 1421693 1341368 1355285 1270348 1376770 1382150 1324831 1397259 1356632 1317641 1429060 1317452 1280963 1381718 1405240 1391173 
1447539 1408194 1403198 1414709 1467009 1459481 1427626 1415289 1456279 1477476 1469595 1449045 1472119 1424963 1438957 1487409 1410642 1453249 1433278 1447089 1423826 1447160 1485993 1464752 1455891 1454738 1320065 1430672 1317457 1475034 
1509723 1492264 1489263 1485221 1465623 1509482 1480524 1502603 1458753 1395941 1442143 1508351 1500934 1521225 1459680 1522876 1340211 1488262 1369029 1419741 1500221 1448497 1454060 1447049 1482373 1467646 1442379 1441890 1538572 1464367 
1509912 1520898 1516219 1471679 1521366 1504879 1513505 1532631 1508172 1519907 1517672 1539714 1548401 1489228 1537254 1510422 1529722 1530184 1521716 1511165 1523827 1531905 1525987 1545313 1507055 1528643 1474232 1540655 1526714 1454715 
1547250 1553018 1553257 1546840 1505558 1545756 1528531 1548501 1529636 1514648 1483089 1528023 1523091 1490185 1502728 1553456 1537396 1539205 1530408 1504386 1537634 1526478 1511985 1552957 1539585 1508220 1539587 1524683 1520726 1562665 
1539020 1546001 1561823 1548583 1554457 1556064 1553438 1542615 1545304 1532655 1535166 1531952 1560225 1527944 1537913 1508205 1547586 1554357 1571986 1515371 1529530 1538030 1561094 1544908 1467616 1498128 1569466 1551003 1563528 1572092 
1572620 1553571 1556114 1559302 1568333 1555774 1552117 1578194 1549580 1550011 1483127 1564366 1526573 1566518 1566771 1570032 1573920 1559859 1561400 1544373 1569669 1567832 1573823 1548069 1558061 1564993 1572736 1562759 1567909 1559564 
1547152 1565506 1572825 1566626 1577367 1570822 1532569 1572056 1575442 1580884 1579001 1547384 1566418 1570009 1559995 1571636 1561207 1561433 1562180 1533729 1577309 1574661 1583395 1565126 1565686 1542727 1580446 1522880 1564338 1583636 
1581467 1577535 1584602 1567680 1576636 1588922 1575771 1575745 1581400 1579809 1586302 1575274 1559643 1579219 1580582 1555889 1579428 1578052 1571130 1584541 1580885 1582680 1578695 1576822 1584081 1577105 1574733 1581152 1568550 1568798 
1584698 1551653 1585613 1589048 1586118 1581753 1586743 1584068 1588548 1581092 1579517 1587533 1582397 1582540 1580162 1580269 1577339 1583978 1578169 1583674 1543347 1584606 1580798 1586792 1578696 1583284 1577594 1579861 1586193 1571380 
1577541 1585590 1590306 1588328 1586355 1585564 1585080 1575878 1580529 1577240 1578383 1571303 1580537 1586306 1570454 1588702 1554080 1587827 1576836 1586766 1576180 1586205 1582186 1578157 1569364 1583997 1586917 1586516 1570220 1589136 
1589576 1589621 1587992 1588404 1582485 1581403 1590732 1585054 1589862 1587921 1587403 1589430 1590112 1589202 1575526 1586874 1583649 1587740 1585671 1590532 1577708 1589429 1589303 1557597 1591871 1590760 1590185 1586855 1573880 1588530 
1592304 1589584 1588574 1589581 1574482 1589700 1589135 1589880 1589068 1590693 1588940 1583280 1590982 1591732 1590859 1590559 1584789 1591057 1591529 1589834 1589862 1590165 1591679 1589019 1590524 1589567 1590263 1582914 1590231 1590303 
1590624 1589140 1588609 1590537 1592191 1589487 1590581 1591493 1589966 1590710 1590311 1587964 1591353 1589682 1590752 1590852 1588284 1588607 1590055 1591226 1588380 1590410 1589743 1589611 1590122 1590247 1590548 1590421 1589738 1591059 
1590437 1590097 1591317 1591072 1590047 1590593 1591073 1590163 1590724 1591099 1590498 1590855 1589727 1592197 1591678 1590327 1591089 1590626 1591454 1590512 1590727 1590961 1590555 1589981 1590534 1590920 1583463 1590530 1591206 1590740 
1590811 1591007 1590533 1590146 1590945 1591078 1590955 1590826 1590954 1590438 1590604 1591273 1591068 1591232 1591442 1590419 1590635 1590379 1591101 1590696 1590083 1590690 1591026 1589983 1590869 1591124 1591097 1590897 1591140 1590148 
1591095 1590670 1590711 1590771 1591259 1590611 1590234 1591211 1591050 1590838 1590779 1590733 1590418 1590585 1591247 1591367 1591404 1590568 1590883 1590819 1591011 1590679 1590661 1590674 1590616 1590385 1590900 1590877 1590422 1591382 
1590813 1591184 1590648 1590907 1590694 1590675 1591187 1591011 1590426 1591028 1590621 1591091 1591191 1590679 1590326 1590958 1591422 1590673 1590715 1591011 1591168 1591058 1590972 1590355 1590308 1590618 1591212 1590920 1591231 1590999 
1590874 1591316 1591140 1590827 1590605 1590017 1590552 1591141 1591365 1590925 1591017 1591575 1591154 1590838 1590829 1591131 1590952 1590796 1591150 1591056 1591042 1590781 1590935 1590936 1590711 1590930 1590796 1590420 1590868 1590613 
1590801 1590944 1591133 1590899 1590600 1590898 1590646 1591137 1590713 1590904 1591041 1590694 1590835 1590746 1590775 1590753 1591256 1591173 1590718 1591524 1590804 1591110 1591565 1590772 1591329 1590302 1591253 1590612 1591260 1590911 
99999 99999 99999 99999 99999 99999 99999 99999 99999 99999 99999 99999 99999 99999 99999 99999 99999 99999 99999 99999 99999 99999 99999 99999 99999 99999 99999 99999 99999 99999 
634743 678333 661079 806015 676851 2217775 680235 663999 710949 711210 591867 1325539 666000 682489 790825 710686 628449 574103 749560 778365 668468 624275 765694 656281 1351141 951367 704642 657729 871442 1076521 
2266034 1094056 1020388 1313722 1192340 1271579 930459 1306212 1652400 2165053 1423733 1003464 1419911 1030554 1033312 2267311 1909314 1222354 1102234 1331532 2148188 1155338 1318650 2264986 1233923 1081314 915658 2142672 869941 1845175 
1662438 1953247 1626592 1554757 1507664 2546203 1769766 2223729 1471643 1391277 1549175 2470553 1444145 2225192 1362328 2595680 1087046 1346379 1067788 1612428 2598706 1537040 1344498 1503507 1907776 1470793 2149247 1506082 1964851 1466486 
1813241 2567057 1905737 1740347 2874139 1539272 1765619 1990854 2835790 2514720 2337407 2570802 2171930 2567625 1942261 2294786 2399804 2145515 2212406 1844530 1662724 1759705 2365778 2450928 1718800 2151726 1626588 2383925 2318535 1396571 
2217715 2322683 2722020 2874610 1989032 2700843 2106219 2925424 2603071 1875626 1917914 2566363 2607764 2295747 2501761 2879034 2629611 2131626 2630669 2401495 2325402 1975310 2739623 2742354 2806041 1899546 2658368 2048307 2361161 2376248 
2355460 2041207 3113531 2315205 2754820 3083907 2580310 2218340 2473262 2354592 2696638 2659660 2943641 2689141 2315500 1980955 2706249 2409874 2919431 2102935 1962804 2534954 3084210 2698899 1750561 2742557 2664070 2990829 2868449 3122594 
2892711 2823714 2987987 3023176 2893318 3040708 2373762 3197472 2302168 2993081 1909497 2926355 2408156 2990230 2763170 2971241 2867827 2788585 2966285 2697909 2856674 2884811 3123025 2552422 2594335 2727815 3188820 2736001 3090036 2978804 
2885642 2538840 2960660 3018288 2997097 2879389 2491774 3157335 3176630 3174171 3098094 2550953 2962602 3055857 2999790 3098029 2783471 2947082 2764146 2750352 2938726 2964478 3083121 3028361 3180126 2763072 3178139 2337944 2917661 3102055 
3178166 3181685 3178380 2774071 3025006 3217495 2953926 3078012 3180503 3159879 3113345 2972326 2507114 2799928 3193989 2986169 3180154 3095775 3156425 3157506 3089150 3180404 2878532 3088614 3176539 2908798 3116946 3117137 3148709 2856016 
3176631 3056770 3205590 3195322 3134530 3057536 3225115 3216424 3200796 3195373 3238921 3213829 3024599 3152715 3022380 3170282 3132011 3137755 3004983 3205574 2943742 3198487 3164779 3212595 3106180 3208003 3103059 3196490 3177401 3130732 
3161051 3230328 3244422 3178876 3195498 3198567 3203786 3088703 3216379 3179673 3168106 3008943 3227721 3206213 3135835 3203621 2832562 3183148 3028406 3231985 3145524 3203891 3235948 3014924 3168563 3179719 3221402 3221127 3027057 3148760 
3213989 3208718 3202957 3224384 3219488 3094558 3234472 3196296 3243963 3223091 3233553 3252461 3225308 3189857 2940609 3228292 3049984 3208120 3203952 3198422 3182728 3210747 3231123 2871384 3250425 3245516 3281715 3232778 3180914 3237870 
3204495 3212610 3203364 3247138 3101867 3263302 3255418 3203479 3207096 3231514 3223294 3084195 3247936 3219501 3237706 3225290 3213824 3259734 3238222 3225387 3208838 3278802 3161090 3244169 3266673 3191093 3245835 3202061 3227789 3204756 
3223844 3258892 3178702 3254852 3227404 3235386 3179988 3222377 3198220 3258263 3216039 3227276 3215772 3260645 3208904 3242847 3198274 3220265 3254645 3246750 3245050 3174351 3183917 3229660 3200780 3194840 3255304 3230658 3263407 3187332 
3260367 3239896 3195957 3213603 3208830 3253816 3208954 3242157 3230725 3214897 3219428 3206340 3206282 3180094 3227325 3258027 3242143 3251241 3170004 3204355 3212029 3264972 3196097 3232133 3224179 3241911 3170073 3234509 3213806 3256826 
3192789 3212976 3231178 3239713 3243055 3274499 3217688 3197056 3226552 3236459 3227343 3228725 3202783 3241393 3247298 3263457 3256517 3228271 3204465 3196094 3230939 3246150 3243004 3269081 3256078 3227364 3249060 3234407 3211757 3230568 
3230211 3229360 3210251 3228867 3212647 3183035 3209020 3189900 3192156 3226022 3252492 3225481 3230407 3233298 3203404 3194589 3217053 3234491 3220891 3249037 3232486 3258864 3256918 3228950 3231845 3228434 3222273 3227163 3246211 3221326 
3233844 3214722 3224052 3205334 3222956 3195101 3211417 3269120 3219366 3221178 3222091 3222306 3244800 3219789 3223217 3205218 3223456 3215013 3229525 3184783 3245932 3224597 3229032 3192475 3227841 3227443 3168555 3212198 3249293 3257731 
3253761 3227423 3226476 3208722 3246444 3244036 3234402 3208446 3260174 3200027 3219767 3194358 3241704 3238632 3201792 3235599 3218663 3188408 3234395 3213949 3248654 3203257 3183351 3229298 3213810 3241657 3184005 3227918 3231398 3235517 
3254427 3226342 3251846 3227823 3233341 3199364 3265553 3213694 3245637 3186688 3255968 3208139 3189283 3240573 3238109 3237029 3227915 3254928 3209302 3254555 3218702 3220091 3215177 3226656 3226289 3207705 3222540 3198789 3240960 3204164 
199997 199997 199997 199997 199997 199997 199997 199997 199997 199997 199997 199997 199997 199997 199997 199997 199997 199997 199997 199997 199997 199997 199997 199997 199997 199997 199997 199997 199997 199997 
651371 661157 657502 689862 648513 937440 657012 667072 653779 666454 630319 754597 651084 667732 682145 661737 649953 632531 666834 671168 649241 649317 692853 643958 767782 697851 669530 651242 687376 733281 
1205397 983603 976290 1035330 1016949 984113 902030 982633 1045649 1157933 992861 933781 1005507 957779 963964 1234126 1101806 994427 914535 1018023 1095229 969739 1003902 1246847 985074 1008605 931533 1132091 882286 1128234 
1335359 1322870 1329658 1342245 1276292 1489586 1330457 1424004 1247626 1216883 1278885 1476430 1272663 1529590 1240560 1630252 1122369 1253999 1157064 1219490 1552723 1253818 1209996 1187175 1380470 1256620 1424494 1239960 1394519 1241346 
1543089 1740667 1562823 1668805 1911638 1522461 1595409 1635454 1828728 1706072 1678508 2037425 1706306 1581045 1607585 1669460 1748125 1574920 1628955 1567885 1543761 1549976 1674286 1807699 1446659 1651873 1479774 1717110 1723887 1367772 
1906327 1905386 2073470 2163919 1807179 2081722 1902867 2155543 1954840 1808942 1666992 1911056 1863457 1957872 1951959 2280702 1999285 1878862 1950981 1896760 1949718 1812563 2000205 2052787 2149607 1785694 2045848 1922043 1926378 1914948 
2141114 1960218 2534615 2168313 2297153 2414566 2135653 2049695 2180928 2076399 2197995 2295089 2127964 2015949 2093642 1967084 2288990 2190007 2567394 1886879 2025194 2145428 2499693 2168987 1792507 2094663 2287520 2298607 2194285 2546447 
2523841 2519040 2465993 2461853 2421510 2524718 2313721 2807162 2358319 2673419 2092092 2595395 2344365 2604068 2449071 2518134 2661405 2505199 2623438 2342354 2637475 2646469 2785173 2303147 2380803 2408295 2811223 2503098 2698271 2599148 
2721000 2571233 2729867 2595557 2862339 2632867 2531827 2730461 3036518 2961626 2923485 2521625 2669559 2796056 2715306 2692660 2666691 2672149 2627480 2618678 2768177 2741774 2856524 2734480 2868079 2542171 2980421 2409872 2600998 2804604 
3209008 3020754 3203114 2704336 2882205 3340095 2927614 3004815 2998321 3030999 3124476 2889320 2785402 2697787 3101964 2787021 3250604 2939341 2963300 2939496 3042233 2898483 2909899 3024626 3144094 2820218 3054934 3083820 2926394 2926143 
3433736 2913603 3389345 3396221 3242364 3342274 3374360 3473650 3307177 3144198 3351233 3402647 3120048 3162678 3127264 3318889 3111905 3109572 3033509 3276133 2768091 3275636 3336957 3375337 3120173 3291786 3086270 3132141 3427379 3028471 
3255401 3541864 3506665 3456045 3528513 3374323 3300068 3249695 3498603 3303503 3238096 3090124 3413999 3424905 3148243 3512950 3084840 3402018 3285807 3410641 3313845 3368559 3400183 3316353 3145036 3402782 3555685 3460025 2985652 3622223 
3694365 3627058 3635858 3577040 3565746 3403313 3729888 3620060 3638547 3690744 3601106 3706634 3687888 3420222 3406131 3620416 3403129 3616703 3512198 3620372 3384082 3507935 3638091 3234409 3693498 3773001 3698298 3591987 3549164 3700955 
3731378 3901547 3605462 3888756 3291084 3934500 3853322 3904492 3784606 3719853 3700689 3466745 3820219 3740138 3822890 3733051 3503185 3847834 3791146 3740264 3697892 3830625 3830639 3809510 3806680 3795336 3878702 3746092 3639137 3849457 
3915153 3922444 3821292 3964842 3960081 3879948 3948467 3904317 3873646 3946080 3941401 3806410 3999086 4005957 3676636 3892999 3606876 3713775 4025776 3831948 3765658 3857127 3835518 4062824 3953204 3833598 3966199 3985178 3868482 4000150 
4013543 4014656 4034218 3987013 4004143 3991742 4041152 3992737 3996132 3998528 4024999 3995169 4000469 3948544 4032926 3955641 3893382 4041842 3991290 4021203 3953964 4062067 4049129 4028219 3959164 4037687 3684618 3992937 4013380 4015424 
4082596 4047605 4041260 4042687 4086952 4055176 4041851 4115788 4075172 4080273 4024708 4028253 4057033 4054591 4061575 4084344 4071634 4091351 4104817 4066654 4060943 3911557 4083726 4063070 4070055 4057032 4081791 4091288 4104751 4027927 
4075889 4104278 4121019 4139897 4116285 4144013 4083476 4095356 4154752 4128267 4103389 4115414 4092424 4103819 4112651 4102981 4133132 4105778 4139631 4120049 4135308 4116582 4109013 4045506 4109815 4130098 4129907 4099121 4147108 4097997 
4129671 4117010 4102010 4123892 4134483 4127124 4129506 4114853 4118355 4162715 4118933 4119898 4167372 4111953 4125471 4089558 4141253 4125040 4129475 4117319 4135929 4126208 4151597 4133629 4125684 4123479 4142212 4122880 4122128 4107917 
4105010 4114058 4139409 4122657 4145396 4139422 4137115 4093051 4106147 4155724 4134306 4129911 4155855 4151520 4107371 4126622 4114588 4139255 4110095 4115875 4131267 4147585 4128532 4139318 4109471 4114657 4148677 4133916 4118718 4170273 
4177561 4116325 4118516 4120621 4119822 4114271 4138217 4118194 4113179 4134457 4114337 4156340 4130463 4129726 4108951 4125832 4111729 4113273 4124148 4121194 4140441 4144467 4126583 4129319 4123232 4132029 4109735 4128828 4101340 4131952 
199985 199984 199985 199984 199985 199983 199988 199986 199983 199986 199984 199988 199988 199984 199988 199974 199987 199985 199986 199984 199984 199987 199984 199992 199990 199983 199988 199992 199989 199983 
749655 750643 737909 768066 727118 995168 729303 750707 734575 741441 712493 827810 730008 756146 740917 742536 734123 717970 745785 744236 727353 736431 784469 711457 834696 775462 750015 746200 772823 802064 
1317690 1122325 1122559 1155052 1135374 1088496 1038644 1102667 1147386 1254967 1092795 1041757 1129735 1064653 1086572 1369208 1210998 1101428 1025897 1139751 1196765 1080889 1116060 1371858 1096464 1136371 1048637 1242234 1016756 1225950 
1462458 1451467 1520734 1508851 1477193 1676364 1514411 1579707 1402429 1413550 1435181 1655983 1441527 1686322 1412448 1811882 1264155 1414876 1328779 1346865 1720441 1447160 1396034 1346177 1532583 1390142 1620051 1401488 1535213 1385868 
1756509 1960771 1800139 1854269 2101504 1756177 1804331 1855217 2076446 1952381 1866241 2295269 1929257 1779389 1843537 1916625 1961521 1811056 1852656 1781449 1746966 1766861 1861611 2096483 1633621 1846916 1711136 1961823 1896568 1540265 
2149567 2190933 2340521 2466315 2111663 2391836 2253597 2475241 2254283 2125523 1936883 2128320 2113997 2294083 2209069 2582553 2284112 2161597 2274924 2126196 2239861 2110886 2257653 2374109 2430402 2090267 2348597 2236907 2195514 2180948 
2463584 2223541 2881950 2469637 2642854 2816175 2484588 2334827 2482013 2339639 2521102 2609412 2459353 2334455 2409762 2252360 2655309 2529290 2954912 2246649 2354872 2433788 2942197 2499538 2135036 2377916 2693401 2627708 2491040 2940929 
2897320 2916524 2796718 2874431 2832951 2944785 2635950 3239089 2706173 3093755 2426418 2980083 2761077 3053948 2817735 2946396 3088268 2942519 3047204 2693946 3020562 3039972 3218878 2705134 2787489 2729446 3316051 2886364 3079134 3027241 
3159189 3019555 3294321 3006125 3363563 3077548 2996236 3201089 3584881 3460393 3469729 2949448 3167764 3301708 3168546 3173833 3102735 3088830 3008288 3088910 3285593 3223022 3417179 3249031 3399041 2961533 3511944 2882477 3113081 3302157 
3805795 3593217 3854447 3230728 3398987 3859576 3384154 3561370 3501463 3597658 3737373 3380195 3344720 3153592 3601904 3323116 3807605 3533909 3452289 3548752 3673378 3475292 3404060 3534255 3760064 3237820 3610619 3631934 3515495 3397797 
4077877 3521606 4040501 4153246 3861179 4021937 4040621 4165910 4026221 3741631 3957726 4087123 3705972 3773031 3713586 3966582 3622439 3698411 3601711 3929218 3254840 3845412 3895281 3989209 3692689 3924475 3690955 3644392 4102140 3619791 
3820651 4274391 4241323 4164446 4192182 4024414 3916436 3873773 4200368 3974003 3829617 3656633 4019945 4009776 3808809 4189072 3747434 4114896 3874714 4072881 3948231 3955380 4205477 4023972 3785859 4023588 4264366 4253124 3603085 4204011 
4445923 4385901 4307563 4214464 4264589 4088579 4542922 4251897 4359379 4444423 4422543 4518709 4439477 4156102 4176182 4357784 4207908 4371961 4191293 4439417 4019033 4267200 4432945 3815428 4426676 4580991 4377404 4279897 4242878 4387626 
4547289 4683060 4301493 4729983 3918335 4781041 4726764 4703140 4626688 4411239 4437215 4219909 4623674 4466199 4703999 4443682 4253829 4597158 4576687 4561173 4519166 4587328 4657769 4658903 4617210 4555193 4672730 4504002 4359596 4628283 
4692101 4674879 4665698 4760302 4799475 4651607 4846776 4727907 4608384 4846640 4751670 4544906 4892281 4810993 4346432 4728447 4351491 4483025 4998521 4659022 4560885 4711301 4669403 4829671 4803845 4667595 4838070 4796615 4707459 4810646 
4907793 4850935 4884470 4875683 4891951 4927004 4867223 4815361 4889583 4991693 4847525 4857723 4982930 4777417 4948455 4739577 4634560 4998698 4868553 4926491 4921498 5055473 4772103 4973029 4825368 4990895 4422508 4752879 4929178 4841198 
4895851 4960819 4960146 4841878 4972090 4984784 4886658 5071093 4960177 5047222 4819328 4883059 4879829 4971249 4937329 4938977 5023563 4975531 4907231 4929572 5042762 4715867 4832293 5090176 4920858 4937195 4958141 4968748 5032956 4847634 
5061811 4888929 5021010 5010813 5198782 5008429 4996190 5037870 5063588 5004453 4978916 4932511 4960715 4989864 5026445 4971924 5194745 5098434 5005443 4996763 5000054 4996374 5000362 5042599 4955609 5010055 5032848 4921115 5045514 5002032 
4999865 5070105 5013047 5034012 5021609 5036313 4980030 5033430 5106733 5132051 5060708 5006567 5065757 4986448 5055330 5117839 5093821 5012227 5100275 5031338 5019338 4981882 5097083 5040266 5095714 5068065 5074527 4989912 5050710 4978992 
5046034 5045020 5078626 5043598 5148679 5101310 5073792 5139749 5002997 5054940 5032367 5002529 5130402 5005846 5166724 5143290 5088236 5165650 5206315 5150382 4919165 5025609 4983656 4995166 5074237 5077592 5115890 5087187 4981785 5111487 
5115179 5022079 5007418 4967517 4977752 4959379 4972119 5083588 5170996 5034880 5060065 4968095 5105947 4997218 4905499 5142594 5234537 5045172 4980747 5052041 5024235 5078748 5098496 5006551 5006361 5079113 5067025 5090716 5071419 5024951 
99999 99999 99999 99999 99999 99999 99999 99999 99999 99999 99999 99999 99999 99999 99999 99999 99999 99999 99999 99999 99999 99999 99999 99999 99999 99999 99999 99999 99999 99999 
2946165 3144677 3263915 3198019 3201167 3456026 3201251 3209547 3257002 3256577 2928413 3195837 3273669 3086866 3235676 3052898 3176335 3218450 3291822 3110899 3248118 3157825 2900741 3228044 3174570 3114835 3235481 3194008 3258585 3257670 
3701108 3565925 3155746 3606650 3530956 3563571 3445012 3605661 3506735 3538028 3476206 3471765 3578749 3327663 3518953 3472650 3604446 3544864 3606273 3521658 3562484 3581362 3522351 3585344 3556586 3320761 3458620 3442322 3219962 3583296 
3763319 3791805 3523226 3744789 3681486 3664916 3594373 3698557 3531479 3564332 3448068 3672445 3497399 3756246 3694594 3719251 3702540 3656982 3413836 3292587 3812793 3642044 3744156 3581358 3674105 3585229 3447300 3734526 3685306 3729856 
3846048 3835518 3776573 3692283 3912855 3743109 3861912 3728144 3863101 3748919 3848008 3907093 3829374 3925572 3716843 3541883 3823877 3772077 3677452 3803249 3816717 3690259 3875954 3708074 3704273 3784697 3831491 3839054 3737463 3473978 
3857750 3906806 3849402 3875657 3881768 3842891 3774968 3836232 3865532 3822298 3883485 3790978 3805244 3806033 3839349 3892087 3874239 3725197 3785795 3932261 3845044 3813632 3941369 3756922 3807049 3841741 3817801 3766288 3874499 3820383 
3927284 3874763 4032367 3848448 3862927 3961257 3945225 3916980 3849497 3899557 3943098 3800543 3883808 3968047 3957951 3942689 3851163 3934199 3918428 3912915 3815750 3878791 3836246 3965066 3903034 3932980 3866725 3998770 3909925 3933648 
3925839 3962100 3995362 3895159 3944346 3970197 3872666 4009890 3974297 4000940 3876950 3819511 3981909 3924024 3927332 3811151 3970963 3907724 3992134 3970485 3949431 3871545 3930379 3820667 3929556 3983368 4012967 3862643 3975382 3985531 
3916954 3942015 3942680 3993214 3877906 3940611 3945731 3955850 4014191 4024338 3946656 3988624 3906106 3977885 3886980 3989964 3868231 3995282 3969649 3724244 3940207 3938259 3921723 3921853 4040292 3989141 4006844 4007384 3917364 3921393 
4055980 3958614 4027152 3825696 3993410 4062740 3951787 3926617 4028843 4020665 3949782 3993046 4001557 3879225 4046813 3748853 4007722 4019952 4042616 3922745 3906012 3941470 4028852 4018892 3948209 4000142 3932093 3965612 3977334 3916088 
4038031 3985610 4050684 4030490 4002118 4054570 4016822 4058893 4016157 3997285 4065388 4022717 3986495 4007653 3935171 4060621 3991081 4026232 4024485 4013320 4039630 4007964 4087196 4034260 4036860 4029761 3923420 3977388 4010965 3999019 
4003243 4046269 4000134 4015144 4083911 4054310 4020097 4038238 4003639 3992290 4033635 4008484 4060234 4030108 3965264 4062264 3946340 4018606 3981097 4053379 4040862 4041788 3977984 4002616 3948242 4066993 4074427 4018908 3901501 4053433 
4028028 4059868 4051761 4048617 4067987 4031112 4057936 4041666 4006564 4075895 4044858 4016983 4015384 4054008 4029998 4050288 4059143 4032085 4047640 4061048 4037071 3979303 4050417 4043544 4035282 4064662 4066779 4035154 4076458 4059358 
4042195 4075690 4062494 4088273 4043197 4073880 4061138 4068842 4046056 4026229 4037403 4066241 4053166 4070807 4106709 4053848 4044291 4083352 4027582 4041924 4031145 4074272 4046917 4076624 4042115 4056864 4055459 4083110 4056502 4085066 
4090778 4080434 4061025 4065578 4054442 4088001 4081381 4045859 4072928 4062604 4079901 4053541 4082825 4058985 4040358 4081207 4060654 4047085 4086352 4073992 4015710 4084642 4048839 4090122 4101980 4086172 4069191 4091527 4054806 4084390 
4086647 4063410 4080761 4077744 4093359 4086172 4068523 4066252 4103103 4086525 4085493 4065353 4067026 4095750 4085954 4062854 4072530 4084884 4089821 4094675 4071114 4086451 4089655 4086473 4042102 4077372 4073491 4084836 4070619 4079197 
4084959 4068473 4071905 4059604 4071226 4074195 4063657 4091076 4085141 4085248 4078366 4067620 4087572 4090160 4089586 4077200 4074462 4097738 4091049 4083489 4081547 4076348 4068453 4079473 4080185 4085286 4097478 4102686 4104664 4077895 
4077017 4099228 4101541 4099498 4102763 4096736 4084385 4088198 4101957 4098297 4074258 4095876 4096785 4101213 4094110 4097463 4100210 4098206 4094146 4095576 4085586 4101046 4093984 4069214 4113103 4075087 4091405 4106790 4096264 4085623 
4095679 4093176 4093764 4090915 4085904 4086174 4101407 4101106 4093774 4108557 4088763 4093118 4120846 4089371 4086746 4087433 4105006 4092467 4082024 4101558 4090331 4098250 4110613 4103852 4101382 4090862 4105554 4094043 4097342 4097116 
4090495 4090056 4098521 4105233 4105887 4095144 4095549 4084702 4087084 4104067 4101063 4104806 4111480 4094438 4094161 4096516 4086244 4099348 4093374 4100407 4090172 4104482 4105085 4103422 4093848 4100358 4093300 4092727 4095675 4103939 
4106835 4095844 4101459 4105612 4093393 4095914 4108709 4092169 4088384 4107910 4088648 4107546 4108057 4110020 4100337 4116156 4095165 4095489 4099286 4092433 4102168 4106842 4096970 4095769 4099797 4106068 4088395 4099399 4093919 4100084 
199989 199973 199975 199978 199979 199973 199976 199974 199972 199980 199976 199978 199981 199973 199979 199979 199972 199975 199979 199980 199970 199975 199972 199974 199974 199981 199979 199979 199978 199976 
785283 724523 601787 815181 617220 625721 509493 563234 552608 627892 595402 490940 611738 895421 770395 547126 557745 742903 1083577 433864 749398 529860 700405 578351 885280 753723 727419 472501 556907 712834 
809919 814785 834374 923813 868861 1095798 946920 870703 1087256 961222 941728 850504 1201960 913618 825018 1306128 1266962 779057 1244511 814992 763516 842365 722822 1130057 1089767 968538 1030355 1371093 799395 857733 
1469731 1159861 1091612 1285586 855842 942716 1020067 1073619 1055564 1354165 1290583 1331161 1005706 1011064 1427026 1469504 1428613 998084 1291588 1014642 1075569 1179902 1061977 1156337 1017116 1573069 1108638 1487749 1069909 1145845 
1187111 1584876 1333850 1280959 1178628 1248909 1530761 1409817 1360520 1121114 1531703 1212102 1172899 1428343 1209349 1112598 1283384 1241234 1354447 1309668 1495843 1143950 1400515 1196305 1472976 1514342 1175271 1195077 1219440 1290919 
1377669 1321222 1432484 1638023 1562485 1401074 1438972 1228290 1430080 1390022 1294043 1506513 1325777 1246388 1421892 1414209 1369957 1287971 1491262 1381329 1622147 1417359 1604125 1460523 1286637 1462097 1418885 1588407 1318818 1463953 
1781346 1679966 1365886 1724161 1524953 1442836 1614202 1645977 1634639 1504868 1519052 1629927 1757856 1372863 1401613 1469596 1496731 1578153 1375722 1679720 1703466 1712176 1346688 1704696 1723589 1596447 1514971 1610822 1568520 1548118 
1504615 1767498 1641333 1550944 1548266 1662445 1514475 1729364 1575557 1623474 1570805 1747737 1563379 1631711 1773935 1553163 1574569 1538771 1694399 1638234 1632200 1678216 1592013 1604443 1833219 1546504 1590194 1773420 1614030 1606168 
1748666 1802559 1761286 1723738 1843589 1796299 1895063 1700839 1700582 1802215 1873834 1628771 1795306 1735189 1699093 1870931 1735884 1662572 1692105 1803933 1616412 1848947 1795489 1795330 1829579 1733320 1632710 1761465 1588168 1582577 
1858362 1901991 1820141 1679848 1828275 1689103 1901394 1682405 1886135 1753088 1829672 1838040 1805746 1669407 1754161 1790338 1797286 1865495 1756580 1785843 1816977 1818473 1859418 1634137 1672298 1717251 1875055 1751940 1893347 1888287 
1774056 1841797 1910214 1893919 1810804 1826420 1850614 1758705 1799047 1820750 1815481 1724430 1865775 1905250 1877212 1807534 1813093 1855032 1822235 1823556 1843180 1753162 1907619 1854871 1890437 1873193 1870765 1870115 1885137 1887841 
1951117 1854048 1884418 1828844 1838001 1899545 1875195 1868101 1777038 1826126 1908339 1876340 1811334 1883328 1867374 1796447 1951496 1947431 1760165 1921350 1812371 1899995 1915855 1887496 1818129 1937141 1837601 1793835 1877121 1830188 
1871053 1929560 1841252 1966226 1948888 1897273 1931956 1947762 1958275 1837045 1935064 1904457 1950354 1804779 1891066 1842304 1884706 1879825 1940427 1938406 1941293 1903670 1949348 1912386 1927083 1947325 1862751 1889189 1881039 1926096 
1973446 1931802 1959993 1949616 1971515 1961181 1980629 1882810 1932358 1928698 1939259 1886938 1967599 1948175 1959339 1919789 1879426 1927689 1941284 1955924 1969098 1926628 1923213 1974758 1957148 1954085 1941768 1928650 1955094 1939910 
1967351 1982027 1941250 1924426 1971727 1986729 1974104 1999149 1977341 1976917 1988032 1969250 1912479 1939415 1982470 1956576 1994753 1967526 1966644 1975198 1986301 1947677 1966652 1993408 1922294 1959375 1988706 1929224 1940293 1987697 
1984103 1990956 1987604 1957725 1981396 1987182 1985217 1971665 1964102 1988334 1982365 1999236 1985552 1986300 1978677 1989272 1984647 1988657 1963844 1982424 1977244 1963547 1952346 1959505 1987764 1963737 1985576 1990755 1977370 1963560 
1992261 1984715 1979813 2003961 1987801 2020048 1990494 1999312 1990839 1979633 1995234 1998774 2008503 1978072 1985744 1989145 1997148 1979264 2001714 2008327 1997231 1994264 1974962 1998530 1988807 1965861 1986588 2010149 2016377 2001578 
2007293 2002713 2003211 1998895 2009107 1995436 1983137 2009928 2000835 2019412 2009933 2003492 2000257 2002064 2006007 2014216 2010350 2013618 2005867 2001124 1992928 2005837 2021658 2007693 2002923 1996728 2010106 2005521 2010523 1996341 
2011514 2005632 2001779 2017900 2008051 2009588 2016980 2009665 2011997 2015802 2004450 2007856 2018269 2006231 2008687 2005716 2022045 2009843 2025381 2006624 2008606 2016597 2007054 2008793 2004297 1989569 2010609 2007769 2004501 2016907 
2010327 2007519 2013671 2014482 2009399 2031362 2007488 2020708 2011552 2015743 2020435 2006733 2005706 2011054 2009639 2005493 2019970 2012076 2009687 2013071 2008857 2012706 2006164 2024941 2014711 2015881 2005816 2012282 2023553 2011034 
2015204 2011224 2008702 2019375 2014839 2013498 2012488 2013844 2014177 2011283 2012180 2013950 2023620 2021315 2006870 2010965 2007999 2019592 2014233 2009427 2017512 2016545 2013317 2027973 2013165 2015202 2013894 2010967 2021218 2018512 
