MergeSort QuickSort TimSort OESM Cook_Kim LIS LIS_treap BothAlgo DirtyClean2 
8539040 8909666 9223695 9633034 10024448 10360406 10726523 11085157 11453991 11776988 12119797 12462716 12808607 13179610 13545635 13879860 14199784 14507906 14809054 15097467 15363657 
20133851 20237152 20074574 20234911 20181036 20242593 20149927 20255293 20236662 20214990 20122534 20230003 20349776 20026267 20277782 20166866 20227668 20219431 20217248 20181274 20234259 
7248430 7741314 8314926 9054274 9746374 10419156 11109491 11808978 12519468 13179666 13858703 14538924 15229448 15935795 16638086 17294270 17970285 18622501 19261461 19892727 20492997 
999990 10051073 11068408 11707178 12170117 12462494 12763992 13081941 13357880 13619440 13842739 14092708 14342748 14592394 14854374 15085337 15287098 15480406 15652955 15801581 15909527 
999990 2982755 4079150 5630125 7394911 9301276 11252292 13395626 15572707 17077539 19579057 21498760 23439958 25060434 26561473 28078009 29433391 30638806 31439835 32236933 32243040 
1999970 2648715 3472911 4599470 5762011 6997427 8348789 9732868 11236015 12564751 14203820 15690038 17206970 18774272 20455426 22026935 23623631 25217242 26715603 28259178 29804976 
1999857 2972900 4283540 6088345 7997494 10088459 12381994 14765228 17394486 19667094 22615460 25222012 27879013 30683872 33741530 36527349 39380268 42273223 45120352 47804235 50491714 
999990 3297181 5389677 8523567 11712795 14417602 17760482 20454334 23293771 24402448 27021525 28601722 30722445 32437489 33823645 35412113 36806684 37895885 38837561 39984733 40915614 
1999755 2249598 2836841 3679456 4574618 5594072 6611465 7746672 8799537 9874061 10993743 12221434 13349637 14339980 15433360 16598434 17639859 18772781 19903474 20952039 22041882 

