MergeSort QuickSort TimSort BlockMergeSort OESM Cook_Kim LIS LIS_small LIS_treap BothAlgo_small DirtyClean2 
19 19 19 19 19 19 19 19 19 21 19 20 23 23 20 21 24 24 22 24 23 
27 19 24 21 34 21 20 27 22 27 20 30 20 23 31 30 23 23 27 37 21 
9 9 9 9 10 10 9 9 10 13 9 11 19 21 24 34 22 30 29 25 28 
9 9 9 9 10 10 9 9 10 13 9 11 19 21 24 34 22 30 29 25 28 
9 9 9 9 26 28 9 9 26 23 9 27 25 28 29 29 24 28 28 30 26 
9 9 9 9 31 35 9 9 31 19 9 32 34 27 28 35 37 43 37 37 37 
17 17 17 17 18 17 17 17 18 21 17 19 31 25 28 33 31 23 32 29 34 
9 9 9 9 12 10 9 9 12 19 9 14 33 23 25 30 29 22 21 32 37 
16 17 15 15 17 17 17 17 16 17 14 18 30 25 29 28 29 30 23 32 32 
9 9 9 9 13 11 9 9 13 21 9 14 28 25 25 37 25 29 35 29 31 
14 14 16 13 21 17 15 19 22 18 15 17 24 28 23 39 31 35 30 38 40 

