MergeSort QuickSort TimSort BlockMergeSort OESM Cook_Kim LIS LIS_small LIS_treap BothAlgo_small DirtyClean2 
354 355 371 379 369 388 424 420 432 437 447 457 464 509 462 506 517 509 532 538 539 
697 639 633 748 622 603 662 713 695 595 652 637 616 624 657 655 617 614 660 677 612 
222 225 255 290 268 369 547 459 507 583 587 611 608 758 634 879 855 777 930 977 1019 
246 249 277 288 280 320 384 388 415 429 436 458 473 557 515 566 572 570 616 618 649 
99 239 368 212 411 461 486 523 557 544 540 547 577 590 564 602 593 572 594 596 591 
99 191 225 182 286 407 444 432 510 579 582 594 644 761 680 930 859 922 970 938 990 
195 200 230 255 245 321 421 419 502 546 522 558 628 784 631 853 804 821 886 1002 1034 
99 103 150 151 161 233 324 326 376 424 423 443 510 634 521 709 706 702 797 864 900 
193 194 233 257 254 342 465 470 581 601 587 648 691 859 716 959 936 895 1021 1109 1142 
99 136 203 164 202 255 441 449 491 460 533 518 623 886 597 833 833 818 945 1001 1057 
190 196 208 211 282 319 340 381 372 434 522 537 496 607 667 715 666 780 809 851 878 

