MergeSort QuickSort TimSort TimSort2 OESM Cook_Kim InsertionSort LIS BothAlgo DirtyClean2 
10 21 20
853904 853904 853904 853904 853904 853904 853904 853904 853904 853904 853904 853904 853904 853904 853904 853904 853904 853904 853904 853904 
880272 877947 927540 890026 879232 896542 880894 875093 878851 871115 894576 886445 881158 898073 940731 895256 921392 889483 870651 891621 
922314 900104 898349 926557 932754 930206 899611 906163 935035 898648 929837 937431 921304 912010 925354 907438 896012 906737 918855 908784 
990267 933984 962470 933622 956505 974830 928413 954034 971978 971773 942136 1011250 1003147 944124 949338 962400 934823 942821 985770 950179 
1021774 1008231 984210 985704 1001255 988774 1052047 987714 1032051 983949 1034783 1005072 1048227 1077146 1017740 1051138 1022110 972589 995833 955766 
1051041 1019517 1086855 994577 1079065 1046771 1030627 1043641 1018872 1066427 1037545 1051793 1084225 1024141 980497 1023335 1049523 976851 1058994 1034811 
1080712 1029172 1071427 1045505 1107894 1093130 1090987 1044739 1098580 1049910 1106018 1090999 1054672 1124857 1067872 1035525 1060504 1025199 1000915 1083703 
1063170 1174364 1073047 1120928 1136324 1111847 1134163 1102472 1138910 1097910 1061616 1092602 1126284 1093299 1084878 1072722 1049383 1077285 1069761 1101188 
1123510 1138110 1098262 1104331 1162292 1184841 1133718 1117870 1095835 1106695 1167266 1113958 1100158 1089994 1173915 1124531 1141980 1105140 1160427 1118384 
1172052 1217621 1230513 1169455 1148734 1177853 1207518 1192313 1191553 1168619 1201350 1211626 1196660 1185335 1179296 1208889 1175647 1116325 1183307 1203450 
1234475 1202517 1237383 1218784 1215067 1250331 1237391 1211100 1239793 1232251 1209797 1186822 1225133 1213257 1256760 1207044 1187446 1197218 1198846 1159415 
1233127 1240534 1253624 1227682 1254373 1269247 1234907 1207714 1293791 1290888 1238452 1231129 1290483 1262910 1206043 1208919 1206432 1298381 1215654 1255158 
1294897 1299671 1301882 1219859 1307352 1305975 1233832 1297601 1284534 1313342 1270547 1249246 1334512 1268562 1315184 1334020 1300963 1253266 1307822 1289394 
1295436 1293982 1339262 1337464 1324499 1322382 1333874 1332453 1349826 1285956 1284305 1356075 1280409 1328080 1326830 1342848 1336484 1282724 1317691 1300374 
1317751 1352698 1307556 1378978 1353329 1382143 1340787 1359435 1372306 1354659 1329685 1361107 1308672 1355439 1379946 1376253 1332622 1303894 1349671 1371973 
1384416 1391094 1369875 1394715 1374415 1393045 1412808 1413602 1388729 1389213 1332605 1352678 1365638 1401432 1347498 1399603 1385807 1395475 1367138 1413642 
1366059 1417492 1425453 1371033 1415114 1426292 1436444 1395959 1429240 1440353 1407904 1389181 1433907 1425160 1431119 1424577 1440064 1416341 1397896 1345413 
1445040 1460086 1460259 1447233 1464254 1460052 1454580 1472511 1455246 1462735 1445180 1446457 1465013 1461600 1469208 1458579 1459248 1457167 1456263 1466970 
1493254 1491132 1488497 1491944 1458397 1470514 1478687 1481176 1485084 1493067 1488277 1494974 1490906 1472741 1486785 1483091 1492729 1495093 1476148 1472807 
1510417 1510406 1517666 1507062 1493072 1516062 1517914 1515674 1515043 1515739 1515095 1495756 1509390 1505228 1516479 1483417 1512739 1515922 1510016 1512530 
1536666 1536304 1536598 1536284 1535965 1536419 1536456 1536252 1536192 1536244 1536131 1536370 1535930 1536542 1536608 1536441 1536272 1536708 1536522 1536518 
1941012 2067181 2037801 1969879 2052152 1933367 1996100 2025050 2242099 2028784 2043649 2003850 2076653 1948312 1998982 2002106 1970122 1985486 2064229 2044255 
1965758 1995025 2030031 2034608 1978852 1984010 2065370 2197750 1949527 2090803 1927586 2125221 2047051 2016162 2082997 2111886 2075947 1990362 2032719 1960859 
2024029 2098579 1904220 2063745 2106321 1965073 2020689 2004057 2016007 1954165 2059512 2041201 2020548 1975792 2074105 1982730 2082910 2090344 1949000 1950075 
1987539 2113856 2072760 1940946 1892157 1998649 2005512 1921726 1880663 1990747 1993271 2141766 1979997 2070707 2103081 1955082 1980760 2046397 1969602 1958148 
1966242 2020201 2065941 2076969 2025614 2009945 1950057 1967123 2041441 2081493 2105810 2017823 1895895 2048778 1942652 2031901 2088718 2054545 2043110 2040217 
1867941 2081340 2052809 1981734 2078020 2016109 2031356 2065610 1987650 2136867 1985258 2016893 1988761 2028052 1995217 1930842 2026110 2046823 2014970 1979063 
1975391 1989784 2000686 2037335 1995272 2025757 1929961 2012623 2007193 2035287 2127601 2018792 1966347 1939990 2111831 1966024 2051081 2042992 2009238 2039184 
1980926 2279962 2068994 2012014 1992307 1998470 2048379 2023440 1988626 2053297 2004976 2031733 1993945 2060714 2006606 2061819 2073049 2211029 2027230 2091935 
1993619 2288435 1998394 2026796 2025787 1962510 2021569 1994481 1986929 1960112 1954135 2096747 2005566 2028115 1983368 2025460 2122358 1991284 1917105 2034108 
1943210 2017433 2000229 1918521 2091803 1869219 1986660 2068790 1952604 2139712 1943862 1941393 2045434 2121248 2071445 1973887 1948430 2035572 1964000 2214565 
2028813 1952099 2007009 1970435 2032192 2062193 1960736 2017061 1986769 2030252 2040177 1988221 1928101 2018957 2123206 2017005 1977652 1908001 2022960 1947209 
2102018 2040986 1999033 2050009 2071783 2019677 1941766 1922416 2000573 1966650 1967573 2191403 1968772 2017065 2197309 1979719 1969646 2015861 2048937 2087645 
2066129 2037685 1981410 1960475 2124853 1970838 1987532 1930897 1912096 1891496 2049246 2006279 1959577 2048696 1961458 1987429 2001677 2054082 2015746 1988636 
2004929 2086089 2023023 1968048 2106936 2068888 1942112 2058544 2049661 1986979 2012585 2029435 2055731 2068413 2009039 1967691 2010569 2058067 1916090 2084907 
2066775 1944703 1945311 2101590 2041044 2031563 1957926 1994444 2131331 2019664 1915733 1999329 2123690 1965519 1908609 2029319 1991944 1964371 2023949 2076322 
1959704 2018294 2040397 2046160 2063075 2004739 2100197 1970606 1904417 2015975 2004273 1983916 2043413 1934491 1966896 1995574 1975782 1944805 1991700 2082950 
2056560 2033914 2148434 2105224 2005222 1945900 1986972 1920179 2182665 1954073 2051424 2101699 1980035 1963772 1934735 2091117 2036631 2068689 2018608 2001238 
1939437 2057029 2122494 2086109 1946514 1955021 1960008 1938776 2153093 1974476 2019660 1995525 2086775 2001516 2059565 1987921 2024081 1987835 1947744 1989210 
2020042 2062791 1998496 1962838 1975685 2002438 2005423 1986472 1983354 1994927 1965924 2058017 2022179 2172079 1972424 1977482 2121273 1970922 1956978 2012222 
2071730 2031577 1955518 2025771 1972596 1960922 2048732 1990772 1949043 2107732 1990901 2052394 2146554 2012331 2122285 1987451 2027714 1974461 2032141 2035496 
2022191 1942292 2039424 1971915 2067572 2018899 2019439 1960129 2086496 2061551 1996514 1959178 2066274 2106192 1980330 2097804 2113504 1962478 2079937 1983396 
724843 724843 724843 724843 724843 724843 724843 724843 724843 724843 724843 724843 724843 724843 724843 724843 724843 724843 724843 724843 
769584 762876 808953 767946 758298 783942 763006 756556 761591 752378 778619 772508 763896 789242 822309 780813 818918 777111 751091 772988 
832408 806778 800504 832456 838788 833518 801819 813591 845530 804392 846501 845314 831271 811797 843710 817827 798098 807906 823670 813041 
930473 873600 900565 878413 903268 916872 864991 899998 920546 946252 861979 929141 968233 888796 888354 902670 870254 883607 920310 883139 
1004600 968671 971578 955729 984228 950341 1053648 964200 1027598 958921 990234 975146 999588 1076073 992443 1029854 997513 942708 967010 922153 
1052944 1027254 1071171 1017532 1068886 1079090 1040199 1048303 1028893 1080233 1049567 1058434 1052027 1055599 981905 1024473 1066750 983495 1089979 1025072 
1118349 1064418 1092728 1082257 1122902 1146485 1125338 1105309 1124542 1078990 1135743 1153906 1094777 1138824 1096431 1074531 1094529 1056644 1036834 1107302 
1127740 1238318 1123792 1212550 1179637 1142260 1172276 1171446 1195472 1170415 1141810 1173274 1212699 1170343 1159064 1142442 1127806 1158811 1144023 1183440 
1232948 1235410 1212179 1214083 1269934 1288313 1243253 1229964 1205803 1202671 1266347 1240344 1220322 1210789 1254901 1229720 1251875 1217947 1290776 1228797 
1323406 1353340 1353654 1339764 1280114 1320035 1327898 1341287 1333943 1305142 1319836 1327254 1351277 1342714 1343762 1346039 1325736 1246438 1323731 1349712 
1399532 1372163 1415099 1405102 1386975 1446984 1409709 1389789 1435982 1414177 1399698 1370721 1389184 1389763 1433620 1390268 1364754 1370709 1387954 1343385 
1440739 1429114 1462038 1441365 1456107 1464931 1455111 1402564 1475493 1506638 1454653 1441848 1508979 1478971 1418568 1423443 1413638 1486735 1429838 1455611 
1533958 1528434 1532525 1487653 1546774 1540045 1483097 1537967 1520984 1555273 1517776 1516053 1574546 1526165 1556039 1577951 1537950 1505019 1519253 1539177 
1568799 1562689 1612486 1610741 1611094 1583674 1622986 1629204 1643019 1547570 1552149 1624101 1551621 1602132 1599393 1609762 1597011 1590296 1590032 1572983 
1604526 1655252 1635370 1684726 1658132 1685780 1658901 1670702 1685472 1674816 1616732 1667621 1635989 1663522 1683721 1679741 1659475 1643025 1653179 1672306 
1731334 1731062 1723345 1744850 1727703 1722198 1753882 1751312 1731577 1730456 1698836 1729401 1728009 1756615 1696566 1745517 1721829 1743179 1721813 1752407 
1756691 1782743 1805299 1743035 1806369 1805766 1815700 1782730 1806667 1819358 1781971 1772615 1808881 1805790 1807122 1799499 1822040 1786603 1777740 1722522 
1856315 1874567 1869213 1862351 1875965 1871182 1862881 1881568 1864766 1877347 1847095 1857353 1878733 1868755 1876523 1866230 1870750 1876050 1854899 1873724 
1941177 1938745 1935782 1942021 1898374 1911523 1920458 1933150 1924837 1936288 1931716 1939658 1941747 1921464 1929602 1926432 1940860 1938363 1927090 1917923 
1983468 1992607 1995937 1979785 1985013 1991558 1996691 1993677 1997514 1991285 1987164 1970789 1992287 1982995 1994650 1970004 1990224 1991726 1990033 1990744 
2051958 2048710 2049692 2044923 2047363 2047273 2049647 2050581 2049464 2053083 2046787 2047748 2044828 2050766 2050087 2051781 2047873 2047471 2047987 2050842 
99999 99999 99999 99999 99999 99999 99999 99999 99999 99999 99999 99999 99999 99999 99999 99999 99999 99999 99999 99999 
161817 145306 153962 146422 148767 163250 149881 144884 144326 144596 150158 149395 146190 148936 167125 148649 170643 147265 142976 149387 
220476 223056 216274 223705 222419 223351 221490 219270 243125 218357 243303 227910 227565 218597 223977 218604 219800 219626 220484 220251 
316371 297360 310086 291167 309048 310884 290396 323200 325661 312618 291175 334874 316577 303747 286026 305611 304049 296168 318908 299439 
428652 380923 388326 374726 382418 368390 442898 384015 412237 374566 431688 424741 409353 453062 433434 429284 426364 373170 384041 365682 
499787 455342 494878 438073 499964 519022 500170 521941 478432 520674 480539 506817 474064 458122 417010 459277 481242 434755 476566 507974 
534845 499111 562094 508243 606230 576708 570653 517680 593267 505390 578732 565800 526186 593925 531336 510837 542658 511182 474938 578953 
568697 725199 555211 645247 637824 561107 612293 636196 682108 605873 581980 618732 655983 588645 585341 602437 599963 603581 595228 612575 
667156 663440 658206 652106 737265 745905 682796 669297 661782 642510 707127 696987 650477 638782 698215 687167 710742 723550 723871 710675 
787034 821457 790643 774713 716211 815485 776860 791212 784214 749849 813597 780706 825880 788180 774348 818048 791243 681792 763183 852491 
910855 838817 857462 855074 840316 908610 869861 867243 918139 866234 833319 779241 838691 826876 884489 830115 836349 809767 869477 748136 
977724 945970 946050 909028 927298 973044 887216 827976 943661 987209 924242 940519 1017312 954799 935407 835897 886684 978313 902676 967601 
1030362 1030723 1044180 921227 1049039 1051752 930781 1026764 1022620 1018253 988453 972926 1068717 1016468 1058413 1060632 1012209 962075 956236 994985 
1053341 986825 1098815 1113182 1150293 1098398 1132238 1115163 1140771 988967 1029680 1110660 1042242 1075400 1094550 1124970 1097541 1015309 1081173 1064400 
1079144 1160434 1061025 1193559 1192583 1185450 1086415 1192625 1202685 1177947 1049889 1164211 1073267 1145289 1193567 1201215 1101288 1088149 1118485 1192003 
1228134 1254362 1214232 1215386 1193992 1228101 1265126 1252756 1250933 1217382 1177336 1183436 1219736 1260050 1150805 1290715 1258764 1248728 1194940 1250624 
1218719 1283672 1294108 1169664 1292803 1293822 1327130 1287363 1313208 1311593 1315718 1231870 1286466 1299071 1317795 1309933 1329348 1272610 1261713 1147134 
1341244 1400080 1387540 1344585 1387261 1366824 1370790 1399856 1369646 1382325 1340415 1373954 1376652 1410579 1387199 1402573 1391408 1382022 1368996 1417614 
1446368 1451641 1426533 1470913 1380000 1420237 1426460 1441916 1427414 1449855 1440756 1460260 1450584 1429172 1421368 1452734 1435870 1442453 1411791 1405727 
1491974 1515016 1492926 1488742 1460247 1527862 1520551 1526644 1495162 1503281 1494162 1465763 1500043 1494843 1486224 1423349 1491433 1490765 1501184 1512055 
1532476 1532441 1532601 1532477 1532547 1532529 1532559 1532450 1532619 1532176 1532586 1532594 1532713 1532473 1532378 1532467 1532555 1532813 1532518 1532534 
99999 99999 99999 99999 99999 99999 99999 99999 99999 99999 99999 99999 99999 99999 99999 99999 99999 99999 99999 99999 
952600 1009881 985284 1071038 1001125 901574 992714 996988 994430 991658 1032985 1016671 1028159 991557 969411 1041390 918701 1038836 1001544 1046321 
1118541 1098431 1107984 1140623 1136633 1104286 1119189 1129709 1098112 1120353 1057529 1102956 1141500 1126365 1113622 1132347 1092723 1115687 1142221 1107238 
1206098 1154559 1169730 1176096 1133343 1190370 1167192 1138051 1133628 1148562 1180892 1170283 1193245 1156109 1180936 1186388 1144925 1179031 1167751 1198284 
1212502 1232001 1206170 1202734 1227528 1228670 1214431 1219134 1238207 1209112 1238585 1208048 1231839 1165209 1182617 1221497 1216791 1217164 1230780 1183584 
1241827 1253632 1243676 1243405 1286153 1211442 1225948 1236270 1214416 1235635 1238231 1246898 1299477 1243843 1247744 1251349 1242626 1230996 1287635 1234484 
1263350 1263111 1286386 1273800 1281037 1269228 1306257 1278723 1298591 1279145 1293725 1304450 1271885 1291912 1283630 1271174 1265872 1250362 1257661 1303041 
1301910 1312865 1308160 1333150 1337365 1329786 1342632 1297973 1290535 1306386 1284576 1302513 1316883 1298548 1316015 1281310 1279018 1304344 1271671 1331784 
1320716 1332404 1296253 1312602 1352737 1359546 1337026 1334151 1303372 1313854 1367767 1300018 1311631 1308488 1380869 1319975 1336518 1304066 1323674 1338640 
1343589 1384574 1422300 1343154 1340261 1368342 1386086 1378013 1364417 1355192 1376084 1386796 1351610 1351813 1377670 1392903 1357707 1333712 1367067 1368124 
1405505 1378301 1426087 1381513 1405321 1380984 1421277 1406905 1402257 1401705 1392806 1364016 1410928 1415124 1429815 1377577 1361982 1380636 1377282 1353714 
1402356 1412410 1424399 1384966 1421169 1403188 1395134 1379569 1452342 1431747 1403553 1408735 1419696 1396964 1395097 1388978 1377696 1462137 1369198 1411962 
1442542 1437888 1444262 1398772 1449998 1449883 1407103 1446368 1423270 1462697 1435925 1401603 1460228 1428555 1441781 1459478 1460681 1420156 1467273 1454268 
1419852 1452872 1477588 1481218 1457629 1468468 1478898 1467514 1485403 1445360 1431981 1486398 1428515 1470106 1472543 1456074 1455114 1429068 1460551 1452688 
1453286 1496257 1441580 1519017 1481639 1502503 1465063 1496043 1485310 1492531 1472181 1494688 1441619 1486763 1509480 1518082 1464226 1441335 1489233 1493681 
1506454 1511307 1487781 1517492 1504561 1513421 1529767 1524076 1506556 1513217 1453402 1475591 1488683 1517821 1476316 1499508 1509578 1513699 1493606 1533010 
1482755 1531415 1543088 1480549 1519497 1531413 1542034 1516516 1530655 1539595 1514241 1497384 1547248 1534228 1540362 1533026 1537208 1528939 1511382 1465013 
1544840 1558151 1556701 1542262 1546186 1552763 1556330 1564865 1552287 1554531 1543453 1545219 1565298 1552485 1562518 1549067 1553511 1558808 1552310 1564326 
1578013 1572674 1573297 1574262 1541960 1559224 1569828 1564212 1570460 1576233 1581860 1579313 1572937 1560572 1568087 1562838 1577645 1577038 1566765 1557983 
1579813 1578749 1587554 1578823 1565389 1586968 1592898 1585895 1583670 1587056 1588116 1567328 1579867 1576210 1586262 1552234 1582832 1585477 1582141 1582153 
1590988 1591201 1590935 1591141 1590398 1590670 1590749 1590851 1590919 1591474 1591054 1590661 1590814 1591385 1590700 1590734 1591050 1591038 1590719 1590975 
99999 99999 99999 99999 99999 99999 99999 99999 99999 99999 99999 99999 99999 99999 99999 99999 99999 99999 99999 99999 
366353 290218 334933 274886 266817 391480 293555 284077 266965 300511 289230 305759 287782 300452 372804 289747 380662 280275 262187 295544 
384804 387152 346167 354406 367726 395057 343979 367006 509161 358479 501937 428135 397338 357583 395734 363588 346798 351540 383174 364735 
603574 503205 578617 511835 618386 584917 511000 592033 623679 610218 458715 615604 542968 595666 492480 583582 593867 509541 624177 501047 
781007 705335 801338 664424 668082 624891 761636 689891 754429 726190 697183 808375 684474 781914 885018 847107 791325 704437 710524 651821 
1027252 967616 1022160 834538 988297 1139040 1094931 1199511 998035 1020176 949182 1028475 824506 890293 860562 958608 910175 932410 894883 1063539 
1025455 1059428 1222651 1068693 1104197 1238832 985304 1071211 1379049 1064516 1037103 1093246 1085122 1189481 1103679 1072262 1161952 1054431 980260 1146686 
1270290 1520075 1193259 1274590 1240471 1081596 1369762 1462586 1466840 1329810 1393604 1461337 1263317 1232041 1325987 1317240 1379308 1422520 1421446 1279029 
1407140 1531077 1483676 1536805 1752045 1396056 1543328 1397103 1643328 1416882 1562056 1696243 1494516 1559796 1502490 1545178 1420902 1635703 1531510 1577212 
1783101 1663379 1456054 1666556 1674982 1824472 1731896 1634517 1520954 1654465 1758227 1669111 1518423 1538629 1531071 1726434 1814802 1639613 1804412 1867427 
2218878 2027165 1910311 2024235 1932638 1801711 1763217 2010921 1954340 1880455 1976116 1793240 1769116 1754822 1895103 1891801 1836132 1922932 2051260 1927243 
2373874 2242670 2320825 1893696 1915730 2177819 2183380 2031464 1876548 2055144 1782327 2419968 2218787 2054843 2201038 2087441 2349941 1936472 2212807 2094921 
2251477 2424985 2410766 2426462 2083132 2401490 2441517 2007938 2358982 2041262 2431188 2392065 2270502 2570297 2189980 2072050 2057621 2395049 2158581 2288764 
2625530 2285622 2456524 2427408 2738732 2617574 2385195 2400464 2527902 2595310 2733234 2220609 2639867 2167052 2233991 2613758 2469355 2295825 2678838 2713488 
2667190 2723303 2530956 2627204 2716880 2765250 2418833 2724169 2792231 2625388 2572316 2458988 2666369 2639890 2637595 2594537 2524747 2648577 2722966 2447010 
2687254 3030643 2792086 2625074 2718109 2867372 2963916 2774142 2846165 2635414 2879425 2685849 2777443 2877982 2742742 2909375 2867892 2931135 2974011 2637225 
3013987 2923153 2970635 2892004 2842009 2859223 2866248 2875407 2839334 2819217 2985344 2860714 2795177 2922465 2893205 3035044 2837735 3052714 2906595 2868605 
3144354 2913099 3116286 2945215 3131485 3056732 2956075 3178219 3000680 3101719 3148879 3143065 3071029 3126070 3157185 3048602 3110649 3108289 3100891 3126397 
3093879 3200360 3186953 3173170 3205335 3119886 3132334 3095025 3210159 3218647 3083138 3193439 3191953 3203272 3090279 3199168 3176209 3185297 3070596 3203913 
3245606 3230821 3223159 3245067 3229368 3206380 3243975 3247766 3199248 3246892 3209792 3228398 3208442 3203935 3206388 3252492 3223975 3211012 3220483 3216270 
3205065 3248912 3217227 3194402 3233910 3256701 3217106 3237300 3233022 3204043 3217121 3236598 3212997 3206128 3243311 3209172 3233192 3213824 3223960 3164987 
99999 99999 99999 99999 99999 99999 99999 99999 99999 99999 99999 99999 99999 99999 99999 99999 99999 99999 99999 99999 
77599581 2092100 31949314 1627911 2435260 92550280 4624978 1260532 2051994 2163510 5777198 5218384 1663568 7694972 68213646 5035098 68907915 1530000 483737 3174780 
12097833 11537883 2337084 6314153 20781278 21834627 4170947 5819742 150305610 2764504 160681512 23647776 18037641 4871815 15372046 12384008 2441268 3559562 10192401 7965636 
56992211 14441229 63415126 11873496 92685608 73761189 10832162 97804452 131880256 87961534 13021189 186172639 110336785 46192931 11120412 46275936 75157896 17322452 145780976 21139913 
276874003 48952166 106489142 59179180 88924265 30263317 514885614 53687621 178426491 55450294 335156191 274994526 180361962 549910176 356667084 305357316 291613683 35542049 82896673 30166783 
366156678 101409139 461245293 70125999 381643690 631138862 517292282 609953099 266752368 450708612 225977478 396369742 237264447 127009741 19838192 124443064 249758454 51017490 142080179 437763813 
354177326 69306918 552816418 86738906 603420319 557311463 598129343 138198671 649172211 89166493 584673391 463626009 146167401 512949903 143557483 97431070 231698878 116513349 24423234 502061992 
138677410 996840681 103088254 586301185 604546849 88075119 363949368 396123979 674662363 172713261 127138171 353363418 571940142 134779729 147930504 165134741 232778107 215272030 243247588 317330483 
261766888 315492071 168355005 192132388 997185080 1120359717 441271440 393674220 214142974 267325225 604240648 444696040 152447855 120978000 423112105 359529294 678703825 782645920 485025904 642221260 
567481905 909795638 1053562179 444881035 319929960 837464868 414195834 785916275 962178474 342475281 884078780 811345157 1384834300 1126937074 1008453167 999339747 855527659 129870588 420679441 1041346807 
1206190223 491974270 920839661 821111488 632431062 1334245640 1116422024 923833988 1336612432 1000359645 570282396 343416325 1088566696 710810569 1036200556 438696555 782444322 486994119 951084778 176516694 
1192078725 1030458178 1407778678 721696332 1083413029 1250689374 478457330 265309160 1337730243 1383023323 1440809705 1211956970 1491875372 1164937136 1065499067 267001636 968003584 1531028304 710862874 1137184974 
1278128209 1224398551 1375761912 406362715 1535006922 1395233029 415983595 1487614318 1311098767 1475823784 782931247 757783209 1536128782 1313141317 1491637252 1596594800 1376319444 675680040 674628815 844639221 
1306769238 508538224 1540193230 1626484790 1797369448 1515976644 1701491039 1639646638 1499448236 486818553 1416159380 1885578273 1025213347 1520250610 1707902815 1695291339 1335572384 563280176 1578549047 1285343641 
1133547640 1487924636 599825395 1546784796 1766389177 1866375831 764717195 1729481388 1791953027 1589266294 574688970 1855093400 632765906 1498054661 1848590799 1741390010 1160340879 981896606 1039984142 1732030792 
1697261839 2039907875 1580244466 1673843860 1506281072 1854354869 1936053882 1863955286 1578604118 1747714111 912018661 1049535409 1558042660 1824694783 870606895 1892833784 1922422596 1889242083 1524363722 1858782979 
984783132 2019399104 1895642320 523482673 1915296508 1750351074 2092759232 1681790793 1990634120 1992344076 1969654437 1117501652 1802794613 1946504393 2075054728 1956608315 1992300333 1798659767 1580300517 560012491 
1749781910 2189650939 2168181097 2090407020 2187907472 2135539548 2170140666 2230002178 2122754843 2281567001 1843748253 2132233329 2165808886 2138125954 2193319543 2150330842 2128889329 2178691824 2080304142 2215400972 
2366516853 2300808918 2308814109 2337707900 1378148611 2030014053 2228206426 2174028782 2315554018 2303052820 2288070306 2302444015 2347603787 2073495098 2232551344 2285367013 2390935089 2282163689 2224875350 2082626417 
2396679618 2383289334 2414913629 2247504022 2083751032 2444448194 2422622568 2369759824 2405079897 2376445526 2417526497 2329500996 2389817739 2328390817 2399552044 1960717127 2404844217 2459117733 2373713564 2451998272 
2507420992 2499385036 2488654823 2500989553 2496181082 2501233152 2489678704 2505283990 2498619878 2491831135 2491454175 2507981019 2505958633 2507863650 2506089547 2512497740 2498511865 2502680992 2500947531 2505032700 
199997 199997 199997 199997 199997 199997 199997 199997 199997 199997 199997 199997 199997 199997 199997 199997 199997 199997 199997 199997 
279434 248226 318216 252355 242943 301507 252893 239965 245175 237138 274788 261521 248466 280791 359097 271182 344936 256593 230948 260405 
342990 312342 290158 326680 350731 353945 294850 310185 408156 297402 402228 372920 347607 307435 356902 316955 286585 298431 330682 311056 
506162 389004 461730 395934 482893 471706 382469 485831 509447 496370 378372 527915 522387 438591 398201 461103 427093 402419 506893 408870 
634347 554513 583952 529558 573521 478616 716780 542610 640810 523388 621010 624082 623852 760727 668315 678874 655406 504500 548386 473487 
774075 665419 819548 588641 757990 812498 760444 796942 707010 794118 721421 778718 678322 653327 548775 676620 730447 579405 694645 746178 
836979 692749 856389 740865 936882 951545 856833 764851 940177 741694 890704 847959 775599 931903 768864 731528 792471 715429 605195 854910 
836867 1122784 783787 977134 984721 820793 948080 1018855 1067625 911864 863715 952561 1041036 873066 869349 878239 851932 898781 909319 935888 
1012351 1057619 994638 1010444 1179300 1219719 1052466 1010279 996073 964644 1109886 1107166 970467 951025 1097708 1053938 1077894 1075348 1167330 1081808 
1282638 1333683 1277214 1219019 1160021 1285096 1258981 1273426 1282115 1211044 1317861 1283351 1372377 1350520 1260470 1344455 1271585 1014946 1229070 1354680 
1496020 1353156 1420534 1456366 1356876 1543085 1416492 1412908 1501475 1447005 1352945 1256932 1400989 1343827 1495886 1363104 1372834 1320339 1398019 1188558 
1573579 1476918 1618149 1513522 1536421 1635668 1471231 1341013 1603104 1683143 1543666 1539138 1707599 1607340 1506834 1374997 1497740 1644614 1497658 1582971 
1752634 1723944 1821610 1498163 1757128 1773047 1532492 1724766 1786037 1760365 1653713 1662604 1812806 1729153 1821890 1817420 1703412 1630264 1619759 1650689 
1829717 1638430 1908515 1908303 1942852 1866038 1941302 1958020 1946768 1680569 1745746 1968718 1796912 1886188 1878202 1942338 1896870 1726542 1909123 1814151 
1849928 2020008 1838620 2067698 2054993 2138562 1900417 2047165 2105162 2018843 1776744 2053493 1847601 2042357 2053119 2076064 1939689 1913984 1963339 2089284 
2197195 2218001 2163236 2163060 2133890 2196228 2268650 2268395 2212199 2169478 2037432 2075035 2159798 2228337 2040295 2270109 2196218 2211478 2057389 2255966 
2127495 2307586 2350325 2069289 2355023 2329902 2385486 2268590 2385239 2411436 2342416 2205952 2339219 2366277 2376310 2347695 2392763 2290607 2261077 2040417 
2457023 2539501 2490113 2429711 2544749 2517542 2499539 2554765 2490254 2554982 2421583 2479703 2535852 2525424 2541692 2527721 2514772 2532668 2462660 2546220 
2689545 2682339 2651576 2685635 2531461 2586611 2636259 2627002 2657272 2686525 2664606 2684692 2677963 2620871 2666161 2660759 2685578 2682498 2642419 2607520 
2780554 2797480 2816568 2768656 2747625 2810252 2817531 2787911 2811597 2796632 2802198 2734306 2796396 2769602 2806419 2634753 2796608 2804937 2798954 2811501 
2929423 2928909 2929201 2931470 2926129 2929831 2929508 2930689 2927103 2929910 2929374 2931247 2929371 2930703 2931327 2928195 2928800 2925479 2929371 2927889 
99999 99999 99999 99999 99999 99999 99999 99999 99999 99999 99999 99999 99999 99999 99999 99999 99999 99999 99999 99999 
309334 265593 379799 279658 252255 397429 278870 249450 265589 242522 305642 298940 262959 304843 519295 321921 453440 321357 241923 345526 
439535 354573 364495 445628 501371 425272 335490 369010 611552 376250 529526 526257 459268 359301 489141 431193 325580 375124 627844 434164 
1219440 580269 863584 567514 1179701 871188 500580 761037 935680 1136995 505539 786260 977219 748122 649047 886563 571802 592852 1327551 651555 
1117674 1063956 1219465 938450 974549 845914 2232964 980044 1588982 991853 1028996 1083384 1079310 1780967 1731968 1103940 1458449 818012 1061923 845604 
2270046 1386702 1297354 1022997 1605191 2206246 1457750 1656283 1389919 2563385 1623582 1864610 1721723 1269417 856974 1336469 1433593 939335 1565321 1418105 
1466841 1187904 1759249 1373212 1445959 1768809 1698142 1743893 1821932 1371294 2844658 1868422 1374251 2569698 1714982 1328315 1871152 1265673 1094499 2111597 
1343656 3591188 1381585 2552942 2034048 1382015 1900265 1950476 1859820 2089639 1526869 1742659 1802040 1699232 1623549 1620682 1403321 1891781 1522203 1858131 
1748441 2048660 1825951 1768054 2858342 2764522 2318659 1891850 1953894 1615702 2093260 2033292 1910933 1746496 2041570 2049946 2033253 1997125 2488398 2179425 
2640135 2511996 2211284 2351364 1946334 2260960 2647424 2131981 2304577 2098106 2227674 2875986 3138199 2643152 2417911 2730739 2547497 1683417 2581385 2650737 
2717475 2603609 2709308 2999942 2638440 2981115 2899140 2837280 3573497 2884862 2926044 2101940 2796263 2322186 2971313 2711086 2482973 2351038 3137804 2153541 
2872457 2817299 3315199 2403997 2545495 2996216 2859594 2419972 2919019 3258569 2514326 2849540 3643516 3023994 2357786 2426389 2338431 3189175 2569584 3294251 
3108013 3162410 2917520 2746375 3339765 3099324 2835695 3137928 2799016 2871098 3203995 2707586 3474816 3059894 3288657 3139405 3075995 2894746 2962366 3051534 
2893344 2665784 3479986 3576056 3782047 3609565 3501543 3589506 3612172 2914461 3036341 3352684 2720621 3081227 3126516 3613679 3455445 2732395 3103236 3348759 
2961044 3336712 2980953 3279266 3209027 3635168 2985296 3598732 3629928 3517787 2802632 3507988 3123375 3449156 3836535 3686106 3257615 2929560 3251406 3140081 
3537963 3475126 3517360 3485982 3424764 3418949 3627648 3452939 3405777 3469304 3218497 3423930 3316092 3779836 3189449 3502719 3402251 3795569 3468301 3553696 
3333544 3844812 3545275 3153932 3757946 3644156 3836479 3520808 3714550 3508056 3973208 3402791 3708267 3706666 3990418 3902249 3749087 3649405 3607680 2987661 
3846125 3903431 3833282 3770017 3908421 3725360 3865178 4045092 3748158 4014044 3813501 4020932 3864024 3758577 3949894 3856253 3962445 3931821 3829932 3972517 
3999393 3925477 4047237 4017628 3618053 3932943 3893519 3810862 3865343 3963236 3930535 4032552 4038629 3919293 3797287 3858637 4055160 4028544 3859462 3842467 
4051185 4019105 4039529 3925127 3946913 4062021 4067590 4026014 3991744 4056191 4068566 3936779 4037282 3950629 4042871 3812714 4051473 4084973 4040460 3962237 
4089746 4088608 4082897 4088764 4092248 4084965 4087024 4098760 4085769 4093159 4086153 4095513 4093198 4087876 4091508 4082564 4088244 4093312 4087427 4087610 
199974 199979 199974 199980 199972 199972 199977 199971 199974 199981 199974 199976 199973 199976 199970 199980 199975 199975 199981 199979 
220082 219774 229408 218841 228694 216287 219737 220085 215727 219720 221105 219261 224284 217098 218121 221479 217785 221694 221482 225239 
274409 296274 283771 264343 272056 285782 267555 272190 298123 271174 275987 290944 298291 291409 308080 307926 276056 289801 262285 300522 
395319 343787 339747 338134 373228 364409 390672 361107 361889 348160 382806 340608 338174 350317 341874 339756 341515 346647 354006 355882 
461348 523674 494485 431813 487331 421994 458759 493538 481494 484432 408024 425744 449111 488742 497200 424647 403261 480737 427236 475992 
576384 573616 612404 539875 599249 620153 600078 534407 530383 535867 554702 510541 592347 528471 528250 543700 559280 586373 607988 539154 
587510 639873 727793 751357 744596 746633 658026 576985 678365 585163 596741 695730 698697 592460 667878 722373 632782 666125 733637 674120 
729743 838572 687077 770335 765039 813562 824579 712264 730393 812891 731524 852050 789996 758670 810595 801676 850369 749613 797703 827215 
795212 894387 815611 846388 801311 934585 853820 867052 941367 875276 927398 934258 818299 810342 910984 901746 891464 963427 914524 830235 
1001662 991130 1027423 955252 926986 1026237 1047778 1037686 933436 958762 921218 918141 1060218 924453 1005466 979272 1033963 1057059 930960 1014891 
1022074 1018036 1003135 1098297 1141415 1146743 1154983 1161766 1042299 994217 1140792 1092661 1108292 1165484 1127592 950061 1046671 1180363 1024687 1064163 
1180132 1257671 1219960 1122324 1132287 1116586 1164763 1187582 1263945 1269150 1187526 1114275 1233528 1236820 1234382 1223171 1262716 1259475 1258532 1269525 
1265447 1275818 1267852 1339372 1344236 1223201 1252974 1327233 1340529 1223853 1357802 1237023 1340561 1377357 1211309 1302311 1350409 1263844 1295665 1378227 
1386401 1377525 1395622 1433231 1383421 1415140 1444212 1392023 1461748 1354872 1475518 1474282 1409516 1420971 1472682 1387506 1445128 1466251 1390525 1469286 
1545502 1549215 1534298 1484149 1528974 1502666 1402635 1545141 1584810 1504370 1534178 1562899 1480068 1580383 1513038 1501129 1580681 1550740 1410491 1396261 
1657151 1669226 1610581 1664194 1676905 1674478 1636272 1541662 1603695 1579555 1603049 1625493 1649741 1664956 1661996 1661313 1657428 1672358 1682940 1600861 
1777711 1766278 1758004 1779740 1774554 1777685 1790027 1694363 1767454 1663302 1764076 1700662 1706286 1784713 1789611 1742618 1775280 1782469 1780000 1774942 
1875292 1888253 1829507 1888736 1880302 1883378 1884223 1887979 1875870 1846384 1884564 1881946 1880572 1795539 1875218 1892444 1832343 1878136 1875031 1887034 
1991338 1986967 1990755 1983541 1990773 1964895 1984363 1915002 1975112 1982083 1991302 1988775 1981115 1964343 1985059 1993676 1991573 1966616 1962304 1979618 
2094736 2093797 1950279 2088729 1994749 2090314 2089423 2084072 2083924 2089875 2089455 2089100 2088728 2090188 2091453 2080901 2081621 2086754 2088121 2083212 
2192322 2193550 2191449 2190400 2191511 2190112 2192333 2193132 2192361 2191786 2196175 2191281 2193909 2192619 2191357 2191087 2191297 2192194 2189669 2193297 
