MergeSort QuickSort TimSort OESM Cook_Kim LIS LIS_treap BothAlgo DirtyClean2 DirtyClean2_freeze 
853904 886709 928895 964074 1002390 1036340 1074034 1109750 1141685 1180939 1213614 1252442 1284530 1320327 1356184 1388450 1418086 1448288 1481455 1510663 1536386 
2012759 2019673 2008787 2019998 2021099 2013893 2021245 2029379 2022588 2017161 2013174 2012584 2016755 2018908 2021516 2017691 2019145 2014083 2011137 2014325 2021364 
724843 770092 839457 904292 975440 1044399 1113478 1182550 1246983 1320314 1388123 1457446 1527403 1596854 1665367 1731149 1796016 1860079 1926913 1989717 2049281 
99999 1011512 1108333 1168470 1212263 1247254 1275973 1305042 1334335 1360535 1387400 1415886 1437321 1462686 1485332 1508883 1526902 1546287 1565688 1581487 1590957 
99999 288044 410552 557731 737729 942487 1126104 1350714 1540464 1735332 1940507 2141223 2304117 2488037 2655435 2809701 2941579 3061825 3156650 3226876 3220358 
199997 257346 357122 456276 577377 708868 839576 985756 1111238 1270426 1415816 1572239 1726517 1888524 2053279 2201236 2356790 2515796 2675128 2829218 2980153 
199985 284441 443421 602520 802638 1027117 1247546 1499279 1711778 1996873 2256848 2528640 2800192 3088913 3375359 3645718 3934442 4223180 4510714 4790040 5051671 
99999 310052 605168 871119 1184508 1492295 1769597 2057994 2290680 2515946 2700233 2950686 3081817 3234230 3448766 3576280 3667546 3783328 3906287 4007236 4091135 
199975 225003 289012 361751 463367 556023 663120 777882 886585 1000693 1100772 1220336 1328757 1423806 1547445 1651933 1768006 1872985 1984704 2093565 2204576 
199975 233847 308255 418934 527039 654719 777259 901550 1032752 1173242 1299012 1428428 1556474 1683854 1830805 1941110 2073590 2200722 2316123 2456000 2576511 

