MergeSort QuickSort TimSort OESM Cook_Kim LIS LIS_treap BothAlgo DirtyClean2 
9 21 30
853904 853904 853904 853904 853904 853904 853904 853904 853904 853904 853904 853904 853904 853904 853904 853904 853904 853904 853904 853904 853904 853904 853904 853904 853904 853904 853904 853904 853904 853904 
905996 874039 886789 892819 945702 871713 881035 876681 873814 904559 901205 911941 888060 870944 875018 889071 940970 870932 907448 902836 876902 872449 875025 889790 883105 871158 880216 900905 897311 876324 
900184 921789 1010951 983237 910758 928783 985348 925122 945433 920054 903014 943345 915405 919890 902516 979142 912116 926016 974079 987939 906966 944340 918378 906459 943710 946894 977192 914019 908916 929288 
988783 955319 961671 973701 934105 970922 1006516 961012 952108 958081 998100 1000559 960780 983333 1028542 942643 1004638 1019638 954794 963633 937518 1009000 984831 940009 959766 953984 965717 953837 945247 955505 
1005449 983442 1025729 980983 984482 953386 971621 976591 993394 971928 999534 992275 1010112 997587 973371 1017934 999904 1046255 1014666 1012155 1048395 961216 1004823 982303 1028962 1054502 984667 1039606 1082090 988123 
1086079 1002956 1028253 1004910 1015900 1027168 1013881 998614 996157 1024755 1043204 1000782 1026155 1040568 1000933 1046621 1085321 1055088 1088103 1024517 1119990 1013420 1034300 1036706 1073311 1057649 1042808 1010334 1020580 1062374 
1055936 1054466 1100162 1091730 1046535 1047047 1099915 1062763 1098405 1074050 1050436 1111217 1073373 1066450 1070252 1058645 1029167 1097770 1084505 1046605 1070724 1077564 1068493 1049504 1107354 1082135 1144209 1064824 1073856 1046124 
1134917 1119280 1031211 1120036 1101501 1102147 1151155 1067586 1146218 1064704 1111023 1142447 1092282 1099800 1135262 1061024 1104686 1098160 1108499 1142716 1094984 1150390 1137524 1147156 1050366 1170934 1125219 1138771 1099266 1130751 
1145598 1199893 1130291 1141257 1123213 1198444 1148503 1146348 1158101 1164737 1066746 1175294 1107482 1144835 1189919 1100310 1210458 1076791 1138214 1132410 1214010 1087287 1102516 1152058 1138590 1148228 1142569 1144433 1115680 1129997 
1145797 1232075 1166028 1147752 1207599 1191446 1161245 1234516 1158386 1123309 1178439 1142735 1098062 1103443 1171996 1213397 1197665 1180064 1206545 1153832 1148347 1176004 1173475 1208556 1191347 1195022 1180059 1115059 1211721 1131023 
1202233 1207227 1224661 1222480 1259493 1194512 1249638 1193748 1216997 1286031 1214495 1232687 1262498 1183708 1219800 1174705 1216529 1227801 1228208 1229575 1196253 1224873 1206818 1237959 1149835 1197676 1218634 1275659 1209205 1214201 
1203496 1256466 1262938 1266356 1243916 1173288 1300054 1245778 1264479 1205699 1251846 1265125 1268949 1207888 1211049 1236490 1277846 1285390 1288047 1256876 1236925 1291491 1268100 1248442 1266731 1214055 1236231 1210639 1256747 1254647 
1326429 1280148 1256799 1279305 1276417 1279628 1292527 1318981 1257870 1272334 1298966 1245562 1317910 1300482 1272801 1291905 1301586 1269973 1292323 1316093 1246654 1268382 1332398 1312436 1326970 1322809 1285141 1281095 1320892 1253389 
1310626 1323884 1318647 1308842 1305863 1343812 1331303 1339089 1314056 1332690 1326140 1319878 1278966 1312819 1330981 1335159 1330621 1325981 1304249 1315743 1322624 1272654 1343211 1283147 1305347 1318115 1323951 1330598 1321359 1360263 
1310701 1348888 1331742 1337173 1390830 1392731 1385144 1352967 1339804 1364062 1381513 1362542 1382035 1382391 1372965 1319646 1384181 1389046 1344202 1378801 1385575 1334919 1364330 1334131 1361416 1379758 1378732 1356408 1365511 1364205 
1397396 1420790 1361590 1361962 1400461 1403457 1367610 1335906 1396817 1399396 1400227 1375834 1378163 1364152 1402887 1349425 1389639 1398080 1379367 1393784 1410120 1366280 1409130 1385428 1401273 1347707 1391522 1383726 1393661 1397222 
1393519 1390340 1424445 1432310 1424579 1416562 1437460 1430878 1424633 1433631 1405685 1419610 1377734 1382596 1427784 1408615 1437136 1417160 1422601 1364343 1415753 1419628 1422224 1429669 1409688 1429561 1418385 1439870 1415218 1435941 
1451504 1454152 1456860 1451200 1459426 1466840 1463889 1444561 1456874 1468019 1442492 1452413 1427673 1456858 1449769 1438704 1466350 1453069 1469061 1457817 1412224 1460518 1423253 1458898 1451646 1462577 1469714 1465242 1463959 1472413 
1483855 1479676 1454597 1479322 1478253 1488114 1473063 1488916 1486860 1487374 1487587 1467346 1473005 1469795 1492798 1478990 1483535 1479944 1468331 1485343 1483385 1491753 1484030 1487590 1481367 1493069 1487795 1491092 1464376 1491970 
1510562 1516906 1508229 1499365 1512210 1509921 1509295 1510074 1465345 1509307 1514518 1512285 1509087 1506109 1488022 1511333 1492435 1511168 1515062 1508416 1505500 1514533 1515977 1510238 1514455 1515663 1510837 1499064 1516738 1478506 
1536419 1536362 1536027 1536115 1536542 1536355 1536440 1536335 1536425 1536489 1536329 1536813 1536397 1536270 1536117 1536496 1536508 1536447 1536448 1536497 1536521 1536363 1535965 1536579 1536232 1536612 1536215 1536459 1536340 1536337 
1941012 2067181 2037801 1969879 2052152 1933367 1996100 2025050 2242099 2028784 2043649 2003850 2076653 1948312 1998982 2002106 1970122 1985486 2064229 2044255 1992548 2078123 2042335 1916293 2114476 1985858 2018662 2092855 1975262 2013191 
1971294 1945936 2041556 2048004 1989976 1957780 2114716 2081566 1939754 1961725 2035154 2070886 2062089 1953234 2048138 2017212 2163705 1943718 1979117 1991032 2110918 2042528 2094803 2043005 1958599 2163502 1975416 2006130 1947704 2023887 
1958889 2023229 1909649 2063150 1999141 2110442 2067428 1946092 2060077 2050268 2064362 2072071 2130559 1906970 2092586 2001348 1973962 2018341 1908386 1983304 1956096 2027750 1988470 2173458 1956424 1976344 1975005 2129315 2007386 1981437 
2007128 2078512 1928692 1999882 2000529 1987229 2138272 1994188 2060379 2062804 1992975 1951208 2011484 2069112 2009561 1955201 1939531 2050927 2086233 1898781 2087200 1981555 1913455 2038945 2022297 2010640 2048984 1999823 2329179 1961104 
2181855 2017736 1983364 2003377 2043052 2140032 1939514 1945175 2116378 2171985 1951239 1981421 2008971 2121145 1977398 2108262 1969914 1975268 2078829 1976198 2105245 2096504 1929120 2060176 1959229 2055996 2067948 2027950 1902671 2054595 
2060454 1956215 2148285 1923992 1933628 1994643 2045427 2087244 1992409 2080018 1944197 2013703 1980961 2049793 1999178 1930735 2136808 1969637 2013186 1912356 2008170 2068300 2033671 1960677 1970892 2071227 1933554 2025193 1947705 2022866 
1984212 2050737 2109920 2037707 2028315 2036502 1937361 2087748 2140692 2049948 1999289 1973061 2086237 1975046 2077940 2065639 2007670 2129461 2010191 1926979 1946085 2011273 1995423 2113234 1981334 2101329 1984966 2020639 1955199 2060276 
1982071 1984540 1990677 1966227 1996175 2104594 2004728 1973419 2050750 1960123 1969608 2012046 1935146 1976872 2148784 2089543 2005227 1992456 1999828 2066206 2024215 1957176 2001713 1950154 1974668 1919923 1928436 1959336 1938842 1924937 
1997471 1970168 1982821 1980979 1978594 2068113 2135032 2009142 2006351 1964582 2066163 1967941 2210329 2111600 1980976 1982245 2055052 1913278 2003694 2147673 2074455 2015732 2040142 2060756 1936853 2004670 2126202 2052706 1942875 1908618 
2110119 2047246 2051555 2057711 2063786 1998065 1944730 2064786 1957304 1962182 2042787 2078304 1979727 2124315 2005389 2016304 2065916 1953570 2060217 1978063 2018574 2003624 1960381 2080389 2139983 1971934 2003418 1986962 2009382 1978152 
2064306 1896258 1992580 1967528 1981536 2021429 2009799 1925272 2057231 2022605 1942918 1997252 2339669 1997027 1980822 2067142 2117035 2075938 2026173 1948152 1949879 2022084 2141962 1997446 2031336 1979714 2067022 2031061 2107015 2067289 
2075492 2104761 1958830 2007415 2111227 1975568 1972502 1968310 1922717 2045674 1980809 2038952 2087811 2120462 1941982 1967717 1990840 1921251 2118571 1979801 2039360 2002273 1983024 1950602 2008755 1955731 2029773 1933070 1951698 2032715 
1958027 2032460 1915260 2053870 1886019 1963624 2002641 1952261 1939460 2095215 2023378 2058571 2002508 1991087 1994994 1968275 2037347 2007962 2013485 2020992 1989929 2209812 1968499 1979596 2207955 2005425 2126559 1968544 2015748 2038014 
1996624 2060460 1956610 2029361 2022245 1939032 2069527 2024687 2153709 2078272 1949407 1981318 1951887 2040991 2015222 2113510 1942482 1984017 1946177 2072933 2016906 2038544 1988202 1947291 2121601 2016641 2122574 2073465 1993525 2133143 
2027225 1975426 2150022 2047647 1965162 2059525 2023963 1967468 2043334 1902046 1963667 1991424 2017676 2126612 2031472 2144865 1993936 1987705 2023045 1944156 2072892 1974431 1950979 1994315 1946517 1956630 2013615 1974736 2017895 2146505 
1927517 1992877 2005252 2075159 1914599 2453017 2022587 2060472 2000604 2052796 2038913 2043933 2074931 1975792 2018875 2011110 2018663 1959331 2080274 1931634 2096171 2011045 1949827 2031837 2034365 1927478 2036060 1976369 2066770 2160092 
1977712 1994264 1943850 2102695 2007987 1884406 2062073 1935024 2098319 2005709 1960413 1984217 1947990 2011636 2034866 1944019 2045792 2162611 1965568 1919358 2202225 2018160 1928741 2097237 2062656 1976520 2006933 2036649 1988358 2035310 
2018704 2124344 2048132 1939219 1958352 2073346 2049998 1933916 2036240 1964373 2015966 2066202 1959377 2007026 2042199 1981242 1943824 2010563 2037841 1959724 2111120 2024982 2018968 2006961 1978394 1934600 2056501 2103156 1961263 2047323 
2067646 2031674 2021231 2068961 2028678 2049539 2083246 1959257 2008514 2090390 1912070 1988570 1945012 2004672 2020252 1957211 1986520 2102270 1966419 1989022 1954824 2006836 2137958 2006967 2089204 2019377 2106038 1992305 1995556 1989242 
2001276 1926961 2008001 1921836 1991504 2091941 2111749 2100145 2050386 1997432 1965192 1919575 1969384 1978682 2018365 1950235 2098786 2020353 1991245 2036274 1926312 2073987 2064924 2002589 2060612 1953224 2037321 2109412 2082340 1995761 
2233946 2044535 1993750 1978480 1974232 1993421 2071222 1975575 1952938 2012134 2003178 1891643 1995068 1964892 2053878 2100635 2008202 1998541 1925162 2024791 1994702 2013555 1972976 2073991 2085000 2052879 2003150 1976153 2054411 2080191 
724843 724843 724843 724843 724843 724843 724843 724843 724843 724843 724843 724843 724843 724843 724843 724843 724843 724843 724843 724843 724843 724843 724843 724843 724843 724843 724843 724843 724843 724843 
794478 754957 769139 779940 830691 752162 767255 761390 757876 786003 787527 802539 773263 753456 758579 778098 835671 752498 791961 783728 758282 754063 757021 774705 764880 751116 763037 790739 775517 757947 
806844 825570 892011 887300 806082 833805 908923 836445 864249 828099 811795 847664 818899 834727 807800 894938 825055 838827 920407 872844 812642 869883 828346 814749 860155 862370 892962 822984 812627 836276 
929512 891183 933144 901248 873449 926910 935958 892325 899260 903882 967405 952906 906324 952292 958697 871179 941624 941077 892779 898504 873112 975755 900525 882346 909570 890922 914950 890114 888095 903391 
973087 950792 1012066 942772 958774 919766 933207 942105 965632 934773 977447 970074 982113 973917 945950 1012902 978558 1023394 998002 990599 1008567 938507 997092 949045 990439 1011511 956266 1026835 1039493 952831 
1063941 1001931 1031847 1017195 1026792 1032085 1013648 1012354 994038 1038422 1056869 992077 1055212 1043843 1006896 1039943 1098332 1064166 1093635 1028585 1116743 1001107 1040018 1019796 1058510 1071075 1095445 1016362 1028801 1062329 
1089655 1082781 1162650 1120378 1087817 1090052 1134469 1089958 1142633 1127005 1102023 1139405 1112100 1105702 1093174 1100634 1060416 1137934 1122979 1086906 1134864 1108890 1096237 1081395 1153821 1119247 1157317 1126290 1109547 1081215 
1201497 1195109 1114765 1192819 1176458 1181414 1217765 1138348 1202680 1126987 1191758 1195511 1152564 1197301 1214582 1116427 1185857 1161654 1178707 1196407 1193464 1236852 1206919 1233946 1116597 1236771 1177400 1227589 1190122 1204583 
1237140 1288072 1218610 1251822 1224261 1289368 1265964 1240241 1239625 1288085 1168100 1298223 1210191 1233595 1268100 1201574 1322197 1190770 1270439 1260028 1295915 1194515 1200909 1262935 1256417 1242383 1275915 1252712 1210329 1243406 
1297436 1369554 1322706 1293128 1350902 1293438 1289502 1377601 1305012 1262708 1318897 1289336 1253562 1247798 1338351 1352334 1334408 1307900 1344292 1310014 1282728 1324022 1292418 1341647 1347065 1327841 1299922 1257225 1335915 1279949 
1384867 1383598 1385264 1408984 1408100 1364171 1434006 1374585 1406099 1449637 1374734 1388014 1405773 1354243 1416248 1357714 1378964 1385781 1408500 1401169 1384113 1401942 1380414 1420439 1326111 1379687 1378512 1439328 1385261 1392926 
1410939 1464755 1508843 1447528 1443395 1389402 1487880 1459033 1470450 1425369 1474370 1473084 1484654 1424107 1438163 1451668 1464632 1494194 1514636 1437041 1438261 1474411 1453243 1469119 1456032 1416405 1442227 1418458 1445172 1443701 
1560416 1499820 1505906 1533172 1519230 1512248 1539643 1558087 1483961 1514098 1532835 1488056 1545192 1540983 1508696 1534043 1554569 1495933 1526823 1553834 1485588 1520049 1575887 1570667 1570988 1552602 1522237 1528854 1537661 1495844 
1585033 1578500 1597106 1594623 1590684 1588539 1588295 1611737 1579906 1597161 1614269 1608166 1560623 1587870 1601551 1604340 1614191 1600721 1603044 1590089 1613697 1527456 1591338 1570270 1568869 1557555 1605047 1593800 1610832 1618199 
1627956 1654787 1652146 1654714 1698083 1696204 1693412 1667144 1640146 1660884 1684729 1665924 1686319 1697220 1670307 1648179 1687787 1698691 1649337 1677038 1705877 1655009 1663472 1638691 1655439 1684581 1697643 1657412 1667916 1679035 
1734436 1751770 1708378 1711840 1740134 1733933 1711873 1683423 1738627 1749854 1752625 1721449 1719202 1720039 1747343 1682828 1735262 1745924 1736373 1735864 1746501 1720635 1745884 1741842 1743387 1702206 1739409 1712750 1741827 1734571 
1766110 1768213 1808971 1807804 1795035 1788591 1798909 1805423 1802391 1805659 1786550 1802128 1762207 1765896 1796880 1787977 1821721 1782726 1798902 1745192 1783085 1786446 1796383 1810869 1788149 1805152 1783907 1814725 1787168 1816511 
1854342 1861133 1866875 1865941 1872359 1881285 1867756 1862037 1866595 1877964 1860699 1862325 1835176 1866429 1865219 1851114 1874125 1860365 1878223 1873833 1842821 1871180 1848974 1871718 1860885 1866211 1874600 1870789 1868278 1882522 
1926671 1922476 1915905 1923386 1928596 1931053 1918992 1938645 1925005 1932626 1937623 1908519 1919607 1896481 1940802 1929502 1928208 1922994 1910522 1926720 1934114 1935815 1930459 1931230 1927292 1940411 1928824 1936254 1920950 1932213 
1988318 1995085 1989332 1979582 1993327 1989730 1987933 1988465 1959934 1988924 1988424 1991247 1980739 1986019 1977004 1993371 1980197 1993061 1992097 1981262 1983046 1992878 1994418 1983089 1992925 1993745 1991033 1963742 1993350 1963456 
2046101 2047848 2052143 2046574 2050134 2047580 2050284 2045916 2049990 2046006 2047577 2049326 2049350 2047866 2045635 2047612 2048388 2047877 2048119 2051309 2048521 2049204 2048157 2049802 2051309 2049709 2049669 2047977 2050082 2048908 
99999 99999 99999 99999 99999 99999 99999 99999 99999 99999 99999 99999 99999 99999 99999 99999 99999 99999 99999 99999 99999 99999 99999 99999 99999 99999 99999 99999 99999 99999 
1048038 968099 978625 1037289 1045048 1005294 988341 1039081 1028537 1047200 1051581 1032613 1034796 1021568 1025503 1035377 1002793 955156 1050979 1007797 1022731 1000107 971382 1025883 1057624 999814 1031620 1009287 1011725 998683 
1106241 1110423 1109813 1080010 1105226 1096739 1126443 1124331 1094560 1112914 1141124 1109553 1127161 1098140 1104588 1116900 1138453 1109473 1045290 1129534 1110705 1078811 1125470 1158451 1084510 1129307 1117587 1100776 1142761 1118544 
1205551 1171788 1156277 1176361 1173707 1122162 1218017 1177742 1130557 1153684 1187258 1155547 1185141 1177030 1207317 1178038 1179148 1168994 1193271 1182464 1175181 1179855 1198150 1143688 1197820 1174171 1154970 1162784 1168352 1194337 
1214489 1220238 1173475 1221899 1195874 1184290 1188038 1167517 1180579 1194523 1193292 1189237 1217947 1202279 1206818 1207618 1229823 1164690 1230661 1223190 1208751 1217568 1216596 1198185 1172547 1258141 1211547 1223669 1177851 1191262 
1269853 1236076 1251326 1219627 1259619 1240119 1241725 1240116 1236830 1222114 1259506 1243036 1210598 1252435 1230314 1240589 1280181 1242630 1278675 1250094 1317062 1242211 1255540 1246816 1291452 1266458 1258486 1230512 1249958 1280318 
1264569 1283615 1282475 1274588 1262017 1283218 1311845 1274881 1296897 1270827 1253194 1306060 1258364 1277207 1287554 1294785 1270567 1309971 1285715 1261650 1266847 1263915 1281398 1276262 1266387 1291997 1293342 1273466 1285478 1284264 
1334030 1300053 1268806 1335478 1303424 1297521 1327075 1286746 1349242 1280909 1342019 1298339 1300975 1278591 1306128 1295824 1308633 1307673 1326912 1332751 1259156 1347257 1330003 1277374 1280296 1315827 1324121 1349460 1314397 1342647 
1331059 1379473 1331685 1332054 1337974 1381771 1330947 1325213 1371968 1347347 1287715 1342683 1309510 1334612 1317414 1298309 1341211 1306601 1337896 1336366 1390482 1302345 1309620 1322854 1340749 1360492 1344693 1359331 1318521 1328528 
1336451 1346017 1345739 1335211 1354172 1377301 1360884 1399950 1351394 1326036 1372989 1324296 1303220 1315331 1345195 1363391 1379124 1359715 1378417 1356397 1337081 1361450 1365069 1376055 1367637 1374208 1369958 1306297 1384688 1328496 
1353412 1392168 1410448 1394050 1420633 1368750 1408457 1361017 1378264 1451712 1377429 1393962 1425386 1362305 1392236 1350032 1397807 1387627 1383501 1403001 1376448 1396591 1359267 1398098 1350360 1392884 1383454 1436086 1382521 1380995 
1367833 1411189 1431191 1434089 1411246 1354811 1452200 1417980 1413524 1372125 1411645 1448084 1406044 1388089 1386797 1394287 1431650 1432706 1435661 1427279 1411190 1452640 1444092 1402520 1429491 1391767 1412724 1387081 1410729 1415706 
1467646 1431154 1409829 1438829 1444910 1432059 1427896 1449310 1415159 1436764 1453270 1405606 1462061 1445118 1429457 1425737 1456944 1430627 1428630 1467308 1399319 1426075 1467484 1462230 1478468 1490036 1427502 1444140 1462954 1420795 
1456083 1467769 1464504 1455541 1441422 1488403 1469726 1470577 1438689 1466180 1479795 1463471 1434877 1452290 1475608 1455123 1465798 1478263 1444646 1467858 1468913 1424236 1472424 1426078 1456275 1462361 1466117 1473484 1458112 1503677 
1447332 1477694 1468430 1471921 1517784 1522892 1515394 1487273 1466508 1492117 1508405 1480639 1514371 1505386 1491838 1461078 1512493 1503160 1481293 1508351 1522581 1483218 1491588 1485119 1510086 1496321 1502261 1485278 1487269 1493747 
1522872 1539708 1484380 1485354 1523069 1522598 1497628 1467377 1526969 1515555 1516821 1501600 1493634 1492979 1519206 1475050 1504455 1516396 1502018 1516546 1518694 1486965 1525742 1512141 1530772 1466399 1517232 1509143 1509249 1515333 
1501986 1512323 1534965 1539365 1539118 1526330 1550102 1529968 1532473 1540793 1519098 1537168 1494163 1494058 1527235 1525060 1542294 1525293 1527311 1476159 1534662 1536480 1527683 1543640 1525843 1542394 1530509 1536135 1524113 1540447 
1545974 1556485 1551605 1547409 1550134 1567556 1556777 1544959 1552753 1567429 1535460 1549418 1529889 1557583 1553335 1537636 1562900 1543405 1564270 1551240 1511486 1555769 1520821 1557104 1553701 1554803 1564689 1570698 1551464 1563441 
1567624 1562962 1536832 1562223 1563358 1571284 1562893 1572321 1568265 1568685 1574967 1547452 1554745 1555704 1578343 1562258 1563624 1563891 1553250 1561686 1565982 1576185 1563755 1570936 1565168 1573669 1571054 1575881 1552057 1578330 
1581358 1585378 1577979 1568812 1588113 1575895 1579291 1578324 1536107 1577368 1584579 1582390 1578158 1581036 1563201 1579799 1567427 1578971 1584249 1576785 1575933 1582822 1585754 1579661 1583694 1585898 1579188 1568516 1587429 1551165 
1590781 1590846 1591107 1591038 1591006 1590902 1591106 1591137 1590379 1590887 1591167 1591058 1590896 1590843 1590882 1590757 1590765 1590724 1590931 1591214 1591162 1590617 1591329 1591114 1591106 1591029 1590902 1590818 1591133 1591046 
99999 99999 99999 99999 99999 99999 99999 99999 99999 99999 99999 99999 99999 99999 99999 99999 99999 99999 99999 99999 99999 99999 99999 99999 99999 99999 99999 99999 99999 99999 
298473 309128 280487 305383 336073 269635 326393 274205 274280 287783 279369 338070 273628 264635 281361 289172 327341 272322 295991 292633 274738 277953 318392 286645 286354 269569 279815 303108 293316 266315 
357910 371768 479733 463916 340215 392404 438585 375922 548978 352149 358505 406444 343344 429124 347389 428473 356934 401459 479242 484532 366956 522968 378880 384819 473929 411394 489513 413153 371622 432049 
595648 504193 535932 533984 500767 602751 596369 494849 726791 689741 594959 669243 577341 588994 551668 492488 578021 645474 511528 539301 486931 594722 567082 582317 509530 521172 661180 588788 505088 495288 
744676 727139 921044 676386 762502 706663 663199 804713 781178 677093 818973 789111 640186 773748 725657 747388 712203 791619 698313 832294 830784 687549 852997 838413 821600 733338 858088 743364 816815 799808 
929902 894168 833157 931050 1052336 912258 887687 913146 814206 857854 1047080 823099 1056574 962825 918681 847527 846207 968311 902157 815189 1180900 835020 848377 811536 956213 830353 943483 909706 963457 955739 
1088709 1058523 1254280 1161640 1138870 1112080 1029617 1111822 1096123 1263958 1213659 1096537 1209301 1257871 1019931 1145543 998156 1070322 1070639 1044801 1038747 1187493 1210657 1030092 1289489 1022744 1237555 1175870 1053541 1036889 
1251905 1651605 1215254 1426689 1449377 1282989 1406535 1222888 1668149 1283228 1152831 1336437 1527864 1220677 1220598 1198241 1397396 1312780 1242523 1339450 1406461 1241666 1225581 1378198 1290241 1612196 1398000 1147163 1264869 1253054 
1708925 1555566 1680970 1613184 1462164 1492124 1709603 1721684 1492238 1577464 1385604 1527094 1737624 1516676 1680849 1577186 1800885 1514281 1472978 1378498 1496009 1446991 1626737 1482049 1425298 1352874 1519474 1456086 1446894 1534829 
1876599 1618839 1545909 1714201 1649802 1707236 1614602 1739180 1480586 1789579 1834250 1840458 1649442 1695231 1825612 1797256 1651269 1918360 1769228 1613811 1682942 1808864 1772279 1734010 1742077 1804600 1681516 1686226 1598508 1863537 
1868562 1920122 1991227 2209706 2023573 2019799 2059625 1974901 1976035 1792485 1849575 2191488 1793265 2091349 1873084 1873684 2069308 1930790 1841339 1870390 1862693 1729803 2046516 1724630 1900867 1923233 1940775 1789810 2092067 2152483 
2215396 2306954 1956228 2031423 2329006 2078504 2036497 2016349 2161410 2228195 2255838 1889485 2257796 2116413 2243253 2114565 2326679 2053391 2097680 2054995 2002203 1842070 1882805 2342938 2180179 2074272 2290627 2382389 2350966 2293853 
2533757 2573548 2455792 2234206 2391048 2558100 2431425 2152493 2185055 2118990 2385113 2425071 2250968 2116818 2177897 2400169 2402991 2122724 2501408 2492741 2408132 2400017 2234490 2041235 2483742 2127714 2589123 2107443 2246723 2226355 
2447076 2722793 2204205 2501284 2526416 2481890 2281019 2759977 2438547 2437315 2362454 2253386 2404656 2559514 2346242 2639950 2425936 2296288 2228991 2650281 2277231 2501901 2423940 2513492 2510807 2329217 2321965 2652666 2468836 2676673 
2629453 2618505 2480905 2709285 2809220 2563848 2525694 2644938 2566607 2626842 2644023 2657871 2870857 2875912 2503499 2462519 2698003 2710178 2890734 2533747 2693877 2575781 2746591 2541399 2810648 2731849 2491937 2823092 2800544 2695566 
2640685 2838990 2876376 2802726 2877026 2906100 2610656 2915406 2516515 2851387 2616859 2889023 2732927 2639447 2790852 2889697 2785333 2793633 2998172 2843762 2659433 2793669 2758213 2637240 2636032 2810995 2644529 2869187 2897670 2805911 
3096902 2971426 2846955 2928002 2919259 2942211 2952594 2794877 2864146 3121804 2890855 2874656 2844554 2912366 3045675 2981428 3006055 2966639 2896386 3067084 3025659 3014830 3099108 2980218 3009470 2960672 2973688 2990597 2962367 2999900 
2965091 3040764 3089865 3153396 3108869 3025795 3075106 3117227 3180785 3131835 2946317 3053043 2936770 3121073 3193021 2962773 3054432 3111019 3145726 2976364 3048179 2883674 3099966 3012596 3151280 3101101 3083372 3183712 3166333 3055382 
3168764 3108585 3228407 3193152 3154667 3167767 3138866 2981493 3086001 3012937 3059772 3164593 3211629 3198280 3087006 3114771 3182006 3141855 3192990 3203699 3130105 3175581 3159104 3069977 3071282 3035641 3205322 3204312 3122861 3208920 
3246178 3231890 3248097 3204968 3216340 3265437 3226687 3244081 3216979 3210192 3230989 3219857 3237416 3216010 3208743 3196077 3209500 3247300 3210091 3221609 3217150 3252875 3228524 3252747 3206190 3195937 3224580 3253355 3257758 3201666 
3231153 3239557 3243106 3230809 3259291 3202829 3237409 3215948 3193662 3216983 3246760 3229495 3220365 3239123 3194971 3212054 3249968 3219615 3217265 3218391 3228176 3253484 3200557 3258869 3227387 3244665 3218872 3262350 3242661 3266422 
199997 199997 199997 199997 199997 199997 199997 199997 199997 199997 199997 199997 199997 199997 199997 199997 199997 199997 199997 199997 199997 199997 199997 199997 199997 199997 199997 199997 199997 199997 
290989 242601 256406 281515 334941 231444 264874 241672 238522 281956 279773 299259 257773 230649 238584 269136 345154 236540 277137 281349 239877 234837 247986 264929 251185 227106 247789 282548 261567 240569 
297261 327440 447303 439844 299351 356789 465625 342739 433446 328074 298863 372967 311898 359934 300927 453468 315406 358317 467969 418817 313579 431047 333795 313120 414296 384809 437586 343120 311293 367620 
485461 425412 454364 438089 386971 524743 508378 425652 513416 511474 534225 537122 460499 510806 548106 390223 536359 554954 422387 454496 385654 553984 445348 450905 432411 430857 490654 442037 398804 412267 
561612 531235 692791 497805 570331 480961 500027 564740 593154 494248 614250 594199 561961 609371 533125 641932 554600 718258 562066 639482 686459 491198 634883 576748 675798 646619 600092 647392 742835 593368 
736165 610804 645988 654616 707524 658226 636641 631984 556051 665884 755005 584085 752438 702733 620325 723066 779171 733202 779043 652451 875674 577946 666498 639100 725714 754542 702211 624995 677277 762914 
775134 744614 920072 868033 756177 740932 875805 784325 820376 877686 830218 849977 889655 868326 792260 754713 677736 896826 843745 753452 827497 903376 821879 713226 923777 820068 957750 838432 820675 718334 
993101 1108519 731916 973033 992025 992125 1077878 821733 1117568 819851 967145 1127940 996278 942044 1053374 791594 982734 943332 952187 989587 1073323 1046248 989303 1098015 807293 1156709 934634 989223 898567 936896 
1159249 1162163 1040271 1204367 982005 1228124 1175288 1142579 1054135 1215532 844305 1189332 1108173 1079125 1270004 1046583 1303271 914175 1068569 1085984 1148474 895056 1066021 1180541 1103057 1045550 1121150 1109021 1006804 1036513 
1231802 1412319 1138199 1172744 1373653 1146663 1082189 1401727 1168541 1099663 1247231 1257255 1011166 999943 1262259 1393858 1274797 1278047 1312028 1162075 1145828 1257606 1216826 1393255 1299445 1297638 1265106 1063477 1370582 1165714 
1384533 1352733 1453951 1479282 1449001 1362167 1529333 1411395 1455891 1566548 1404413 1475205 1424595 1353638 1423578 1260373 1390683 1452012 1453584 1365241 1407447 1435128 1364992 1534785 1178435 1326050 1348210 1536422 1449483 1451225 
1498548 1600499 1580890 1588109 1540699 1300944 1677951 1547344 1617094 1464899 1578790 1546161 1702860 1420886 1412520 1506505 1569977 1667833 1677307 1459363 1458062 1621215 1514343 1571299 1636515 1378274 1508962 1483292 1665869 1609507 
1824808 1704877 1694581 1657535 1733137 1681804 1790876 1801069 1566735 1633547 1721357 1618986 1773847 1750996 1655125 1798060 1750690 1591682 1785874 1826792 1530987 1664219 1860751 1820069 1841522 1655212 1786551 1694331 1773483 1647822 
1822965 1868629 1818502 1903646 1900279 1791774 1877262 2030128 1791041 1922026 1893998 1899807 1743504 1844658 1936918 1962597 1915412 1783309 1806530 1838342 1919641 1670166 1918122 1750656 1782550 1692561 1851252 1926736 1856567 1955140 
1888670 1997112 1938011 2019873 2095649 2115315 2124459 2046673 1909960 2062925 2128306 2054868 2085272 2152439 2095243 1911028 2109535 2113573 1981778 2075338 2142617 1947181 2061133 1866720 2035576 2104916 2087305 2015093 2082482 2063574 
2206997 2286410 2094322 2126262 2223444 2231544 2147953 1966812 2231001 2212269 2276166 2152308 2167115 2126354 2241000 2044362 2208232 2213316 2173317 2221487 2282005 2179883 2131985 2144856 2160728 2072295 2186451 2127531 2216345 2226081 
2226345 2194803 2373369 2403033 2342465 2319321 2395712 2379029 2408806 2383235 2307065 2323074 2205411 2236029 2371170 2306142 2403814 2287211 2382530 2110716 2323166 2213973 2364266 2401679 2284356 2382701 2316988 2433386 2324282 2411415 
2461467 2540405 2541311 2514700 2552335 2569487 2573211 2480555 2551359 2551243 2479535 2483250 2427681 2518752 2475092 2383839 2579267 2476181 2559151 2546034 2378539 2549479 2444257 2521977 2492087 2530429 2567546 2540227 2537401 2575720 
2681817 2671391 2543620 2647733 2651220 2676545 2625172 2686242 2678535 2697603 2694929 2578528 2660006 2520216 2704398 2658478 2662960 2658393 2577100 2663813 2672511 2676628 2671547 2706334 2648282 2721223 2692438 2692760 2556310 2701594 
2794883 2848940 2819434 2785006 2835716 2818435 2800666 2773289 2650265 2808994 2829884 2820757 2749408 2809454 2769453 2827115 2816475 2820874 2826638 2771850 2796491 2840773 2864070 2711978 2851895 2814215 2802982 2650684 2842819 2673582 
2969887 2975626 2995740 2978591 2988466 2981928 2981758 2982412 2979235 2976131 2977694 2997595 2982153 2974087 2976780 2982571 2977195 2983458 2974727 2994885 2977566 2983039 2985593 2979204 2978916 2981314 2983246 2961296 2979561 2980320 
199985 199984 199985 199984 199985 199983 199988 199986 199983 199986 199984 199988 199988 199984 199988 199974 199987 199985 199986 199984 199984 199987 199984 199992 199990 199983 199988 199992 199989 199983 
329832 261805 280049 324310 398428 243069 297336 258277 257433 319572 312537 352452 283461 240981 254705 301285 415907 255370 308971 318419 254258 248337 275532 291950 272739 237067 266134 316723 288351 255601 
343016 386937 583311 573428 341158 436192 599655 412651 577545 384432 344578 464756 361704 449350 345383 584828 367407 439975 631827 546677 369789 573944 400699 366359 544989 482636 578723 422038 361720 462297 
649105 548007 592218 569497 484767 732095 679943 538838 745483 714780 745876 751242 616011 692058 743004 492472 731893 771984 540786 603724 475602 761687 585688 606325 561580 560653 672696 591490 499275 520553 
778962 729976 1025970 667591 814648 654396 670626 814060 859169 674461 869023 840199 768904 857679 734978 911197 771730 1067822 766960 927952 1001996 665599 922378 834667 992911 906262 872753 930094 1105696 838744 
1107119 853360 907796 941046 1047604 932960 924767 910252 758798 966016 1125026 808992 1122934 1033346 881518 1054737 1133507 1079500 1159938 913517 1350768 795045 940571 896538 1072090 1113396 1024004 891594 991463 1128239 
1136403 1079503 1433647 1312265 1105363 1072848 1318447 1146373 1229953 1331844 1280164 1289914 1369641 1344530 1161301 1111760 951780 1314481 1269467 1083552 1239066 1408801 1239600 1019713 1421034 1197056 1457637 1288629 1229660 1061285 
1525751 1783224 1046172 1509764 1567902 1546572 1698954 1214356 1757566 1215904 1443622 1789279 1546649 1456976 1598444 1158473 1516148 1434806 1469810 1560150 1685975 1627609 1492224 1722589 1187848 1846326 1429113 1504451 1369112 1444166 
1825658 1837867 1612765 1867799 1481986 1985532 1884080 1805260 1636340 1878614 1232109 1883206 1785947 1700796 2025508 1649994 2136605 1362551 1638961 1681762 1771974 1331510 1697901 1868036 1721776 1594562 1745461 1747916 1539616 1586426 
2010826 2284355 1749408 1862972 2255547 1803100 1663862 2268797 1793478 1699791 2001234 2014295 1541862 1501793 2011213 2275907 2029174 2027053 2135828 1790254 1818405 2000199 1964798 2295321 2028869 2106422 1990205 1630896 2194054 1863670 
2220501 2174431 2362149 2414410 2311206 2134569 2551795 2339841 2378746 2502444 2255564 2454421 2261054 2222545 2267220 2008687 2237722 2321914 2341783 2142633 2277343 2276329 2162880 2450573 1829281 2104261 2147799 2477006 2402530 2340188 
2440096 2638545 2548173 2581389 2548793 2069300 2744072 2468747 2628191 2426314 2556076 2482001 2819063 2266042 2263878 2430823 2587277 2706457 2796243 2322722 2320220 2601415 2436050 2579881 2616530 2233550 2453296 2374700 2823003 2597407 
2995742 2793012 2821730 2711981 2893709 2795577 2969774 2924544 2515170 2591415 2805537 2646209 2853085 2860172 2646928 3060425 2865019 2558295 2944483 2998614 2495418 2763470 3034483 2959716 3031403 2668910 2944214 2771620 2903431 2729571 
3087038 3140214 2996299 3188242 3174825 2955145 3115177 3460913 2951637 3154828 3158438 3147975 2835439 3019871 3258033 3352174 3130313 2882666 2957223 3058013 3220971 2723233 3232308 2887590 2916397 2707082 3054937 3173004 3119179 3329169 
3143044 3271405 3162511 3318812 3538221 3569388 3539120 3423870 3163655 3434722 3583405 3421405 3488848 3605957 3538667 3143688 3536918 3559518 3422034 3393742 3488654 3177884 3486742 3035258 3352138 3504312 3459198 3392866 3518056 3513583 
3614608 3905403 3460546 3544324 3791147 3777315 3627311 3233332 3721838 3683310 3778503 3593422 3694341 3509901 3735989 3399502 3642598 3603015 3637335 3754916 3861711 3667548 3550120 3560766 3561346 3421152 3668855 3553498 3759803 3798573 
3752359 3676921 4006512 4057810 3935792 3878797 4021666 3980482 3931517 4075286 3838202 3917554 3653621 3783004 4069501 3928750 4115054 3831675 4028915 3557511 4014612 3714977 4071536 4097038 3879500 4085913 3897406 4103617 3896726 4097476 
4179281 4286130 4242055 4254992 4310430 4366169 4321751 4145139 4319971 4422994 4187588 4231780 4083587 4250446 4223355 4066450 4376032 4248803 4342899 4176646 4118382 4261170 4038885 4295753 4144977 4323639 4249304 4299154 4319261 4336971 
4673528 4524103 4347756 4529288 4400763 4587011 4497464 4677129 4522006 4617425 4653589 4377231 4447079 4304034 4623006 4452819 4561282 4610670 4413401 4607421 4607110 4575035 4601973 4425423 4436286 4651735 4553823 4702252 4362852 4666153 
4813245 4749019 4807725 4833992 4800295 4775411 4628883 4702944 4483871 4825385 4774071 4791760 4734107 4825741 4662514 4923776 4621541 4851815 4805108 4734873 4746576 4779169 4766835 4549508 4802431 4817448 4832244 4473274 4759351 4612470 
5134404 5028314 5064445 5000372 5112181 4974447 4972138 5006628 5035838 5118046 5076567 5136171 5128964 4998989 4962423 5139863 4955919 5010326 5048445 5042144 5104183 5098951 5081374 5165195 4992708 5078891 5038607 5009032 5084974 5193278 
99999 99999 99999 99999 99999 99999 99999 99999 99999 99999 99999 99999 99999 99999 99999 99999 99999 99999 99999 99999 99999 99999 99999 99999 99999 99999 99999 99999 99999 99999 
379973 249867 278496 366934 647902 240583 279432 258769 256507 359234 400524 546316 281621 240756 254633 348855 980042 253173 315654 314575 260076 245555 254628 292488 284766 235633 271526 379903 330369 251928 
354517 573109 1035031 632872 350609 440541 780102 754278 1125594 398653 360875 533231 367681 517123 358497 678459 439495 469070 704912 687116 501130 1160592 588311 371132 1146774 976684 809551 534241 390583 533924 
1144199 731517 703037 634563 685232 733072 924838 632840 831977 890265 929715 1660585 852659 1018368 1110093 599761 1107199 980870 641094 658488 597528 1459829 725662 637079 790681 691160 1250692 996071 894574 749837 
988796 947345 2292402 1000349 899741 741335 797259 783109 1029076 965810 1821793 1158123 1036915 1099894 849140 1077358 1040877 1787058 1297069 1355941 1285568 717517 1294375 1049718 1134027 1552292 1088110 1064014 2152497 1034902 
1400563 1006207 1168250 1174662 1457041 1247594 1121508 1076374 981895 1401578 1706658 936950 1409696 1591634 1034540 1930838 1547101 1317783 1582063 1017491 3396939 1006798 1396207 1074757 1464570 1434712 1799576 1092335 1254568 1633219 
1703162 1592909 2329107 1892467 1593794 1541295 1942680 2093376 2066756 2276535 1963000 1566645 2488451 1832556 1413348 1641989 1401898 2254287 1579961 1422785 1418245 1546839 1897493 1592795 2525063 1734525 2834889 1828216 1553247 1332676 
1947787 2022551 1270761 2827075 2136572 1822166 2430546 1481825 2260853 1662899 2196562 1867092 1851374 1715910 3183864 1429441 2292680 2119082 1845280 1928106 1696447 2008591 2138505 2160812 1367826 2911591 2098037 1834573 2023719 2080533 
2236360 3019420 2235571 1993431 1874863 2913909 2821917 2264457 2288967 3640354 1415782 2978687 1818864 2107338 2661676 1754000 3098942 1727636 2017540 1788386 2614575 1725914 1976073 2307493 2388833 1875600 2454351 1991721 1833534 2262844 
2126612 2993990 2185921 2264637 2419151 2454769 2229485 3741547 2089597 2066327 2754070 2236857 1798686 1771564 3021994 2610753 2674806 2583617 2921838 2421259 2044933 2878348 2264521 2351914 2627954 2994281 2196091 1818885 2057059 2083626 
2545309 2607697 3084031 3052693 3380630 2712812 3183208 2190905 2687330 3401336 2193841 2954091 2906976 2459625 2607607 2396550 2661993 2472000 2597597 2830487 2388667 2950869 2851915 3523852 2328918 2451693 2638765 3268707 2478506 2731379 
2390488 3151611 2878022 3058847 2834375 2145163 3438950 2816510 3455414 2496312 3211881 2742472 3322128 2689378 2772800 2732645 3153756 3430431 3511502 2578865 2854422 2847472 2590454 3153651 3178409 2421531 2864842 2629432 2583469 2769231 
3576081 3191067 2688992 3075427 2883744 3150180 3349750 3260618 2753678 2851668 3127612 2762469 3541909 2900130 2895033 3197647 3734125 2759085 2938426 3888728 2715809 3036480 3640892 3354370 3945991 2926723 2858735 2838976 3004989 2731599 
3072833 3294137 2959901 3153520 3425405 2897038 2928869 3216358 3049939 3602357 3685496 2967290 3002582 3075337 3343603 3289544 3568260 3115003 2995447 3368244 3028546 2780078 3000794 3007955 3076081 3025506 3145826 3657387 3253801 3782903 
3036904 3163550 3141201 3173689 3779850 3587683 3658425 3545682 3313702 3440272 3644656 3636546 3750455 3985095 3436871 3078939 3876518 3728477 3390577 3653119 3999034 3472312 3286158 3262303 3453249 3662566 3540078 3511474 3240932 3912825 
3422197 3697771 3569443 3338271 3656797 3645086 3150955 3034662 3359825 3648507 3791379 3440862 3336569 3332555 3544557 3373119 3658818 3576959 3722284 3672020 3320575 3287486 3515644 3460173 3445602 3206411 3248559 3461367 3559710 3646389 
3430108 3436683 3767276 3751836 3675553 3605868 3968623 3663850 3868847 3818565 3677998 3696543 3488687 3235159 3765762 3905796 3878253 3525934 3684244 3229806 3543522 3493592 3677507 3907006 3523670 3712926 3585809 4015856 3690810 3735211 
3681279 3968289 3939922 3906776 4004384 3911405 3756661 3772080 3872686 3793146 3647474 3781571 3622389 4023803 3911508 3510648 3994803 3781787 3999263 3865092 3421687 3818847 3709406 3827816 3818666 3887449 3988436 3998053 3849361 3961048 
3869958 3933317 3775236 3974118 4042340 4010171 3770097 3766041 3987706 3827751 3862104 3730218 3884772 3721355 3872934 3878190 3916550 3815064 3775617 3959445 3907727 3987805 3872530 3964773 3817804 3908798 4019852 3979704 3754185 4041322 
4005327 4075893 3988062 4019860 4077803 4062599 3974558 3997026 3755884 4068543 3987567 4068185 3983710 4066209 3902483 3999409 3980474 4069662 4044368 3970930 4088200 4009132 4068274 3814781 4088271 4026941 4032006 3709554 4076564 3789761 
4104040 4104440 4117995 4103654 4117757 4107397 4112217 4111815 4119953 4106149 4110072 4127443 4114930 4109466 4102265 4111012 4111592 4109854 4112386 4121782 4102397 4117010 4117663 4119434 4118732 4108684 4096182 4102572 4115586 4107382 
199977 199971 199978 199978 199972 199978 199980 199978 199966 199975 199976 199972 199979 199974 199979 199979 199979 199971 199975 199972 199974 199974 199979 199971 199974 199982 199985 199972 199978 199981 
225293 231889 218060 225262 249485 240134 219638 213637 217275 220445 229184 220467 223011 221137 217561 214872 220001 218862 241081 213187 223292 225504 215204 215050 232422 217316 219606 215537 231460 242482 
331370 256220 315830 302329 267944 295971 264459 298658 283731 274278 279948 301367 282924 315043 274232 277682 281658 292243 269110 347884 261878 258792 290628 330854 270184 269186 327777 287213 294997 303562 
369973 309308 408688 444901 342358 370341 424619 342944 333910 427518 338862 343257 368975 386569 319028 355828 436120 328866 408300 424815 368257 373946 316998 356244 371755 355839 372174 368101 348142 383767 
550276 407671 458550 481196 529479 470454 468103 503680 503717 483718 525793 401926 374080 410428 475780 527624 418693 431553 476389 409314 465465 454364 426061 419930 402577 403008 385746 540998 499032 459559 
517654 624367 541690 643071 545803 569197 641091 595956 480304 514564 546958 525120 523716 586217 534917 667125 614053 472474 559208 620150 614681 542742 654170 657788 623410 590749 567074 593902 506905 636146 
613305 739111 645143 678182 638275 711277 649420 615713 692178 741515 678015 618480 621001 624970 692734 662458 750296 739554 713514 733040 637680 727130 633237 646317 637888 650225 737305 706646 529967 730066 
748464 816390 846822 792072 773491 652089 682154 736576 829771 810366 713704 832962 772659 697285 750635 799778 691750 835261 838666 762722 798527 694370 714270 851938 829246 835333 858570 657786 837336 838868 
823505 863255 897626 945054 972824 942216 828889 882605 953711 897622 958168 939611 818000 932292 895809 811622 774968 875967 909749 940045 869723 915675 812809 814300 906148 856106 871374 855766 799810 812899 
1005722 955283 966249 890838 1005557 993111 1001096 1041085 969099 1002043 979438 966083 1036236 1034543 987999 1041568 1007449 1032482 1024907 919446 1044504 1024411 1053336 960214 991749 905838 1094546 1073663 1036728 985630 
1141610 992125 1165250 1176210 1137664 1186506 1136177 1074549 1140750 1002875 1150413 1149554 1175153 1144064 1124296 1168032 1106285 1195433 1126659 957573 1143364 1132333 1166230 1078476 978951 1069835 1127398 1055900 1183576 1103915 
1194510 1159530 1207483 1195330 1270347 1221576 1269157 1113107 1146341 1287730 1263412 1274418 1280260 1137565 1269930 1243047 1262826 1135635 1278999 1186971 1167052 1269265 1231013 1134355 1276107 1277460 1278128 1213865 1261941 1195876 
1350481 1338797 1264083 1314593 1281567 1378845 1345612 1224751 1367311 1360210 1372721 1334322 1296031 1309444 1167623 1367701 1379539 1379184 1374986 1251840 1322192 1353237 1395457 1282748 1329560 1287801 1386026 1320939 1287497 1374470 
1490432 1445997 1493700 1480212 1365415 1477094 1482209 1325713 1323678 1480374 1358250 1458558 1349749 1501452 1406956 1439892 1386217 1462425 1466764 1468996 1443903 1467784 1488861 1474249 1470296 1488787 1492985 1480095 1490584 1510530 
1535281 1484439 1593079 1559409 1506420 1587401 1593040 1522068 1576158 1566212 1586032 1579080 1504972 1579265 1485026 1599153 1595913 1579725 1584862 1519593 1605442 1597002 1592127 1572833 1567692 1544500 1599476 1561583 1535637 1588146 
1661665 1572531 1577355 1705013 1690618 1661464 1677374 1604098 1701871 1571835 1626853 1708389 1691109 1690084 1693707 1699364 1684125 1611191 1706108 1683532 1698858 1688723 1703864 1708582 1703743 1701967 1696328 1635584 1581611 1622303 
1822812 1804151 1781350 1806890 1805473 1785644 1799344 1789762 1794257 1722109 1792439 1802806 1797137 1798993 1791303 1806502 1809752 1808316 1799976 1763411 1723741 1651967 1804623 1800791 1804726 1794786 1796443 1797615 1818260 1802719 
1905367 1839207 1900716 1902224 1863186 1833890 1909222 1907905 1884768 1900303 1903268 1908537 1906799 1905496 1913803 1904750 1827449 1915991 1896283 1814603 1786253 1849073 1918766 1816256 1916656 1827721 1925219 1902115 1864422 1899021 
2027605 2011723 1987519 2010222 1985249 2010914 2011772 1988025 2004642 2008168 2016803 2003575 2011561 2006359 2004704 2004081 1933671 2009712 2007343 2013231 2009721 1912457 2012372 2019137 2001167 1927792 1964485 2010044 1989479 2034293 
2113457 2125588 2106722 2111491 2110886 2108866 2126683 2115139 2112687 2117681 2085090 2105130 2106584 2122046 2121348 2120474 2116978 2108398 2123981 2119488 2126335 2113534 2110466 2110434 2139726 2112456 2107315 2111321 2118504 2121671 
2214929 2214832 2215962 2220257 2222382 2216147 2215526 2212772 2209836 2213245 2214437 2221495 2224619 2217785 2220510 2211317 2216995 2221592 2217723 2218186 2224538 2210569 2223553 2218974 2213040 2214971 2212215 2228399 2211488 2216453 
