MergeSort QuickSort TimSort OESM Cook_Kim LIS LIS_treap BothAlgo DirtyClean2 
9 21 30
5044 5044 5044 5044 5044 5044 5044 5044 5044 5044 5044 5044 5044 5044 5044 5044 5044 5044 5044 5044 5044 5044 5044 5044 5044 5044 5044 5044 5044 5044 
5679 5271 5115 5216 5062 5192 5511 5148 5084 5437 5128 5054 5293 5110 5139 5060 5064 5461 5444 5059 5073 6007 5048 5056 5111 5115 5048 5080 5058 5200 
5243 5242 5630 5241 5391 5342 5287 5387 5249 5551 5227 6206 5145 5185 5363 5248 5646 5473 5315 6064 5133 5379 5390 5340 5111 5496 5102 5217 5186 5195 
5279 5323 5883 5223 5226 5322 5772 5409 6004 5377 5424 5449 5271 5566 6126 5352 5474 5236 5701 5491 6177 5881 5774 5975 5332 5327 5629 6032 5657 5668 
5507 6062 5723 5604 6014 5345 5647 5500 5515 5647 5818 5403 5207 5645 5501 6136 5386 5427 5655 5395 5623 5699 5354 5748 6483 5584 6193 6036 5872 5465 
5720 5647 5810 6175 5556 5742 5883 6143 5753 5754 5605 5545 6089 6323 6469 5801 5685 5457 5534 5554 6355 5734 6272 5887 5753 6162 5643 5923 5544 5711 
6238 6607 5757 7031 6131 5679 6120 6373 6241 6046 5901 5953 6327 6007 6619 6292 6671 6431 6106 5665 6090 5621 5994 6125 6498 6283 6053 6008 5900 6885 
5732 6656 6937 6212 6211 6609 6509 5986 6565 6072 6068 6144 6105 6631 6152 6487 6260 6042 6007 6220 6009 6233 6306 6939 6428 6145 6555 5920 6170 5783 
6121 6466 6497 6888 6819 6245 6695 6880 6440 5931 7060 6621 6781 6603 7046 6269 7121 6308 6845 6937 6593 7021 6506 6746 6125 6166 6447 6412 6811 6796 
7196 6647 6147 7301 6734 7046 6838 7302 7193 6744 6605 7318 6685 6186 6630 6295 7160 6310 6167 6657 6415 6439 6651 6214 6890 6713 6560 6629 6328 6987 
7001 7074 6648 6382 7115 7115 6748 7612 7060 7094 7229 6271 7135 7112 6738 6746 6243 7112 7321 7604 6226 6837 7229 6988 7381 7037 6505 6385 7153 6951 
7280 6757 6785 7397 7339 7210 6774 7297 7580 7613 7441 7160 6679 7229 7641 7550 7411 7223 7082 7456 7412 7167 7303 7210 7062 7469 6983 7153 7573 7751 
7105 7410 7477 7353 7401 6994 7304 7258 6972 7331 7423 7238 7279 7022 7844 7368 7100 7348 7719 7628 7461 7227 7541 7613 7712 7310 7768 7103 6685 7303 
7751 7829 8001 7599 7679 7904 7258 7338 7421 7612 7536 7981 7280 7706 6941 7656 7714 7617 7536 7936 7925 7199 7319 7478 7705 7420 7728 7101 7705 7483 
8008 7759 7836 7514 7562 7784 7503 7875 7529 7817 8056 7307 8118 7672 7673 7842 7939 7830 7173 7903 7342 7371 8031 7763 7585 7451 7836 7617 7258 7401 
7874 8008 8222 7765 8176 7950 7639 8200 7486 8196 7520 8072 8110 7898 7530 7705 8297 8157 7917 7954 7715 7490 7618 8020 7818 7408 7857 7757 8073 8040 
8257 7888 8236 8197 8293 8124 7512 7946 7661 8299 8003 8218 8212 7767 7806 8052 8237 8124 8353 8190 8165 7774 8150 8065 7886 8143 8150 8067 8302 7762 
8317 8030 8042 7876 8338 8432 8317 7885 8469 8373 8361 8371 8083 8399 8171 8214 8352 8170 8411 8393 8284 8342 8154 8334 8422 8469 8407 8247 8296 8434 
8563 8088 8494 8482 8273 8369 8335 8440 8011 8322 8470 8496 8431 8502 8312 8568 8596 8575 8546 8441 8517 8488 8086 8451 8539 8514 8343 8450 8463 8510 
8537 8670 8527 8591 8566 8592 8376 8644 8627 8491 8564 8616 8550 8533 8625 8614 8625 8622 8631 8562 8592 8390 8668 8632 8619 8592 8597 8636 8585 8539 
8723 8716 8706 8712 8713 8693 8673 8717 8702 8691 8731 8693 8701 8722 8716 8684 8693 8724 8716 8701 8742 8716 8707 8726 8731 8695 8686 8713 8699 8722 
11225 10596 10472 9764 10376 12028 10804 10397 11114 10211 10517 11307 11728 11792 11134 12033 11811 10338 10668 10995 13350 12869 12478 10266 11307 10142 10447 10221 10776 11497 
10718 12134 10471 10797 10826 11261 10435 12424 10517 10302 11099 11303 10710 10747 10729 10582 11512 10283 10489 11588 10880 10811 10551 11663 10403 10984 12811 12213 12325 10824 
10629 9798 10591 10956 11734 11065 11020 10731 11354 10733 11257 11354 10193 10562 10850 11157 10749 10800 11686 10770 10462 11028 10885 10207 10515 12782 11370 10616 11562 10289 
10661 10378 10283 10534 10421 11096 10611 10437 11323 10829 10876 10576 10120 11004 11000 12944 10096 11072 10870 11406 10571 10867 10827 10787 10567 10940 11226 10681 9685 11648 
11172 11243 12663 10644 10620 11313 10146 10684 10755 12126 10199 10706 12057 11249 11395 10659 12871 10886 10914 10714 9818 10781 11212 11664 11300 12340 10775 10542 12413 11037 
11097 10151 11990 10310 10959 10634 11178 10762 10483 10417 10625 10422 11613 10433 10227 11053 11270 10531 9960 12075 10783 11378 11050 11442 11303 10595 10823 11415 10597 10948 
11557 9985 11664 10941 12669 10996 11168 11075 10814 12302 10811 10504 10622 11235 10314 10397 10909 10216 10129 10532 10678 11031 10663 11779 10813 11058 10653 10783 11183 10904 
11114 11182 10281 11276 10948 10600 11014 10703 10742 9928 9902 11099 10947 10974 11057 10281 11523 10597 11215 12387 11322 10326 10632 10989 10381 11197 11044 10841 10741 11645 
10310 10818 10507 10276 10034 10929 12538 10372 11424 10468 10579 10386 10404 10795 10373 10411 11571 10890 12664 11028 9919 10440 10389 10657 12261 10794 10818 10858 11196 10599 
11141 10447 11713 10893 10588 10388 10332 11281 10457 10283 11202 11206 11192 11480 11154 12714 10286 10132 10095 10660 10013 11148 10658 10588 12450 12312 10643 11691 10877 11260 
10954 11473 10933 11101 11601 10274 11974 11010 11239 10522 11752 10746 10647 10874 10817 11663 10541 11460 10339 10332 10944 11065 12464 10460 11096 10623 10732 10637 10291 12020 
11074 10733 11577 10749 10523 11029 10754 10774 11561 10897 10507 11106 10077 11843 11775 10595 11285 12219 11119 11480 11300 11304 12085 11895 11420 10611 11344 11550 10931 11140 
10579 11013 10478 10850 11415 11060 11518 10861 11174 11121 10510 12159 11073 10168 10895 10566 11629 10715 10685 10503 11099 10708 10514 10554 10610 11894 10271 9878 10645 10579 
10615 10364 10462 12401 10528 11441 10703 13222 10540 10271 10577 11198 11713 10847 11230 10890 10500 10321 12046 10431 10531 10281 11847 10988 10641 9949 10458 11260 11464 11092 
11095 10735 9978 11090 10800 11908 10370 11530 10095 10404 11130 12201 10825 10985 10962 10137 10199 11447 12173 11350 10268 10704 10398 10564 10515 9900 10684 11453 10973 10523 
14134 10595 10943 10717 10233 10098 11678 10838 10396 10657 11033 11339 10759 10691 10813 10434 10139 10367 11122 9987 11371 10455 11136 10877 9899 11667 10566 12038 11466 10384 
11776 10138 9829 11340 10814 11387 10193 10287 11635 10720 12290 10490 10209 10472 10715 10000 11130 10302 11616 10968 11206 12298 12541 10867 10639 11432 10997 11065 11588 11010 
11783 10674 10648 10092 10978 11501 10378 11023 10103 11228 11750 11593 11034 10330 10317 10662 11058 10551 11466 11783 11376 11012 10412 10339 11492 11307 10712 10825 10539 10948 
11106 11086 10355 10791 10458 11164 10967 12020 10671 11619 11506 11229 11173 11333 11755 10219 10629 11111 12441 11446 10759 10322 11592 10827 11706 11159 12206 11388 11453 10636 
10359 11058 12051 10437 11662 10540 10704 10697 10720 10750 10820 10973 10683 11396 10358 10856 10399 10767 10952 13063 11358 11778 11319 10935 11210 11316 12912 10842 10952 10675 
10563 11631 11806 10579 11628 11294 11834 10704 11063 10823 11548 10722 10418 10260 11227 11547 12093 10597 12405 10653 11070 11196 11286 10680 10363 10275 11128 10526 10799 10378 
3528 3528 3528 3528 3528 3528 3528 3528 3528 3528 3528 3528 3528 3528 3528 3528 3528 3528 3528 3528 3528 3528 3528 3528 3528 3528 3528 3528 3528 3528 
4130 3846 3648 3778 3586 3909 4280 3693 3599 4138 3705 3574 3969 3693 3687 3548 3609 3969 4232 3547 3625 4804 3535 3547 3657 3687 3560 3591 3577 3739 
4044 3838 4305 3992 4094 4048 3929 4058 3867 4485 3922 5118 3796 3866 4212 3942 4539 4244 4050 4989 3691 4280 4183 4413 3643 4259 3650 4079 3751 3858 
4176 4241 5350 3989 3938 4257 5053 4384 5083 4247 4638 4256 4244 4556 5365 4236 4326 4085 4811 4610 5330 5120 5216 5413 4354 4380 4841 5297 4870 4856 
4876 5612 5059 4825 5491 4179 4860 4550 4533 4929 5374 4854 3989 5262 4463 5641 4703 4634 4763 4605 4801 5198 4282 4999 5698 4898 5539 5273 5445 4682 
5212 5232 5566 5970 4811 5265 5426 5773 5182 5253 4952 4737 5878 6290 6335 5250 5194 4820 4685 4668 6183 4944 6071 5409 4912 5938 5207 5659 4911 5149 
6532 7012 5814 7128 5847 5510 6142 6503 6238 6341 5866 5841 6321 5888 6458 6347 6710 6182 5712 5373 6220 5449 6444 6194 6410 6424 6163 5923 5812 7187 
5647 7102 7684 6721 6376 6815 6863 5903 6768 6613 6248 6755 5877 7433 6294 7164 6115 6063 5854 6744 6275 6244 6855 7459 6900 6805 7025 6249 6906 5478 
6604 6957 7332 7833 7578 6675 7300 7395 7151 6543 7795 7019 7439 7129 7750 7111 8112 6848 7763 7520 7602 7910 7216 7776 6650 6603 7023 6862 7092 7651 
8128 7986 6874 8351 7624 8172 7667 8628 8186 7966 7982 8565 8081 6551 7693 7407 8669 7436 7009 7624 7018 7470 7205 7126 7821 7752 7649 7511 7338 8125 
8580 8632 8106 7480 8493 8555 8116 9091 7899 8624 8760 7470 8819 8280 7953 7802 7351 8461 9122 9158 7369 8020 8421 8237 9003 8119 7651 7473 8896 8502 
9005 8653 8638 9141 8979 8774 8713 8827 9512 9450 9622 8947 8070 8766 9764 9586 8953 9176 8574 9401 9429 8955 9019 9654 8588 9079 8892 8789 9129 9746 
9169 9363 9495 9393 9365 8541 9238 9014 8983 8991 9139 9064 8952 8762 10139 9428 9091 9433 10289 9617 9587 9290 9356 9658 10116 9160 10091 9302 8383 9554 
10389 10656 10304 10325 10546 10397 9049 9458 10088 9982 10226 10662 10220 10075 9784 9960 10564 10111 10152 10401 10201 9447 9437 9513 10242 9478 10410 9127 10183 9974 
10948 10447 11084 10436 10350 9946 10451 10567 10656 10792 10699 9976 11014 10682 10608 10528 10496 10438 9499 10899 10388 9710 10743 10764 10472 10097 10315 10077 10214 9665 
11515 11194 11645 11218 11795 11163 10488 11930 10846 11537 10369 11314 11020 10994 10616 10726 11900 11161 11208 11011 11148 10573 10673 11202 10986 10759 10661 10444 11083 11450 
11657 11602 12221 11733 11725 11518 10944 11065 11251 11516 11423 11072 11294 11216 11595 11122 11893 11330 12243 12004 11750 11053 11719 11155 11400 11579 11439 11721 12036 11332 
12294 11967 11516 11728 12126 12222 11838 12008 12631 12107 12400 12712 12531 12467 11907 12138 12354 12376 12424 12398 12090 12244 11725 12160 12402 12650 12224 11922 12151 12340 
12685 12286 12782 12620 12510 12583 12580 12689 11712 12366 12811 12846 12965 12400 12418 13131 13426 12690 12905 12449 12518 12436 12341 12422 12820 12872 12413 12808 12391 12877 
13049 13255 13003 13148 13020 13120 12763 13294 13282 13256 13341 13010 13025 13068 13238 13202 13136 13405 13099 13134 13348 13278 13531 13228 13088 13054 13272 12923 12941 13067 
13428 13829 13667 13621 13354 13323 13713 13572 13495 13393 13710 13393 13318 13401 13787 13526 13309 13495 13432 13391 13559 13621 13817 13529 13492 13800 13722 13730 13857 13546 
999 999 999 999 999 999 999 999 999 999 999 999 999 999 999 999 999 999 999 999 999 999 999 999 999 999 999 999 999 999 
6254 5617 4535 5113 4132 5178 5728 5521 4591 5254 5683 4788 5878 5840 5482 4792 5572 5087 5024 4736 4973 5804 3500 3905 5316 5819 3111 4757 5038 4352 
6086 6091 6300 6626 5835 6579 5216 6102 6222 6772 5950 6928 6008 6452 5508 6615 6966 6014 6417 7081 5570 6546 6462 6593 5631 6444 5776 6190 5901 6484 
6783 6717 7116 6817 6211 6512 6634 5968 7117 6401 6611 6884 6510 6627 7405 6693 6832 6464 6506 6542 6994 7320 7170 7043 6689 6305 7058 6852 7401 6935 
7065 7323 7267 6817 7236 6798 6770 6378 6687 6859 7120 7002 6361 7284 6550 7360 7255 6953 6751 7195 7317 6582 6720 7178 7808 6878 7047 6941 7478 6756 
7122 7270 7404 6519 6794 7015 7348 7817 7086 7308 7021 7244 7453 7667 7654 7225 6928 6971 6497 6860 7785 6885 7647 7170 7028 7800 7434 7297 7047 7375 
7298 8130 7338 7867 7333 7488 7504 7974 7403 7289 7598 7382 7494 7136 8091 7391 8128 7900 7472 7540 7389 7281 7582 7514 7734 7849 7945 7622 7392 8504 
7111 8378 8365 7178 7806 7651 7799 7232 7901 7614 7554 7667 7537 8310 7723 7841 7550 7584 7433 7661 7567 7546 7692 7885 8090 7310 7614 7319 7600 7350 
7401 7846 7954 8068 7975 7975 8382 7984 7971 7589 8084 8043 8196 8260 8280 7786 8237 7759 8147 8527 8353 8105 8117 8352 7816 7426 7870 7486 8199 7846 
8398 8526 7614 8642 7944 8263 8055 8614 8484 8157 7888 8427 7850 7659 7899 7683 8631 7824 7708 7840 7717 8060 8004 7555 8358 8061 7825 7894 7608 7932 
8334 8292 7924 7824 8344 8255 8097 9111 8437 8765 8448 7832 8125 8237 7959 8180 7645 8847 8836 8800 7648 8160 8641 8192 8201 8046 8028 7659 8163 8459 
8533 8168 8284 8774 8509 8671 8333 8516 9125 8733 8774 8132 7907 8680 8642 9169 8719 8398 8275 8769 8816 8496 8486 8467 7907 8786 8276 8304 8699 8926 
8230 8366 8694 8820 8541 8200 8417 8375 8421 8702 8527 8592 8677 8218 9036 8607 8416 8855 8927 8602 8680 8162 8378 8668 9219 8278 8821 8214 7937 8598 
8761 8849 9078 8521 8793 9223 8411 8654 8830 8789 8455 9059 8457 9046 8181 8625 8702 8961 8482 8868 9027 8373 8470 8461 8856 8414 8701 8275 8718 8574 
9163 9173 9118 8604 8808 8678 8545 8933 8576 8791 9049 8532 9341 8721 8594 8898 9041 8827 8159 9103 8521 8596 8946 8709 8770 8766 9097 8745 8310 8574 
8718 9044 9163 8591 9163 8852 8785 9244 8579 9124 8471 9097 9196 9028 8714 8844 9325 9100 8919 8914 8688 8453 8650 8963 8914 8442 8822 8665 9240 9059 
9175 8784 9066 9057 9317 9156 8439 9007 8648 9086 9029 9128 9166 8812 8876 8836 9176 9062 9234 9222 9063 8582 9022 8797 8790 9043 8937 8909 9149 8642 
9330 8949 8776 8640 9152 9097 9132 8672 9113 9311 9232 9175 8871 9385 8999 9061 9145 9013 9151 9102 9052 9244 9047 9270 9147 9266 9227 9063 9120 9079 
9276 8902 9164 9164 8953 9247 9084 9122 8738 9114 9201 9125 9212 9178 9031 9262 9286 9233 9291 9140 9275 9237 8961 9132 9327 9141 9065 9270 9244 9245 
9207 9254 9176 9199 9163 9138 9004 9231 9249 9218 9163 9219 9137 9237 9283 9269 9298 9293 9212 9266 9221 8975 9237 9247 9288 9238 9215 9161 9270 9317 
9273 9217 9244 9229 9209 9225 9255 9243 9258 9202 9246 9210 9227 9249 9210 9236 9225 9204 9216 9259 9258 9259 9251 9234 9220 9220 9255 9231 9210 9257 
999 999 999 999 999 999 999 999 999 999 999 999 999 999 999 999 999 999 999 999 999 999 999 999 999 999 999 999 999 999 
2816 2377 2099 2933 1589 2870 2609 2046 2308 2571 2992 2796 3118 2858 2964 2937 3059 3356 3409 3809 2701 2896 1742 1871 2062 2470 1716 2439 2148 1959 
3253 2616 2858 3003 3129 2625 2897 2619 2639 3657 2871 3617 2644 2708 3054 2849 2925 3470 2678 3577 2432 2586 3114 3155 2648 2440 2714 3152 2184 2580 
2741 3225 3837 3124 2753 3543 3475 4182 3473 2841 4168 2968 3092 3104 4109 2938 3019 3062 5159 3409 3721 3700 3678 4123 3333 3765 4379 4119 3896 3678 
3611 4077 4645 5028 4566 3259 3918 3360 4582 3766 3482 3530 2793 3799 3218 4288 3427 3325 4927 3609 3855 3894 3485 3702 4150 3933 4957 4491 3867 4213 
5423 4173 4834 5535 4791 4341 4772 4790 4019 4399 4183 4099 6085 6208 4842 4025 4140 4194 4174 3671 4886 4335 5026 4585 3590 5574 4137 4766 4055 3989 
7358 7469 5711 6300 5167 4760 5693 5832 5261 6339 5086 5012 6198 5893 5665 6368 5508 5846 4787 4061 7209 5622 5669 6050 5598 5579 5955 5504 6280 6222 
5267 6596 7767 7019 7370 6713 7002 5241 5881 6143 5792 6281 5106 7588 6038 7203 5654 5721 5276 6542 6120 6047 8089 7213 6745 7415 7168 5790 6396 5406 
6820 9378 6944 8064 7717 8204 6579 7573 7838 6515 7567 7434 8917 8142 7769 8162 8112 8004 9814 8022 9667 8181 9041 9004 8244 8363 6090 8283 6688 6771 
8465 9909 7840 9644 8826 8109 8729 8209 8505 10490 8138 9038 8952 6525 8256 8539 8397 7684 8355 9294 8642 8686 7918 6969 7733 7597 9505 8630 8304 8580 
11290 8842 10934 8173 10972 10932 8242 10115 8703 9056 10153 8685 10525 10524 7915 9312 8918 10166 10981 11041 8751 10252 9475 9797 8466 11029 7861 8175 9641 11398 
10228 11486 9973 11563 10206 11390 10785 10068 12535 10197 11901 10982 9852 8918 10540 11860 10382 9832 9361 10647 10978 10522 10145 10573 12264 9905 9861 12423 10996 12331 
11902 11133 9822 11108 12287 12314 11810 10375 10481 11860 12944 12918 10522 10841 11430 12780 10561 11368 12673 13198 11795 12517 11049 11462 12651 11388 13453 12619 11317 10695 
13297 12142 12707 12656 14477 14226 11060 11225 12784 14066 13226 13339 12178 14162 13923 12986 11702 11905 13785 11473 13537 12428 12838 12385 13429 12477 13490 12788 12111 12045 
13257 15327 14143 13340 14174 12554 14261 13154 13058 12767 13771 12887 14316 13889 13769 14187 12208 13014 13145 14959 13615 12700 13710 14490 13157 12393 14140 14797 11966 13904 
14516 14666 16349 14800 15708 13260 13782 15729 14802 14120 14032 15355 15453 14733 14539 15606 15669 15356 13256 15275 14342 13883 14252 14030 14155 14044 13483 13213 13537 13836 
14848 14168 15129 14983 15155 15085 14804 13953 14875 14548 15895 14768 15002 16167 15475 15158 15967 15714 14638 15577 15558 14476 15451 16265 14714 16036 15712 15353 15180 14029 
15922 16057 15423 15321 15191 15249 15679 16277 16397 16565 15980 15871 16461 16983 16386 16456 16161 15831 14764 14691 16707 15010 14647 16576 16019 16553 15702 16217 15365 15714 
16334 15657 16982 16496 16142 15951 16330 15544 15794 15718 15999 16282 16545 16609 16644 16133 16407 16746 16760 16827 16376 15817 16016 15489 16718 16408 16277 16898 16719 16451 
16731 17002 16830 16785 17076 17014 16698 17075 16730 17049 16638 16808 16649 16934 17142 16285 17081 16962 16944 16925 17113 16879 16991 16916 16738 17239 16940 16886 16670 16934 
17199 16985 17133 17092 16650 16743 16872 17149 16879 16972 16962 17025 16926 16935 16689 17000 16967 16807 16567 17161 16915 16755 17069 16923 16845 17003 16602 16616 17142 16623 
1997 1997 1997 1997 1997 1997 1997 1997 1997 1997 1997 1997 1997 1997 1997 1997 1997 1997 1997 1997 1997 1997 1997 1997 1997 1997 1997 1997 1997 1997 
2590 2294 2146 2227 2052 2362 2778 2140 2065 2632 2166 2056 2448 2161 2195 2028 2073 2738 2781 2018 2085 3327 2008 2030 2092 2144 2023 2060 2047 2180 
2480 2268 2899 2498 2644 2504 2530 2526 2338 3094 2453 3870 2225 2372 2696 2442 2998 2968 2415 3479 2179 2541 2695 2855 2124 2730 2148 2513 2204 2404 
2502 2762 3837 2437 2360 2745 3544 3233 3722 2666 3389 2741 2671 2849 4293 2529 2794 2655 3991 2980 4001 3272 3465 3769 2766 2952 3681 4021 3572 3322 
3124 4253 3681 3906 4248 2611 3436 3007 3567 3220 3572 2922 2435 3291 2908 4022 2952 2872 3902 2935 3387 3549 2721 3298 4167 3510 4318 4211 3740 3318 
4348 3521 4005 5096 3643 3516 4139 4285 3664 3686 3407 3227 5060 5306 5106 3703 3414 3235 3313 2998 4974 3592 4624 4067 3087 4741 3602 4384 3327 3470 
6146 6126 4275 6358 4531 3835 4698 4941 4997 4933 4300 4235 5222 5158 4950 5301 5482 5535 4772 3545 5497 3967 4485 4656 5485 4683 4688 4688 4526 6126 
3862 6127 6950 5716 5470 5950 5803 4617 4770 4542 4446 4888 4252 6194 4893 6316 5251 4571 4272 5284 4639 5132 6089 7106 5913 5678 5975 4416 5086 4042 
4907 6898 5537 7833 7030 5827 6539 6967 6093 4728 6878 6465 7109 6297 6555 5980 7673 6383 7533 6934 7075 7763 6475 6524 5797 5947 5491 6444 6370 5679 
7983 7203 5390 8303 7270 8141 7335 8687 8517 7559 6449 8360 6944 4770 6852 6196 7486 5643 6037 7801 6990 6928 6310 5462 6768 6811 7130 6865 6179 7903 
8227 8255 7633 5823 8814 8601 6736 9054 7819 8290 8309 5895 8869 8465 6345 7432 6104 8286 8518 9173 6172 7233 8038 8052 8862 8877 6140 5964 8243 8300 
9033 8778 7717 9154 8527 8904 7459 8864 10002 9589 9273 8413 7498 8462 10143 10045 8974 9168 7286 9091 9599 8848 8753 8917 9145 9068 8329 9048 9178 10125 
8853 8805 9113 9368 9555 9118 9154 8571 8556 9485 9080 9123 9227 8401 10126 9386 8239 10054 10707 10308 9625 9155 9230 10152 10409 10007 10651 8458 7093 9336 
10487 11061 11409 10673 11003 11532 7998 10022 9855 11124 10395 11721 9813 10979 9092 10896 11031 10357 11144 10954 10959 9053 9612 9636 10574 10218 11330 9153 10656 10115 
11702 11586 11668 10651 11105 11367 10463 11403 10158 10935 11879 9545 12378 11169 10677 11303 11805 11064 9405 11787 9237 9656 12009 11513 10797 10405 11392 10901 8920 10400 
12019 12683 12910 11470 12994 11708 11894 12968 11018 13027 10586 12515 12239 11492 11083 11581 12937 12979 12010 12095 10901 10608 11180 12088 12091 10377 11831 11811 12465 12345 
13180 12280 13034 13220 13544 13406 10768 12280 11498 13241 12916 12674 13110 11428 12025 12588 13326 13412 13837 13216 12775 10982 12695 12950 12107 13149 12856 12298 13403 11516 
13949 13152 12626 12559 14033 14029 13949 12347 14355 14296 14100 14236 13097 14276 13465 13778 14054 13624 14384 13589 13886 13971 13374 13726 13953 14520 14131 13618 13809 13936 
15015 13468 14790 14602 13939 14511 13371 14051 12853 14202 14479 14774 14699 14908 14120 14831 15307 15083 15053 14657 14853 14519 13527 14357 14982 14745 14200 14773 14759 14932 
15180 15507 14990 15467 15389 15056 14456 15434 15571 15234 15097 15364 14997 15369 15489 15239 15584 15465 15310 15206 15520 14608 15660 15474 15459 15502 15649 15514 15410 15293 
15911 15913 15888 15945 15942 15768 15953 15960 15920 16240 16111 16029 15852 15998 16051 15915 16056 15859 16005 16123 16130 15957 15797 16319 15968 16041 15926 15904 15864 15916 
1992 1989 1988 1994 1989 1989 1988 1990 1990 1991 1993 1993 1987 1993 1982 1993 1993 1989 1987 1990 1989 1990 1994 1994 1986 1986 1994 1990 1992 1992 
2724 2337 2216 2256 2076 2549 3039 2196 2063 2655 2188 2057 2598 2232 2222 2047 2089 2893 3003 2013 2094 3594 2002 2024 2111 2180 2022 2056 2063 2267 
2668 2308 3117 2661 2849 2614 2727 2755 2487 3459 2642 4459 2293 2484 2884 2596 3397 3381 2519 3991 2221 2711 2979 3185 2147 2982 2195 2780 2348 2614 
2646 3149 4675 2675 2521 3163 3911 4004 4276 2933 4308 3029 2958 3294 5122 2727 3036 2919 5322 3551 4654 3831 4097 4493 3236 3427 4518 4802 4073 3668 
3642 4982 4479 4829 5103 2949 4105 3322 4551 3684 4163 3283 2580 3810 3335 4813 3213 3179 4775 3261 4161 4182 2997 3779 5124 4052 5391 5157 4270 4076 
5298 4171 4834 6671 4326 4170 4917 5086 4263 4395 4002 3711 6300 6863 6104 4454 4035 3933 3832 3451 6229 4432 5674 4908 3546 6005 4103 5188 3768 4069 
8098 8231 5355 8506 5701 4463 5722 5997 6145 6063 5134 5063 6570 6825 5954 6771 6642 7100 5946 4157 7164 4923 5375 6047 6948 5991 5693 5852 5848 7915 
4656 7531 9300 7122 7036 7723 7581 5681 5843 5825 5336 6042 5336 8038 6142 8221 6654 5520 4941 6733 5690 6456 8217 9563 7728 7349 7616 5563 6246 4948 
5958 9601 6987 10923 8850 7887 8336 9211 7915 6127 8958 8621 9399 8788 8746 7700 9970 8690 10482 8984 9382 10251 8707 8703 8036 7636 6935 8629 7721 7182 
11140 9919 6900 10726 9638 10925 10029 11048 11463 10223 8378 11281 9420 5757 9239 8161 9490 7224 7617 10768 9395 9708 8121 6669 9117 9208 9861 9407 8264 10992 
11271 11444 10867 7648 11800 12619 8814 11944 10023 11434 11690 7603 12159 11939 8481 9605 7950 11406 11655 12829 8034 10432 10322 11206 11752 12428 7528 7627 11084 11376 
12205 12469 9853 12741 11156 12492 9880 12131 14091 12645 13156 11543 10040 10987 13647 13532 11968 12445 9984 12900 13541 12059 12007 12172 12579 12230 10748 12392 12572 13682 
12698 12537 12757 12828 13576 12844 13117 11955 11333 12889 11900 12759 12741 11492 13704 12967 11105 13628 14643 14245 13804 12993 12613 13827 13424 13995 14543 11673 9657 12671 
14576 14727 15888 14676 15606 17144 10784 14015 13743 15729 13704 16427 13721 15369 13079 15769 14982 14508 16356 15221 15564 12719 13813 13177 14772 14322 16834 13426 14708 13849 
16494 16413 16546 14260 16137 16371 15055 15035 13594 14665 17244 12642 16954 15551 14847 16195 16187 15452 13152 17436 13427 13357 16559 16738 15810 14191 15733 15056 11746 14839 
16632 18494 18560 16059 18971 16869 17949 18746 14311 17836 13907 17853 17439 16565 16727 16047 18457 18509 16556 17009 15444 14093 15484 17725 16556 14282 17372 17218 16989 17724 
19674 17890 19148 19188 21337 18645 15183 17309 16426 19048 19000 17963 18500 15744 16737 18719 18403 19242 19805 18648 18231 15228 17726 19049 16978 19555 18146 17544 18830 16213 
20164 18490 17208 17891 20780 19726 18764 17194 21304 20242 20784 20593 19400 21495 19896 20484 19781 19068 21499 19462 19755 20064 19650 19826 20270 21109 21156 19631 20568 20089 
22301 19489 21718 22277 19924 21206 19455 20501 18782 21181 20875 21250 21291 21299 21032 22727 22933 21739 21743 20644 22610 20501 19791 20659 21939 21489 19625 22106 21869 21972 
22209 22844 20774 21738 23982 21857 20412 23111 21967 21580 22177 23227 22596 23549 23143 22559 22836 23776 22553 22133 23580 21249 22745 21406 22499 22685 22822 22373 22961 23346 
21978 22621 22909 23365 22727 22812 22855 23905 24291 23690 22828 23748 22269 25352 23003 23324 23852 22741 23703 24654 25146 23343 24327 23814 24048 23618 22629 23763 23434 23635 
999 999 999 999 999 999 999 999 999 999 999 999 999 999 999 999 999 999 999 999 999 999 999 999 999 999 999 999 999 999 
2775 2334 1883 2454 1519 2169 2876 1807 1895 2675 2132 1975 2443 2090 2381 2024 2027 2877 2943 2033 1824 3955 1701 1784 1912 2041 1593 1957 1716 2008 
2309 2393 3555 2414 2725 2566 2522 2646 2422 3487 2254 8699 2110 2217 2694 2464 3299 3138 2579 4009 2167 2783 2821 2748 2114 3268 2114 2363 1963 2343 
2553 2740 5063 2477 2369 2920 4232 3077 5177 2720 3246 3015 2765 3134 8513 2884 2999 2502 5048 3400 4684 5560 5061 5695 2768 2925 4129 5708 3609 4505 
3397 5383 4105 4126 5796 2761 3897 3297 3388 4271 4475 2884 2449 3834 3195 6599 2917 3175 4318 2941 4321 4142 2777 3911 5115 3893 6653 5342 4803 3432 
5602 3916 5033 5409 3972 4440 4654 5486 5494 3834 3827 3919 6677 10779 7048 4990 3895 3186 4305 3228 7918 3715 6908 4926 3698 8238 3763 5392 3564 4917 
6930 10154 5141 10778 5670 4278 5218 8653 6924 6374 6935 5020 9586 5969 7683 6045 7540 8513 5664 4143 6509 4031 5702 6225 6955 6966 6560 5187 5035 9929 
4713 10054 14702 6564 6895 7052 11003 5910 6364 5719 6819 6921 5168 9573 6097 9808 6517 5710 5200 7910 5911 6356 9112 11465 10069 8655 8057 5569 6440 5301 
6183 9410 7570 17097 12966 7530 8705 11893 10672 5579 10482 8042 10852 11277 8988 7582 12127 7704 10424 9294 9706 14717 9835 11054 7244 6870 7844 7310 10075 7671 
10198 11650 7726 17960 16464 12121 11855 12366 15718 11072 8183 13226 9616 6198 8248 7601 15170 7079 7866 8990 8072 8283 8213 7105 10586 8956 8909 9863 8328 13634 
14058 12263 10033 8081 11673 11437 10028 17845 10259 13154 11232 7615 13477 12061 8253 9982 7456 14668 16450 18050 7289 11686 17014 12825 12280 10588 7801 7212 11370 14344 
12440 10547 12569 19143 15206 14707 10329 11650 18348 16750 15920 12880 9477 11142 15884 17740 16721 11709 11402 18464 15040 13456 12385 12479 12221 15209 13070 12871 15474 19148 
13140 12985 12510 13272 16384 12256 13176 12864 12435 17151 14308 13373 13217 10707 16912 15027 11125 13060 14262 16941 15364 13537 12849 17006 19306 12282 19779 12475 9901 12811 
17011 16792 18044 16118 16839 19219 10300 14334 13453 15375 15756 16031 12803 16723 11940 16044 16772 14702 13683 14684 18227 12673 13220 13931 17032 13254 15050 12010 15035 13956 
18174 15618 20179 16769 14168 13875 13747 15806 13989 15792 18451 13338 19690 17689 16432 16475 17040 15681 13625 17363 13019 13130 17880 16880 14183 15006 18232 16290 12065 14977 
17311 16838 19403 16434 18480 15259 15455 20355 16509 17411 14733 19026 20660 18086 14784 16888 19868 20036 16240 17380 15056 15584 16325 18159 18461 13853 14874 15117 19340 16340 
18491 19240 18365 17631 18255 16208 14163 16701 16033 19112 17236 17174 20316 15889 17441 17439 20071 19491 19924 18672 18125 14838 18468 16557 16845 18418 18817 17455 18930 15522 
20213 18352 16405 16933 18528 18660 18972 16704 19825 19244 19810 20243 17207 19738 17783 18460 20156 19227 19201 18017 21024 19481 18279 19909 19105 20365 19152 19102 19170 18605 
20676 18717 20262 20055 19166 19236 18446 18827 16678 19458 19712 20722 20451 20057 18981 19563 19730 20502 20229 20535 20265 19337 17469 18938 20828 20392 19634 20448 19960 20619 
20615 20608 19580 20514 20255 20106 19176 20835 20906 20673 20207 20502 20026 20329 20890 20156 20412 20971 20937 20655 20970 19630 20932 20994 20416 20881 20803 20898 20647 20275 
21032 20986 21091 21372 20972 21261 21053 21339 21170 20850 20666 21122 20678 20986 21281 21007 21177 21269 21072 21538 21116 21188 21223 21005 21221 21071 21173 21098 21087 21089 
1986 1982 1982 1985 1981 1987 1986 1987 1982 1990 1984 1988 1983 1988 1985 1978 1990 1982 1987 1985 1987 1989 1979 1989 1986 1983 1979 1985 1982 1988 
2095 2085 2178 2134 2185 2396 2294 2051 2040 2435 2099 2065 2111 2112 2066 2039 1997 2029 2006 2007 2048 2030 2060 2035 2055 2000 2010 2049 2323 2033 
2497 2066 2325 2222 2211 2104 2304 2143 2103 2242 2557 2701 2196 2570 2222 2213 2122 2254 2331 2323 2747 2263 2246 2228 2207 2164 2745 2394 2182 2186 
2355 2589 2570 2363 2349 2297 3295 2721 3049 2355 2406 2402 2507 2340 2266 3199 2514 3313 2755 2446 2858 2752 3349 3049 2759 2703 2805 2634 2729 2443 
3917 3994 2813 4248 3948 2837 2931 3256 2995 3507 2507 2923 2926 2984 3301 3274 3238 2595 2665 2808 2998 3882 3651 2618 3726 3222 3789 2951 3158 4162 
4185 3726 3992 3163 4037 4299 3783 3973 4219 4423 3606 4263 4616 3667 4359 3231 3091 3204 2997 3107 3014 4038 3594 3469 3093 3361 3326 3480 3689 3395 
4537 4265 3936 4814 5086 4206 4377 4053 4052 4183 4672 4338 4790 5021 4751 4782 3679 4187 3257 3360 4478 5386 4184 4496 5354 5140 5124 3882 4918 3930 
5121 4857 6009 5319 5226 5027 4939 6134 5462 5514 4094 5475 4176 4240 5531 3709 3882 4435 4981 4601 4436 5024 4885 5281 4832 5641 3791 4604 5327 5027 
4251 5559 5216 5773 5101 6114 5914 5760 4624 5939 6100 5799 5940 6027 4968 5987 5228 6539 6178 5024 5766 5558 6235 5146 6463 5735 5585 6229 5019 6080 
5672 5829 5605 5694 6574 6573 7048 6209 6378 6318 7435 7175 6598 5998 6776 6533 6435 6307 5531 6479 5672 6490 5549 6282 6542 6945 5492 6460 6852 7088 
6018 7132 6978 6652 6201 6337 5667 5911 7238 7113 7652 6532 7546 6562 7488 6380 7212 7572 6428 6947 6390 7115 5902 6820 5972 7378 7484 7417 6227 6866 
6009 7630 7246 7174 7410 6680 8080 7207 7796 6915 7256 8436 8176 7652 8180 8237 7643 7033 7346 8056 8164 7597 7592 8272 7445 7053 7639 8259 6622 6440 
7318 8491 8606 7983 8449 8366 8077 8292 6472 8401 8107 8035 8318 7604 7018 7552 8450 7948 8687 8524 8865 7277 8504 7465 8386 7353 7853 9041 9073 7947 
9139 8533 9384 9353 9495 9237 8596 9209 9753 8716 9562 9181 8968 9090 8586 9037 9208 8550 8627 9406 7922 9035 8444 7717 9315 9319 8147 9348 9103 9263 
9477 9267 9873 9984 9973 9013 9961 9998 9169 9745 10158 8973 9900 9687 9702 8727 9969 9900 8712 9570 9753 10023 9887 8878 9983 8074 9681 8451 8266 9413 
8762 10958 10904 10822 10914 10303 10042 10760 10613 10677 10005 10498 10442 10361 9687 10721 10596 10690 9424 10879 9540 9348 10275 10465 10108 10593 9513 10300 10623 10471 
11074 10376 11034 9404 11040 11008 11024 10959 10967 10962 11239 11330 11143 10804 11211 10858 11351 10915 11271 11137 10257 9816 11151 11039 10895 10365 11296 10818 11379 11275 
11825 11817 11883 11008 11491 12104 11977 11951 11877 11959 11935 12066 12059 12029 10969 11909 11928 11070 11461 11926 11833 11783 11567 11666 11694 11949 11644 10975 11784 11830 
12442 12150 12334 12322 12384 12127 12048 12042 12114 12166 12605 12654 12607 12410 12506 12494 12840 12680 12743 12684 11542 12344 12008 11317 12427 12560 12371 12103 12580 12527 
13270 13155 12950 12156 13279 13040 13081 12937 13168 12037 13081 13048 12981 13254 13034 13025 12832 13020 12932 12898 13004 12999 13132 13105 11996 13047 12970 12987 13113 12952 
13609 13638 13708 13687 13744 13737 13702 13768 13879 13885 13677 13756 13646 13519 13686 13591 13661 13699 13646 13571 13672 13876 13762 13637 13851 13717 13705 13552 13659 13622 
