MergeSort QuickSort TimSort OESM Cook_Kim LIS LIS_treap BothAlgo DirtyClean2 
69000 72795 74498 75413 81089 81916 84774 88964 90969 94250 97216 99933 101567 104908 107665 108621 112494 113893 116202 118459 120450 
155043 156055 157080 155776 153593 157816 154313 155287 159365 156399 154932 156119 157254 157466 157711 155976 153682 159296 153283 157502 153466 
56400 61584 65466 68789 77911 82876 88315 95744 101221 108445 114118 120445 126004 132658 138672 143060 150450 155844 161389 166977 172001 
9990 76004 86563 92215 96600 99113 101054 104758 106204 109690 111830 114234 115430 117480 119164 119777 122699 123085 124142 125330 126012 
9990 29492 34387 39939 58586 70387 81963 98266 117949 128787 142192 164827 172301 186520 196709 214937 224278 233833 241033 248500 248985 
19990 27909 33274 38858 60042 68737 82434 102903 118550 136025 152424 171172 181251 203987 222786 231660 254343 270278 288062 303852 316786 
19983 29698 35679 41150 65331 74768 88406 113495 130365 149454 168478 190241 200099 226287 251028 259946 287901 305818 327069 348242 367771 
19990 36186 47385 50673 100570 106653 112508 159769 164913 183001 198604 229761 225927 244356 253209 254006 272456 282517 292734 300601 309290 
19976 21703 25144 32435 38528 46298 53540 62336 70929 81875 90539 97635 110649 115126 127461 136216 141658 153972 162873 171547 179371 

