MergeSort QuickSort TimSort BlockMergeSort OESM Cook_Kim Both LIS DirtyClean2        
69006 69006 69006 69006 69006 69006 69390 69059 69321 69677 71848 71452 76131 74365 73179 64608 
157656 157406 154189 155275 151850 154183 151646 159285 149429 156027 152435 153244 155563 154389 155793 151011 
56406 56406 56406 56406 56406 56406 56835 56484 56924 57453 63649 64574 90259 122219 178610 194487 
59520 59520 59520 59520 59520 59520 59914 59579 59886 60335 64794 63957 74143 80892 96918 94320 
9999 9999 9999 9999 9999 9999 48543 44790 58068 70524 77658 88777 84547 94163 105411 100698 
9999 9999 9999 9999 9999 9999 23738 21849 27541 24701 31661 37059 58704 105301 132068 135261 
9999 9999 9999 9999 9999 9999 18136 18504 19672 20550 26941 26218 64572 131291 285241 247233 
9999 9999 9999 9999 9999 9999 10584 10139 10636 11197 14901 15615 22561 25374 26411 19998 
19979 19979 19976 19982 19981 19981 20079 20017 20654 22085 24583 33238 50962 89321 178867 210651 

