MergeSort QuickSort TimSort OESM Cook_Kim LIS LIS_treap BothAlgo DirtyClean2 
69000 71589 74079 77224 79337 82299 86223 87465 89905 93217 96702 99754 101279 105298 107114 109630 111741 114053 116878 118670 120438 
154793 154472 154324 155043 155908 153854 157577 154045 155858 157262 155513 157692 156510 154909 155989 155783 156278 159948 155625 157500 156821 
56400 59969 64992 70828 76243 82215 89966 94823 100512 107144 113962 120478 125222 132445 138512 143930 149718 155680 161408 166589 171912 
9980 75593 87275 92268 96039 99070 103060 103727 106309 108233 111053 113306 115577 117389 119389 120437 122040 123192 124734 125655 126035 
9980 27350 33660 45326 55755 69606 82652 94689 108591 126316 141556 159621 169752 186744 199425 212210 227056 236350 243656 247734 248993 
19980 24913 32538 45540 55243 68684 86091 97891 111719 129330 148826 169972 182735 203978 220365 237777 253995 269835 288731 304002 317776 
19980 26093 34688 49195 59492 74337 93538 106281 120393 141391 162928 188973 201956 226802 244957 267111 288775 308432 331368 349452 367118 
9980 26316 39282 58795 69526 94026 130231 133352 138237 170320 197941 210655 218653 238666 260205 259098 277596 279599 295535 301512 309031 
19974 21875 26223 31737 36990 45519 53330 63157 69963 79244 90317 96975 108185 116126 126734 133783 143984 151252 162667 169943 179242 

