MergeSort QuickSort TimSort BlockMergeSort OESM Cook_Kim Both LIS DirtyClean2        
69008 69008 69008 69008 69008 69008 69008 69148 69084 69578 69808 73249 80943 93657 111421 120410 
159115 154958 156680 149611 155546 157403 151006 153131 158231 155462 153463 155050 155090 154271 153400 154734 
56406 56406 56406 56406 56406 56408 56406 56566 56512 57238 57958 64602 77808 105174 150255 172030 
59520 59520 59520 59520 59520 59520 59520 59665 59613 60160 60567 64750 73684 90729 115196 127579 
9998 9998 9998 9998 9998 23369 9998 26404 51034 68854 76447 84806 97986 109293 121697 126129 
9998 9998 9998 9998 9998 20499 9998 14616 23599 25438 26161 37384 66471 111201 197307 214353 
9998 9998 9998 9998 9998 11499 9998 13833 19631 19895 20783 35451 82984 177089 261915 297162 
9998 9998 9998 9998 9998 10002 9998 10165 10171 11150 11940 20249 41688 86165 170585 222767 
19983 19979 19983 19979 19983 19981 19977 19982 20047 20300 20740 22634 28298 44628 111415 234240 

