MergeSort QuickSort TimSort OESM Cook_Kim LIS LIS_treap BothAlgo2 DirtyClean4 
9 21 30
69008 69008 69008 69008 69008 69008 69008 69008 69008 69008 69008 69008 69008 69008 69008 69008 69008 69008 69008 69008 69008 69008 69008 69008 69008 69008 69008 69008 69008 69008 
69805 70482 72314 69999 76894 70202 69784 71145 74195 72122 71511 70672 72304 70560 70114 70773 71746 71073 72457 69738 69728 71669 70436 69939 70647 70392 79591 73394 70605 72806 
74631 72949 74557 72210 74921 72477 74103 73908 79054 72653 76038 82101 74640 73772 79128 72794 79895 71162 72610 76595 72551 78023 73003 76821 74036 73175 77828 75340 76430 72869 
75826 74530 74579 73388 76416 74542 75439 76110 79537 75785 74647 74958 74837 83473 75222 73675 77851 78186 74114 76453 78197 75167 74190 83781 76610 81430 75523 74998 78965 77463 
83687 82460 78792 77155 78207 80175 79495 81709 79910 80161 78967 78968 83846 85488 79461 79342 83279 77528 80518 78033 81154 81589 80006 77937 75651 80370 84332 79551 82434 82709 
81954 85766 79084 79780 84234 79970 81818 81673 81509 80058 78938 82200 80058 82126 83231 87966 82357 84653 79022 80042 84817 81274 82326 84857 78886 81947 85481 80048 86497 82307 
89188 84528 88807 84735 90524 83478 87243 88813 87711 91984 81954 83330 83497 83920 87037 86108 86938 85102 82733 85869 82460 86746 85306 84777 89774 81720 82864 84025 83958 83727 
86643 84665 90874 94492 93982 86765 88678 84271 85900 90193 86451 89147 86507 82621 84451 90476 92148 96961 88270 85473 84486 86833 88907 90270 88621 83804 88587 90705 87274 84913 
95071 93320 87806 91949 91130 88803 91486 90262 84085 97501 96352 90261 95552 89629 91629 86078 92043 87172 89047 96099 90347 88946 89309 91019 93440 89570 89216 90462 94127 93093 
95335 96960 89138 92321 91180 99386 97477 90373 93157 96498 97179 93915 98686 96279 93258 89281 91718 96553 97749 88780 91494 94578 92395 91094 92722 92918 89240 94285 94928 96848 
101865 98172 95164 98327 97429 95586 101004 95224 95770 90524 95694 94127 100121 98263 93543 97453 98607 92743 95752 98802 98414 95962 100305 102446 97198 93367 97412 93943 94199 97328 
99025 99534 102907 99061 96018 98277 102840 100178 92690 98915 96623 98694 93960 100679 99685 98461 99717 98639 102551 99142 101741 99130 100973 98771 102897 102198 99260 100269 99925 94998 
105102 102307 107307 101674 101149 99734 101251 100118 98427 103093 99649 102079 100100 101805 100154 104214 100177 102785 103762 104114 103932 104971 103550 97810 101813 100629 105029 98394 104059 101773 
105516 101078 107524 104491 108001 107726 102630 103533 101251 103525 107058 99308 104123 103950 105598 105668 105998 104271 104726 102363 107196 104858 98063 106314 99607 104508 105018 105881 101289 104421 
106950 107669 105526 103416 105439 106398 106203 107140 108625 110065 107849 105476 104949 108064 109249 110160 108821 110844 104694 107278 106966 107504 107080 108320 106457 108773 107199 109540 106314 109499 
111719 108834 110029 108193 111058 107308 108867 108085 110365 107536 106335 108785 105182 108952 108021 111282 108642 106042 109624 111050 110441 110327 111044 110401 110234 103327 110849 110224 109647 110541 
113261 112892 110343 111978 111707 112659 112727 112778 112951 111945 107140 114128 106621 109777 112027 111476 109871 113118 112279 111381 113081 112482 112355 111509 111481 112448 113214 114411 107381 114473 
114582 114875 115107 114164 116466 114441 113419 114345 114783 114400 113566 114523 113812 115113 114440 114704 115136 114633 115303 114405 114879 115574 114996 113367 115419 115128 114797 115672 115010 115203 
116736 116430 115765 117121 117602 117570 116771 116527 116673 116940 116962 113141 116552 117010 117672 116817 116562 117700 117362 116546 117459 116884 116352 112128 117000 117256 117333 116556 116300 116993 
118933 118945 116141 119032 118662 118760 118836 118741 117609 118663 119111 118768 118843 118879 118894 119257 117629 116806 118859 118112 118858 119089 118968 114345 118794 118816 118565 118818 118435 117636 
120443 120411 120459 120440 120364 120403 120521 120410 120380 120531 120401 120349 120315 120456 120360 120456 120466 120412 120417 120534 120496 120429 120409 120434 120530 120484 120467 120483 120508 120477 
147447 165063 148312 154400 156222 154035 146072 163850 159293 148827 157915 152406 156181 151879 148711 162755 152375 150160 148146 144473 158379 166724 159880 150160 173247 160957 150324 152423 153205 152554 
147806 149439 150653 147685 146304 146893 157432 144621 156376 158149 152433 153218 149790 155365 150549 156113 163954 161508 160936 155230 150638 148358 150612 152909 158108 152840 153989 167922 150464 149240 
162670 165734 163276 151091 156271 154057 153887 149818 158163 161850 153817 150330 146462 151930 162281 150614 162596 152493 156432 148238 157065 150100 156537 148896 153560 151111 157091 159856 154464 171321 
165599 146323 154250 151274 156866 151390 151433 157654 169848 159996 147453 158800 158064 158338 148009 157954 153606 157599 158858 152618 156718 152068 151461 151161 156383 155793 166218 159911 157897 153942 
156829 164305 163008 151320 154708 161826 159425 142666 154713 165422 162346 150024 163267 153234 155918 151321 146550 151872 152386 160196 153356 150061 153278 156149 156629 166258 155907 154331 149732 154638 
154656 157137 160446 157545 157193 177618 147369 159502 151094 157352 150747 161899 152061 149513 155420 156441 154928 149430 161897 155735 159001 159731 157749 153370 160093 147680 149219 152327 158966 153123 
158645 161209 172806 165884 161873 149724 163586 147377 154929 167434 153245 153544 159844 157232 152105 162662 169088 151802 158013 149617 149996 150120 157011 174213 174697 167139 155230 158865 159216 157372 
153946 150556 148394 157361 151412 157941 167556 153551 170376 164528 147190 152306 155242 153399 162434 156557 151949 149410 155545 156739 146970 149320 148535 153620 150437 150168 167884 150731 153983 151667 
157285 154560 169306 160661 150606 154959 154273 159763 168841 160028 155383 149383 164520 150789 145882 155356 152309 160082 152106 152378 150742 151319 152079 159633 161026 152815 155230 157016 152861 153367 
157739 168996 155104 166478 157360 148484 149801 153641 152617 155495 169413 157056 164551 164218 156981 159135 161049 153506 159927 149188 147330 164285 145825 154372 152481 158016 153638 150477 154419 154386 
152609 148522 147886 166682 152381 151243 156159 146912 159902 151429 155199 157441 167934 147219 146639 153838 162918 149949 159649 155730 150330 160296 151726 159798 151468 153728 163520 146722 161901 157574 
155646 178415 154007 168800 157609 153409 157120 151472 147669 162894 154201 158835 155174 143057 146849 154404 163531 158225 153363 159217 153708 147884 156377 149786 155966 156412 156288 164053 150168 160480 
158304 151140 151305 155165 148312 160803 157189 150349 161784 152785 143914 167578 150663 142730 150011 163765 150126 154671 146003 171105 160523 151643 151455 156329 154236 144292 160357 158210 159757 154587 
159955 153407 161478 162780 158242 153071 155589 160698 160387 148801 161173 173182 148961 150426 157265 144782 164513 158297 153182 160249 158825 148319 154784 155375 148055 160757 161545 149780 157119 159131 
155437 159555 160374 147677 154625 151027 159368 157695 157210 157995 164173 173074 157329 148098 148394 153490 160109 163697 149897 154392 147800 152972 163716 146443 149985 164237 156318 160690 151307 151203 
151920 154449 152799 148680 163435 154447 157312 152138 169625 161517 150832 151137 151146 144289 168413 156955 163285 147815 156202 162769 160549 155653 158758 149013 147580 161346 165539 150412 152107 151833 
150261 163332 159566 155869 155124 151480 150225 153119 156458 154424 167860 151693 152633 182262 155935 153390 152629 147072 151201 146551 151846 159579 151797 162735 152409 148957 162793 174433 159438 165707 
159995 157368 142036 158687 158665 156239 149129 159595 160420 157361 143468 151451 167720 155442 156295 157455 173880 150171 168495 155471 160234 170812 157091 152767 169671 166101 153277 150560 152888 165711 
150768 146571 154539 153066 157496 161821 172519 150376 156214 153497 157259 156510 158974 158823 157751 148835 161452 178526 146878 170559 154417 177162 151408 156166 158741 159861 153036 151350 158155 157282 
149615 173887 150029 148740 154887 170844 154633 151005 156061 155212 150264 164966 160533 158250 158118 160750 153334 155504 149689 150403 157260 157046 151115 157231 152941 144539 152583 158135 159750 150415 
158154 146029 153492 154032 157356 162710 154633 149534 155402 158210 156489 155902 149627 151092 148520 159163 146815 159626 155558 148837 152975 150049 155808 158104 157643 148585 150624 152161 160172 163943 
56407 56407 56407 56407 56407 56407 56407 56407 56407 56407 56407 56407 56407 56407 56407 56407 56407 56407 56407 56407 56407 56407 56407 56407 56407 56407 56407 56407 56407 56407 
57798 58970 61500 58167 65463 58409 57745 59476 63713 60888 60448 58852 60469 58907 58155 59434 61462 59643 61302 57766 57816 60036 58817 58038 59354 58047 68198 62346 58779 63263 
65357 63095 65862 62517 67571 63238 65080 65358 72434 62779 65759 72602 67031 63924 71302 63170 71314 61347 63503 68285 63279 69444 64064 71054 65366 64163 70153 65405 64703 63631 
70695 67202 67725 66183 70912 67704 69421 69292 73344 70734 69254 67587 69390 73638 68858 66725 71191 73332 66638 69816 73727 68914 66649 77645 70718 71800 69933 68751 71882 70651 
83111 80244 76136 73617 74480 77082 77047 80028 76710 79213 77739 76856 79084 82240 77652 75973 79513 74122 78130 74000 78154 77722 76378 75936 71151 76833 81707 76534 79375 77260 
83695 88708 78976 80892 86341 80327 79529 80455 82088 79363 79730 82734 79845 82252 84845 82739 81378 86672 79236 80336 83858 79578 81426 84814 78275 78391 83146 79466 82278 82122 
92530 90114 93814 90151 91338 87187 88838 91593 90385 94510 86115 84705 88453 86901 91642 87544 88183 89169 87241 90555 84704 89999 89445 88821 95150 85649 84620 86802 89459 86823 
98054 93860 97411 102034 103232 93224 94505 90966 92675 96022 94737 95790 94952 90287 91839 99346 100314 101394 96792 92137 92858 92973 95709 94778 96832 92691 97298 100184 95124 91310 
103264 105655 99196 102985 100056 99194 104053 98611 95743 108191 107757 99084 106377 99391 100914 95532 100750 97714 99122 104884 99896 97906 99111 100725 104809 103178 99835 102074 105401 100839 
108924 110714 99752 105848 103957 111942 112157 106097 106773 110393 110780 105520 110814 111153 106312 101303 104287 110199 112494 103998 106699 108437 107864 106898 107062 108111 104065 110117 108972 111073 
116961 117952 111373 110695 114554 112691 115914 112803 110688 109136 111483 112125 114799 114719 110492 112669 116160 109428 114462 117121 114697 116346 119813 121953 114152 108733 113516 110300 112235 109982 
121855 120138 124917 117115 117070 118465 119929 119850 114575 118559 120090 120335 115667 120316 120509 119303 123148 118684 123772 119327 120623 120862 120845 118406 122662 121991 118295 119664 118829 116714 
129736 127094 129425 127353 125350 123603 125599 122500 122850 126852 122941 126196 125394 125966 124587 129033 124190 124014 127380 125835 127851 128210 128984 121340 122201 126920 128664 122522 130179 129201 
132005 128058 136380 133101 135391 135302 132851 131019 130018 131762 133507 125740 132321 132024 133024 131590 133729 131929 132033 133121 134929 131609 124572 135501 125843 133064 132538 134953 130302 130929 
137964 138347 138503 134228 138362 135344 138443 138925 140080 139893 141083 139022 138144 137513 140634 141528 140489 142341 139002 137302 137764 138287 137411 137918 137177 139493 138340 141028 135530 141941 
144875 143874 143885 142880 145811 142410 141643 143026 143494 144799 143565 142084 140989 145390 143627 145677 142697 141015 144204 146495 146596 143796 143993 143763 144277 138413 144175 145652 145699 144901 
150990 150396 146139 148541 149717 151260 150084 149552 149307 149264 148524 152276 144063 147941 150469 150639 149201 150171 149173 148714 149388 149177 148651 149254 149742 149866 151707 152077 145880 152403 
155233 157399 154742 155084 158729 156354 155137 156080 156113 154537 152347 155748 155593 156300 156091 156197 156149 155953 156488 156319 156138 155713 155892 154093 156101 155587 156846 156399 156240 157368 
161453 161774 161145 161754 162615 161628 162145 162219 160694 160792 161826 159809 160782 162169 162355 160946 160699 163322 160878 162140 163198 160726 162080 158362 162978 163157 163070 161619 160628 162915 
166371 166038 165499 167690 166316 166375 166875 166106 166497 165499 166236 166920 166923 167123 167001 168004 165984 161927 167246 165926 167614 165967 166560 162944 166755 167752 165727 166423 166268 166532 
171242 172381 171965 171897 170862 171626 171114 172191 171831 171750 172168 172219 171997 171608 171733 172685 171661 171394 172884 171562 171780 171625 172726 171782 171830 171523 172170 171110 171274 172158 
9999 9999 9999 9999 9999 9999 9999 9999 9999 9999 9999 9999 9999 9999 9999 9999 9999 9999 9999 9999 9999 9999 9999 9999 9999 9999 9999 9999 9999 9999 
73389 80086 74342 75570 81526 75496 72725 77320 73612 79190 84617 71338 78256 73700 69868 80385 78369 78431 82895 70163 71037 83092 80092 73201 82595 72551 72594 79748 72578 78127 
91668 87414 86105 86046 88028 87408 83257 88879 80444 87295 89076 96471 90514 87161 95284 88601 89817 83427 87252 85951 86516 81452 86259 86945 89377 86193 87841 90412 87505 86489 
96439 91528 95223 94107 94786 94091 90816 94743 98361 93976 89498 90222 94168 98095 94530 91163 87851 95653 93228 89849 92987 90516 91508 92463 91677 91111 94540 90600 96206 87706 
100006 98235 99756 94099 90480 98510 92487 96795 97679 96078 98863 97077 100205 99908 95264 97539 99490 94545 99166 97554 99532 98932 95483 94848 94775 98476 96384 100299 97022 100965 
98550 102856 98003 97409 99333 96885 98711 98682 100260 99256 93923 97426 99838 97192 99457 107804 97386 100251 97686 100904 96761 99966 95003 98553 95814 99466 94974 99701 100444 99467 
105303 103555 102276 101929 104774 104994 99053 97599 95971 109085 99686 104266 102590 99457 103874 102193 107329 100793 102625 102125 98747 103903 102266 103179 102133 101445 101106 102814 102957 98628 
102818 103392 104104 109067 107778 102435 106812 101926 103329 106652 101748 104612 103830 100659 98516 104809 105487 114635 102696 102651 100947 103905 104189 108417 104660 103020 106245 106596 105654 102930 
111651 106362 106789 108397 109101 107671 105030 108077 103256 111716 109597 105826 111039 107568 106386 103352 104102 102139 101151 110626 106959 103089 104796 108250 110124 105042 106434 106101 112276 106093 
108687 112645 104886 107939 104766 113711 110666 107959 108726 112401 112215 112183 115280 111200 109756 106183 105595 109023 111778 105979 108176 111104 107681 108207 109406 108380 106330 110154 110337 114598 
115593 112994 109814 113988 114408 107782 115690 112723 111030 107689 112725 111400 115733 111754 108175 109163 110095 108974 109964 112291 113062 110988 115128 118136 111232 109701 111343 108489 109874 112789 
112933 114377 114743 111577 111161 109828 116168 116406 108212 112145 110736 113921 109067 114938 115576 115234 114067 112209 118202 111348 116058 113309 116082 111366 114842 118428 113632 115907 113919 109579 
119157 114927 119212 114638 115849 112673 115500 115920 113349 115882 111927 114747 113672 115744 111954 117527 113178 116363 116637 117106 118407 117890 117082 111914 115157 112942 117546 111606 120385 115096 
116097 115706 119292 116560 119966 119569 115278 117238 113080 115241 121371 112683 117369 116777 117546 118758 118401 116001 115593 116371 118297 118777 112668 119048 113075 115027 116452 117503 114339 118446 
119190 119384 117811 116062 117274 118564 119950 118006 120331 121939 121993 117480 117771 119023 123130 121940 121333 123189 118248 118844 118079 119642 119242 120050 118754 120527 118930 123030 120649 122746 
122388 120517 121009 120032 123412 118794 120685 119408 120909 119695 116042 118783 117501 120658 119645 121806 119851 117536 121170 123096 120910 121168 122338 121758 120943 115466 120304 120204 121095 121102 
123852 123483 120150 122944 122949 124303 122440 122936 123610 122151 118228 123208 117560 120360 121135 121789 119702 124386 122751 121033 123204 123406 122843 122242 120964 122236 122337 123807 117094 124657 
122789 123722 124333 122715 126074 123530 122456 123025 124676 123375 123216 123022 123158 124704 123961 124781 125145 123503 124491 122352 124998 123981 123619 122065 125244 123055 123398 124955 123739 123782 
125114 123889 124283 125525 126423 125121 125096 124549 124534 124724 124591 121341 124909 125267 126714 124455 125097 127246 125870 125286 125848 125067 124176 120635 125444 125784 125690 124541 124554 125255 
126373 126024 123413 126257 125351 125945 125372 126252 125257 125647 126437 125954 125937 125637 125960 126012 124315 123759 125830 124982 125368 125709 126174 121233 125558 125701 125610 125514 126100 124836 
126002 125951 126162 126130 125899 125950 125952 126036 126080 126139 126026 126102 126091 125955 126066 126075 126236 126100 126130 126050 125997 126026 126084 125985 126088 125982 126074 126008 126071 126166 
9999 9999 9999 9999 9999 9999 9999 9999 9999 9999 9999 9999 9999 9999 9999 9999 9999 9999 9999 9999 9999 9999 9999 9999 9999 9999 9999 9999 9999 9999 
24812 25089 31467 27055 32469 26776 26944 25173 34970 27218 27520 26293 31997 28022 26516 26063 31769 24687 27441 25916 26590 29273 26496 27616 25742 24462 35275 28672 25498 27182 
32823 31514 34688 30778 35649 31798 29965 36844 40099 30673 31691 38075 31831 31144 35003 30810 39485 28645 30201 40066 30835 40542 33285 39304 32118 35201 34110 32274 32973 36760 
41684 40044 35944 40161 45827 40357 41310 42518 46075 50724 39758 37155 43767 44108 38478 37276 51879 44710 35661 44194 43530 45280 35667 49464 45723 48931 43448 40245 41851 51959 
60795 57804 54129 55156 67051 56851 67417 71000 55120 67990 53754 54343 61207 69871 57665 56621 60753 56801 56118 44266 55412 51298 58685 56044 44490 56890 55355 52004 54817 53154 
71500 73084 65161 72649 84865 68176 59904 69752 74986 59299 68697 66755 65805 80631 68571 60593 65145 86757 70582 63727 64758 62681 77228 78275 61830 61173 79196 60621 72656 80975 
105430 85683 95603 83838 85921 81781 77869 75016 97382 85685 83178 70777 81203 75550 70499 71346 74149 94240 87218 81224 95074 75952 91011 75280 98661 86431 78687 84522 81533 70020 
108132 106401 107433 126432 113193 99725 90573 101914 96567 103113 89104 98040 116852 87519 98519 102511 110516 106855 105789 109726 92206 95338 88447 101060 98162 88746 100298 120787 106693 98763 
108190 112641 102893 111689 95802 119501 131627 98071 107165 102161 122534 97042 113701 121991 99951 103533 123388 111977 131560 99780 127485 130188 105406 115838 116619 119063 110823 128026 126780 127178 
125241 133122 113113 132913 136285 127677 133786 128551 142421 134112 124872 137453 123309 134260 140836 143813 135498 134491 115567 121193 119555 117241 126344 139816 119968 136110 128928 123531 122732 129660 
151448 130538 155133 139422 161103 157908 162655 143593 149131 140007 134245 162364 142117 170512 139882 165068 151371 143770 140007 146844 144059 158853 133564 146447 140213 153255 137053 152995 131549 125867 
147081 157412 172678 172997 153583 151227 165579 148410 153306 154493 152622 155899 163184 144944 172384 146900 157861 188016 179246 170503 150993 154454 144038 169016 164646 141149 161237 164549 134540 148981 
189429 170808 172106 189689 157681 173245 171651 189597 161538 164883 170679 176794 170202 189543 174185 167397 162978 171495 191161 188169 196077 194593 164683 187578 164411 183326 167946 189518 178555 173562 
197499 161664 162744 188383 206505 177157 175203 186824 169027 190075 177651 187417 190651 178405 194201 200495 167808 198149 206398 185376 178137 185152 178855 210620 190284 178858 206067 185417 173448 174686 
178235 213573 181196 183033 185805 199269 191137 207144 187599 208275 185803 190989 194852 212818 210225 211288 201079 191004 220987 182733 209448 215390 214807 222640 193436 200582 212524 177667 201446 219980 
202424 204387 218253 206051 210509 196905 228010 184768 214481 212582 207730 184896 209688 204525 220848 200289 214596 220255 215135 225761 197234 206718 231115 224043 219705 218513 196352 213479 204046 200327 
217522 231705 228289 233001 232155 217405 235587 223175 233007 221089 224686 219773 222630 231581 222625 219874 222833 212107 221608 208446 233356 231688 217452 219107 197939 233688 226607 224300 223919 238336 
237173 231543 224464 232326 232326 223766 216485 239583 244920 241258 232716 231522 221427 240723 242720 240599 217741 233481 237644 234097 225391 234004 220643 234278 241883 241598 244065 243293 227922 244595 
243363 246139 242608 243889 245801 242670 241346 246311 233990 240645 243645 250069 246420 237699 245963 243503 247006 241914 243062 241446 246576 245099 238519 238274 244037 241703 239127 238888 238174 242850 
250610 247327 245060 250733 248108 249209 245534 249693 245184 244362 248878 250542 250558 249097 251055 249836 247356 245817 251473 246871 245325 243460 249342 246543 248613 241255 247595 246795 249758 248203 
246797 244385 247604 248790 250512 248966 242795 249291 251575 243315 253648 249861 244308 249666 247568 246841 246034 246631 247502 251902 246958 249200 249535 247960 249529 245789 249806 251572 249049 249967 
19997 19997 19997 19997 19997 19997 19997 19997 19997 19997 19997 19997 19997 19997 19997 19997 19997 19997 19997 19997 19997 19997 19997 19997 19997 19997 19997 19997 19997 19997 
21609 22910 28788 22042 33454 22382 21732 24007 32541 26169 26077 22968 26841 23042 22264 23677 26585 24911 26463 21339 21477 25069 23485 21611 23240 21824 38913 30247 23026 28036 
32587 28796 33152 27229 35226 29173 30714 33786 46877 28197 33101 41893 32672 31551 41368 28504 44710 25470 27886 39631 29826 43213 32098 40252 30498 33226 39662 33777 31466 32553 
39411 36974 33439 34196 42067 36395 38839 40750 47704 46480 37815 35295 41444 46892 36677 34041 50917 44794 32498 43207 46771 40612 32991 54600 43242 49096 40063 38091 41606 49320 
66096 60310 52554 49405 61006 55775 62234 65933 54979 64844 50820 51024 64099 72776 57619 52450 60379 51157 55811 45898 56378 54706 55099 50934 39068 55520 63409 52228 60627 54117 
74262 80155 56309 66470 82524 62103 56849 65584 71481 56873 59075 64223 56455 75340 72146 65417 62822 87107 60308 55235 71440 57009 73633 77852 56447 57090 79459 56178 71564 74424 
102748 76644 95033 79992 89931 73891 82877 95764 95695 96084 71756 63610 73834 76803 75914 70658 74850 90235 80620 82231 83946 85676 87083 73507 102317 76316 72222 81459 76916 73614 
101390 93835 107068 119642 120655 90505 84968 88250 85154 99405 91836 105385 100119 75105 94245 112910 106999 115285 106069 94796 84118 90547 99888 104022 95353 76856 102617 109689 95781 87330 
118853 121477 91334 117377 108353 110812 128015 104988 87674 126375 123737 113720 129793 106459 111701 90029 120431 96064 124501 121826 115120 116306 99879 109976 116340 112575 104023 116414 126366 120088 
139277 137185 104313 127850 131050 145914 145879 107916 130260 137243 140046 121869 146294 134422 130798 121390 128470 143843 136924 106700 119648 131386 129921 128732 110155 129731 112366 136936 131118 139886 
161098 144443 143205 137792 149634 149486 161474 142190 137984 114177 122638 140792 148977 157548 132525 156131 158212 118841 148629 154359 143014 150431 160336 167027 143851 136159 151968 139421 140942 128606 
158017 164259 176416 164704 147932 164034 158982 167213 130994 164196 148104 154750 143354 166464 161575 157605 168602 174666 178848 167861 164679 167466 165628 166505 181896 170052 159288 164431 153976 136755 
195884 186784 194291 184628 180232 169326 176208 174989 153164 183003 178518 184472 175915 186358 173771 185423 177679 179802 188137 185564 190928 189164 188007 173939 165668 188158 194687 171340 187020 184725 
199216 183483 209733 198479 210043 208680 193968 199252 187762 193727 206577 168435 196025 194284 203419 197544 204368 201487 203962 193504 209361 192621 160118 202469 176673 201471 201692 203800 182180 193387 
217032 207681 209748 204071 209619 204433 212916 214360 222727 226322 217871 217394 199795 211239 214873 232466 224926 230212 204475 216405 214396 215040 221392 222521 214036 223427 217408 223050 193981 228962 
236756 224666 238510 225208 240693 223526 225451 227091 239691 227492 218292 228534 209807 225113 220048 241437 232581 212659 229511 237976 240536 229208 233164 239247 235086 210379 241400 231647 234811 236947 
250867 248848 236459 241039 247180 252830 252554 251642 244711 250832 231243 257821 220677 245651 245848 245894 241807 253199 247734 244046 250191 250432 243643 249346 245820 248008 253674 256767 228739 259078 
264866 266745 269983 266620 276366 267046 251650 265519 266730 263750 263865 263933 258258 271585 257819 267660 270932 266448 271275 266376 268241 269174 271043 260967 267827 269958 263428 271524 263601 269195 
282679 279599 281200 285721 282973 287078 287217 279428 283456 282120 285609 259603 280894 287862 289633 283866 282679 286988 286118 282668 284698 280323 283697 260957 282292 287666 288453 284566 281432 287266 
297899 298536 293812 298536 297631 296524 300663 296102 293894 294161 301226 297255 298355 296118 298785 301506 296697 272661 296126 294797 298245 296219 298729 276105 296764 299191 295241 297278 295646 293849 
313519 309376 313638 308427 309037 309804 311211 311377 307846 310609 310429 308895 310827 313137 311171 313365 309055 307736 311840 310036 310144 310624 309119 312025 311655 310472 311091 310696 309287 310310 
19984 19985 19989 19985 19991 19988 19984 19988 19991 19991 19982 19992 19989 19988 19989 19991 19987 19984 19990 19986 19990 19993 19989 19991 19989 19992 19989 19986 19986 19989 
21937 23275 30875 22435 37545 22646 21941 25317 34752 27885 27201 23062 27872 23533 22566 24145 27494 25617 28036 21570 21731 26352 23753 22087 23864 22079 43729 32083 23787 29046 
34380 30319 35692 28530 37446 31073 33009 35652 51491 29307 35551 45936 34398 33402 45178 30136 50092 26219 29104 43242 31214 48454 34022 43997 32664 35671 42925 35444 33597 34734 
42951 40408 35609 36271 45135 38460 41723 44640 52287 51556 40987 37639 45079 50213 39320 36643 56837 48977 34827 46707 50564 43906 34809 61574 47308 54789 43112 40797 44531 55127 
73956 66290 57668 53363 68649 60507 68885 73658 60010 74627 54746 56112 72493 85708 64445 57848 68374 55577 61017 48807 59912 59207 61424 55497 42576 60880 71035 56229 66057 57609 
84624 88262 60853 73501 95736 69437 62506 71457 80351 61933 64695 72123 61310 85379 79910 73034 68988 99219 66357 60402 83144 63198 83395 91013 61156 61897 91473 61812 81046 85021 
118383 82819 108315 89202 101143 79319 92305 106760 107898 104976 79101 68543 82056 85088 83286 76372 82167 105673 89881 93282 95282 95374 97334 79930 114681 89169 80253 92014 84589 80697 
116069 105575 122207 136017 137561 100345 94696 97615 96397 112545 99881 121151 113135 81935 104149 126663 120063 127812 125185 106915 92754 101727 112280 117082 107359 82939 114638 124091 105776 97461 
135139 135498 99997 131227 116512 129096 148168 114150 94703 139747 141000 123470 143138 120757 126133 98753 135689 108094 141607 136687 130054 135924 111301 125233 132655 129127 116993 134035 144506 142641 
160539 154968 115746 149235 152629 173298 170152 117950 153794 156867 162127 138486 167332 148845 151368 139712 149284 168518 148455 119504 134326 149779 149265 145062 121587 145124 124813 152930 144786 157920 
185874 159409 166649 156928 166353 173657 187646 161378 161075 126052 134732 162803 166288 187357 143992 182849 182205 132855 167814 171647 157710 172648 175513 189227 161005 157956 174102 162907 153397 140906 
176535 187342 205550 192141 164020 190115 181291 188207 149080 189447 170727 171051 161457 192207 182924 171061 196871 199929 206248 198696 185674 189325 179531 196973 212102 186625 184295 184683 167015 151645 
231984 217873 226072 211469 201851 191388 205969 199765 166568 211225 207801 212468 200987 213607 203214 209287 198597 201275 216487 218784 232249 220479 210557 198402 190413 220992 222875 196127 210324 209017 
232788 199630 241227 231466 249661 246832 216170 227202 209655 220124 243253 188612 223981 217055 241538 225720 242628 229793 250773 220313 235775 216076 181096 239299 205268 236537 230471 234472 206776 226302 
245575 242779 244173 228818 242108 236447 245270 254808 260775 260332 246642 249802 227371 246044 249196 273047 260073 262879 235007 244488 248102 247158 273621 270152 241767 255501 253249 254205 220470 271032 
283546 262338 272768 261393 289240 257780 266072 246227 280595 263773 255929 270159 240649 257850 253497 284230 265020 248526 262741 277911 276090 262369 267730 281676 282116 240358 269252 273266 269962 273733 
286179 285412 282537 277106 292374 293132 296198 287936 283525 297973 267499 294723 242077 272551 273975 279406 279205 299375 288296 278007 292735 294973 270163 286049 284685 286463 297527 303114 261575 297309 
324730 303682 313526 307215 322383 310276 285925 316293 325644 311300 319037 314136 296803 321356 307220 306125 318803 318470 329263 307745 310370 319983 325674 306645 325129 320453 312440 312874 313351 321512 
329967 322565 322632 341168 328829 331542 335018 327097 328598 326112 327808 306004 334029 338051 344044 341062 323746 336719 332052 331116 338749 337203 322775 307143 334213 330123 336458 320613 349616 339481 
344854 350588 334759 343625 358824 354659 352458 340604 338662 351415 350267 354843 349649 368177 353986 359815 342907 322180 347877 347619 345919 351101 357249 324784 346071 347560 353059 350061 358581 353232 
374558 364956 374324 356400 362384 354665 365557 376439 361214 360452 365285 371655 368844 375726 360844 372182 360099 383948 367900 374140 357055 374923 358814 375844 366200 368741 371917 360986 361658 369536 
9999 9999 9999 9999 9999 9999 9999 9999 9999 9999 9999 9999 9999 9999 9999 9999 9999 9999 9999 9999 9999 9999 9999 9999 9999 9999 9999 9999 9999 9999 
21446 26006 30658 22085 43409 23681 21693 24868 33655 26881 25972 23965 28999 24037 22435 23844 30486 24949 28113 21564 21495 25993 22922 21990 23501 22169 95473 33202 23276 28668 
40508 29626 38231 27701 45146 29534 35451 39543 54200 29732 37156 60979 35378 33409 56562 31972 51173 25524 30398 46471 30815 44972 33764 59312 37855 33180 44601 40924 39581 35848 
57124 38511 40371 37484 53607 43843 48161 45899 91838 67424 39633 37065 51877 63142 45699 36368 68560 58229 35021 89309 55057 41349 36693 84272 54014 55953 41410 41537 57588 45699 
92540 112238 67455 52074 80790 76081 76534 109085 70997 81071 74153 76341 108686 105948 72558 66069 105169 55953 96631 53945 97452 71411 71969 54739 49239 68141 133056 77624 81810 80596 
89290 111603 70000 89374 113335 83164 66341 126036 99205 73447 59387 71000 69164 100402 77760 91943 75260 93073 68574 79256 95924 62826 105169 129272 59278 81672 166472 62286 115531 108320 
203285 97444 199791 107413 128506 108142 103224 124341 194317 127823 78663 76229 97608 94358 89944 96248 91524 134220 106059 112853 96307 121826 109930 123242 161480 95322 84703 107401 125426 79506 
131807 106532 217502 230377 266902 121183 120856 101445 116356 155361 112973 115720 144342 87836 95561 247628 172726 199247 172764 116611 97721 133548 120622 135556 112862 110037 190720 192824 124499 92999 
171959 210899 127406 173495 141256 151044 193548 138740 112357 149110 201870 126908 217841 146344 151837 111066 201908 120005 140649 155230 162313 142665 124008 132724 184251 162287 141952 141322 201865 152173 
219417 248034 112631 144458 142574 253326 226799 151837 164108 166512 173118 176768 203747 176845 189965 135387 153174 191696 180811 118226 146803 151506 243960 176188 148976 186029 140926 203182 160102 169949 
263354 209172 198361 170742 198975 208712 288753 162799 210794 147917 162694 195298 233910 215072 141496 202944 211852 167262 175402 228161 188643 194026 213864 258758 176448 159377 204300 182108 230735 156268 
208809 212172 262938 194206 188911 191473 215399 224530 163834 248516 176065 208058 157062 192229 226297 206324 196573 188444 246535 204502 221960 234363 218919 200514 240476 215124 266759 223518 186160 167020 
243965 201473 259513 272416 235428 234087 233316 215128 181672 204086 183823 191887 244954 214359 198360 248205 207367 258845 246941 259722 230708 276928 241915 200745 182857 232205 242826 203907 255450 262577 
271718 206220 236179 221793 282644 271955 208889 207657 185682 217642 260448 209929 259343 204660 272074 263668 228815 252824 226959 230534 244716 216325 166168 280736 193290 255166 263618 251083 207414 220723 
270697 251984 220049 234349 229351 245405 250142 269211 245056 291884 240665 226410 238869 263722 254111 290146 252971 285147 246815 252924 267027 251573 232450 256862 249760 257478 251753 242552 229860 267511 
264358 273082 270127 235582 267448 250318 243205 236970 285975 283953 221290 229952 236278 261292 261804 268911 246785 227452 255326 284149 250550 253574 280162 299622 258248 220236 245232 265973 269775 273192 
289891 297875 252863 283078 280728 274843 276519 294144 271813 269286 254852 290823 237549 279648 275006 280497 278210 263320 275714 256984 277146 299124 275814 282751 256550 282882 277953 275884 235071 305071 
288621 278243 282033 299858 290527 270407 252003 277305 285002 293431 264973 275378 257147 305199 292397 305364 274727 281434 289239 286182 291319 279369 292327 269764 294271 303567 285974 298741 278043 299361 
296782 289687 292266 296604 297253 294982 291636 293947 294953 293644 302413 272836 292341 297265 304849 284552 293633 306997 299585 294392 301914 292478 301368 262804 292067 299903 296674 295838 281249 294788 
302707 306087 297748 307331 300369 303720 304492 302581 300401 301562 301826 299403 300736 297951 303801 308339 307412 268344 303388 305553 305071 306275 302492 278667 302654 302554 298575 299780 299713 296971 
309968 309648 310873 309503 308926 309737 309587 309858 309472 309874 310131 310269 309366 310041 309545 310906 309242 308131 309826 308190 309917 309608 309628 310146 310048 310473 310215 309048 309192 309515 
19977 19975 19980 19982 19978 19980 19991 19974 19983 19987 19985 19975 19977 19988 19984 19973 19979 19982 19971 19985 19973 19984 19980 19984 19983 19978 19982 19980 19974 19982 
20648 21003 20527 20900 21015 20956 20663 20605 20779 20792 20534 20737 20777 20576 20551 20823 20867 20855 21583 20684 20663 20838 21605 20600 20587 21028 20799 20581 20974 20591 
22824 22361 24315 26227 23421 24252 23822 22654 22762 24449 23887 24242 25784 22997 26510 25763 22493 27841 23526 28406 23745 23740 22741 23148 23734 23926 23083 24768 23538 24640 
31299 29355 29008 27053 29152 26229 28370 33505 30077 30753 29015 25136 30735 26275 24755 27921 31673 28933 27033 27133 28435 28333 27899 27554 27623 24756 27676 27519 26106 25877 
35429 30672 29967 34023 35496 32949 29567 31952 38816 35535 35171 32582 29714 38625 33819 32769 39163 36988 39647 34354 30895 35743 35242 31658 30065 30426 29418 33092 31403 37582 
34026 35690 36223 36603 43013 34292 42008 35717 42952 37407 35290 32587 43209 41942 31073 37713 46989 46242 35993 45115 42705 36564 38498 37906 41419 35883 31943 39052 33890 44379 
45207 42694 50050 48738 42072 49954 40423 47028 52299 44242 43906 48122 49861 38212 47890 50625 41906 39126 49436 45149 51549 41531 50330 46004 47955 43060 46195 41565 36259 43399 
56215 49813 55834 50298 48636 57066 49777 51034 47290 55340 52284 48486 47262 51266 53451 51965 57283 50503 55066 60857 51984 51804 57501 54737 52539 54993 54317 60335 50857 57856 
65705 56669 57381 58753 60845 63212 58963 59506 52439 62953 65420 51242 54002 57222 55671 56777 54830 54094 64623 62649 58086 53090 65525 60870 63256 58419 63674 64187 53640 63831 
62350 64994 63325 65298 57779 63356 65073 66784 70319 68021 65975 71402 66046 61449 70814 71490 73542 68541 70236 69958 69276 71183 71438 71069 58355 62900 60612 63883 69967 71062 
70819 75458 78759 77158 74834 62530 71322 71967 65923 77355 80224 76565 80595 68762 79567 74778 81851 69138 79887 68087 80072 81955 81333 76982 80936 79670 66259 76891 65961 79143 
67055 84553 81217 85816 85594 85130 77452 82764 80173 78821 87433 86148 85857 79059 87128 78130 88013 73823 79652 84979 89363 83118 75239 82808 71678 89824 84938 77326 89283 81945 
96437 88713 91240 84247 96298 81370 90650 93346 90516 91112 94236 87975 89839 92809 88038 83460 94465 89417 92813 90619 91645 91543 94787 90768 87756 88822 97347 90780 89574 97840 
92905 103415 96956 103543 99393 106768 96195 104098 94371 104282 85650 99797 98255 103056 91144 101043 101890 96021 106294 100211 90307 92797 102319 96321 99984 101690 90123 88002 103791 96961 
109988 110889 109926 109351 107011 99050 112385 109537 105912 104662 110543 107723 97872 99022 108118 110941 112594 110778 96938 109385 111667 105650 103535 110770 106333 98193 113756 113109 106550 113772 
118373 108914 115682 114923 112339 105395 112117 119852 114983 118469 107376 106402 120479 120154 117484 116085 111646 118979 114762 117368 113899 117177 116841 107404 114922 113248 113279 119141 113248 119716 
108354 116656 123400 120662 123457 126821 125537 126510 127530 119392 128232 128388 127426 128760 125327 123885 112695 120887 126546 126162 128509 114832 122669 127662 125318 129336 129017 127289 121121 126448 
134226 135108 136376 128178 131350 133319 130031 133438 130755 134680 133062 124851 133607 134894 131707 135187 134706 125577 130279 134912 131567 134434 135317 136268 134610 135653 136216 135626 131918 133557 
141843 141040 139613 140539 141640 143596 144207 133524 140596 144388 143864 144960 135187 144642 144370 131516 143250 140136 142699 143082 143436 144732 144502 143639 142414 138620 143704 140727 139915 144245 
151216 149757 151261 151303 150529 151447 150700 149710 150567 149153 151952 151723 148394 150964 151558 151166 151406 152013 151930 147482 150929 150142 150643 151638 149884 150533 148137 151347 151925 152107 
159819 160248 159249 160190 160200 159308 159934 159474 160122 159887 159608 160461 159777 160199 159538 159756 159949 159878 159960 159426 159774 159617 159877 160506 159518 159504 160049 160325 159498 160563 
