MergeSort QuickSort TimSort BlockMergeSort OESM Cook_Kim Both LIS DirtyClean2    
5040 5040 5040 5040 5080 5044 5060 5269 5641 6018 7060 8696 
11052 11110 10681 10862 10666 10801 11500 10964 11101 11052 10845 10719 
3525 3525 3525 3525 3587 3547 3560 3925 4607 5850 8376 13449 
3990 3990 3990 3990 4040 4002 4025 4297 4827 5594 7273 10331 
995 995 995 995 2180 2149 4575 5872 6891 7416 8316 9245 
995 995 995 995 1574 1547 2534 2874 3511 5030 10015 15199 
995 995 995 995 1299 1297 1636 2148 3163 5523 10562 19756 
995 995 995 995 1051 1013 1057 1488 2058 3328 7106 15572 
1985 1982 1983 1979 1984 1985 1990 2117 2435 3109 5116 16137 

