MergeSort QuickSort TimSort BlockMergeSort OESM Cook_Kim LIS LIS_small LIS_treap BothAlgo_small DirtyClean2           
69008 69728 73555 78158 81052 78641 88562 87158 93238 89543 96720 96054 103531 104351 103208 108171 108866 116147 117480 118530 120449 
167516 163647 157895 154311 151256 158433 151585 151776 154319 167966 155653 152885 157634 150586 152626 147712 151837 157969 155930 150752 156591 
56407 57893 64283 74507 78042 77945 92438 95012 106565 104241 116478 114618 126801 133938 133110 142947 147723 157129 161400 167639 171782 
59520 60473 64933 71368 74449 71938 83418 82485 90626 86633 95803 95053 102816 106662 105020 110871 112678 120791 122960 124543 127703 
9999 73088 87462 90721 90625 97581 103664 100673 107685 106630 110270 111936 115241 116778 116025 120600 118196 126738 126295 125409 126152 
9999 27069 31990 54191 65720 58559 78714 111416 117529 130311 122783 155898 177223 179604 183831 223132 223808 244495 246577 249721 250688 
19997 21608 30401 53359 67508 49366 86430 107736 115881 101011 144594 129772 163128 190834 164993 206345 214891 256888 270202 280560 312230 
9999 11842 18466 34966 45015 33948 58119 78411 83695 75020 103597 95031 120925 140199 122422 154718 162443 193141 203817 211849 222385 
19987 21979 31987 60086 76248 55304 100404 129601 141944 122194 169991 157608 203932 233213 203491 256073 283302 331087 345882 344075 366144 
9999 20813 29277 53940 70010 54585 102096 111446 142492 118955 173159 178283 220945 262247 191108 242768 237075 286749 286455 289510 297464 
19982 20790 30972 30924 37013 43746 50722 69204 67722 74371 86725 101284 102680 120163 127567 126375 144688 154177 162839 172610 178450 

