MergeSort QuickSort TimSort BlockMergeSort OESM Cook_Kim LIS LIS_small LIS_treap BothAlgo_small DirtyClean2           
69005 71240 74710 74817 81008 82193 86147 88601 88264 93407 95334 96485 98533 103473 106091 109204 110499 113425 116447 119045 120482 
159684 152684 153745 153961 160459 154949 157750 157433 153198 163568 160172 152031 151139 156402 157976 158430 158101 155054 152650 153364 155813 
56405 59623 65148 68109 78290 82002 88747 95819 97350 107084 112380 117970 122662 130476 136820 143883 148390 154827 161261 167390 171856 
59520 61917 66308 66893 74324 76173 80915 84189 84561 90827 93771 96019 98820 104641 107914 111818 113975 117919 121836 125444 127551 
9995 76725 86989 93231 97089 100034 102896 104422 104787 108597 112088 111339 111454 116827 118376 120146 120751 122520 124532 125860 125981 
9995 26144 34537 39532 57097 61180 80159 97055 108066 124767 140075 150365 178476 179374 208678 213276 231741 233622 246551 249346 249915 
19995 24532 33278 35866 57301 58144 78218 91055 93276 120878 125188 137342 154143 174717 193828 211071 219892 241738 262617 282059 306637 
9995 13684 20018 23048 37681 39187 54042 64196 67307 86053 91034 100136 114496 128679 144441 157254 164369 180635 197587 213194 222692 
19987 24936 35274 39605 64709 65675 91149 107172 111711 144480 152624 168721 190514 218527 239470 263998 272156 300142 326616 351628 365444 
9995 23052 37855 37900 91156 65077 110274 120441 112307 159489 168885 165775 191147 213280 235584 246023 246069 266587 282299 292507 297348 
19981 20960 25213 32472 38506 43717 56008 61466 72733 79680 86796 99713 107031 117910 124317 135421 143364 154303 162742 171032 180798 

