MergeSort QuickSort TimSort BlockMergeSort OESM Cook_Kim Both LIS DirtyClean2        
69005 69955 74488 76210 79162 83777 85620 91161 92922 100534 105719 110509 115183 118265 120374 120478 
158481 158454 154581 151801 161602 163932 154193 154316 156930 152812 158143 151825 155202 154576 168104 154329 
56405 57386 61775 63527 66267 71896 74797 79977 85710 97779 110431 124654 141463 158222 170169 171799 
59520 60469 64978 66823 69955 74496 76952 82196 85268 93475 100422 107378 115357 121742 126887 127454 
9995 45647 60030 67316 77304 86556 92589 101235 104621 113317 117030 121332 123531 125265 126012 126030 
9995 23562 27500 26755 29150 32048 33284 39411 52296 77164 117711 169888 211965 224611 214891 214976 
9995 19099 25598 30423 42809 62668 77878 112193 126080 170599 190457 218702 244908 271082 289899 297953 
9995 11840 17667 19443 18907 21625 22526 25159 29910 38434 53979 79644 121052 176103 218741 222804 
19979 20088 20170 20356 20840 21917 23501 27064 34797 48712 75198 113754 160185 202733 230481 234612 

