MergeSort QuickSort TimSort BlockMergeSort OESM Cook_Kim Both LIS DirtyClean2        
69005 70826 71764 69646 71356 76630 77257 82563 82936 89491 91319 98060 103327 109185 112454 116082 
158422 153841 158888 152647 149978 153218 160833 152990 152937 153083 162583 155911 156394 158005 155152 154578 
56405 58238 58868 57107 58834 64281 64723 70759 72513 78516 84769 95337 105327 120072 134359 149007 
59520 61341 62314 60176 61910 67256 68109 73297 73766 80539 83225 90861 97628 105144 111443 117731 
9995 39252 40844 46706 54225 68764 73242 84558 90979 97879 103506 110056 115103 119476 121901 124155 
9995 23632 23517 21834 27725 27524 28070 30614 31831 38303 50633 75703 105872 147526 193265 207417 
9995 18562 20309 20731 22589 35794 40720 59295 73867 98855 125192 163153 185611 213897 237071 267097 
9995 13658 12853 11283 14115 19482 19292 21608 22024 24772 29613 38201 49225 74545 110533 152550 
19976 19982 20013 20042 20090 20340 20719 21396 23004 26259 30315 38770 52764 72961 100366 134723 

