MergeSort QuickSort TimSort BlockMergeSort OESM Cook_Kim Both LIS DirtyClean2        
69005 69005 69005 69005 69005 69005 69005 69005 69005 69005 69005 69005 69005 69005 69005 69005 
156678 154256 153591 154931 149850 156891 156245 154997 158739 155814 151758 150387 154809 158489 158057 149394 
56405 56405 56405 56405 56405 56405 56405 56405 56405 56405 56405 56405 56405 56405 56405 56405 
59520 59520 59520 59520 59520 59520 59520 59520 59520 59520 59520 59520 59520 59520 59520 59520 
9995 9995 9995 9995 9995 9995 9995 9995 9995 9995 9995 9995 9995 9995 9995 9995 
9995 9995 9995 9995 9995 9995 9995 9995 9995 9995 9995 9995 9995 9995 9995 9995 
9995 9995 9995 9995 9995 9995 9995 9995 9995 9995 9995 9995 9995 9995 9995 9995 
9995 9995 9995 9995 9995 9995 9995 9995 9995 9995 9995 9995 9995 9995 9995 9995 
233394 19979 103863 204426 226906 229175 231880 233448 234217 238104 232027 233549 231541 235330 235205 232744 

