MergeSort QuickSort TimSort BlockMergeSort OESM Cook_Kim Both LIS DirtyClean2    
8716 8703 8705 8696 8706 8710 8699 8683 8703 8702 8690 8694 
11164 10441 10917 11079 10657 11162 11020 10623 11091 10679 11315 11271 
13621 13434 13593 13480 13542 13523 13412 13509 13571 13397 13465 13465 
10429 10385 10410 10341 10410 10412 10379 10407 10434 10354 10394 10385 
9230 9214 9227 9215 9222 9250 9232 9223 9233 9233 9221 9230 
15290 15365 15455 15245 15250 15439 15452 15108 15576 15181 15285 15565 
19808 19694 19726 19791 19911 19707 19755 19719 19716 19630 19451 19095 
15647 15564 15594 15614 15642 15675 15612 15536 15565 15552 15587 15493 
16094 16287 16252 16009 15973 16162 16043 15998 16152 15978 16190 16005 

