MergeSort QuickSort TimSort OESM Cook_Kim LIS LIS_treap BothAlgo DirtyClean2 
19401 15231 14127 13584 13106 12878 12646 12473 12322 12194 12062 11992 11921 11841 11773 11710 11676 11626 11592 11544 11533 
23934 24636 23993 23984 24684 24103 25477 24850 25292 25191 25077 24194 24447 25000 25630 25211 24500 25120 25356 24394 24477 
28836 21100 17470 15107 13604 12468 11721 11265 10796 10464 10167 9972 9839 9632 9465 9345 9264 9158 9088 9005 8946 
20492 16512 15896 15098 14546 14322 14185 13842 13587 13044 12540 12210 12000 11628 11516 11392 11405 11258 11628 11214 11320 
38447 31174 25057 20583 17480 15545 13747 12758 11924 11088 10571 10157 9839 9443 9029 8794 8579 8314 8253 8080 7772 
49363 22309 16965 14222 12361 11056 9974 9246 8641 7994 7551 7237 7016 6669 6370 6158 6010 5845 5735 5535 5425 
54423 22585 17465 14861 13049 11977 10840 10314 9634 9004 8639 8289 8184 7711 7528 7219 7165 6968 6703 6568 6403 
48005 19120 14755 12560 11099 10204 9511 9074 8647 8316 8058 7862 7743 7531 7378 7258 7179 7081 7019 6937 6886 
29923 20111 17358 15385 14165 12921 12294 11410 10843 10369 9859 9377 9160 8786 8420 8302 7958 7745 7567 7352 7200 

