MergeSort QuickSort TimSort BlockMergeSort OESM Cook_Kim Both LIS DirtyClean2    
8712 8722 8718 8725 8700 8703 8709 8745 8696 8701 8725 8708 
11211 10570 11008 10498 10161 11279 10189 13190 10375 10422 11103 10038 
13709 13598 13660 13532 13679 13538 13671 13516 13680 13469 13599 13284 
10436 10319 10427 10384 10432 10355 10353 10326 10260 10320 10367 10309 
9264 9251 9261 9254 9243 9267 9196 9198 9250 9251 9238 9263 
15278 15035 14994 15491 15013 14733 15231 15395 15456 15342 15409 15408 
19690 19909 20043 19957 19916 19883 19733 19803 19829 19647 19382 18768 
15695 15595 15612 15836 15594 15478 15700 15797 15504 15553 15641 15367 
16696 15831 16177 16281 15699 15778 16587 16168 15981 17010 15390 15952 

