MergeSort QuickSort TimSort BlockMergeSort OESM Cook_Kim Both LIS DirtyClean2        
120468 120479 120433 120392 120460 120447 120450 120419 120404 120415 120474 120462 120477 120387 120327 119900 
151342 156587 151137 155622 160153 153553 156127 153672 152115 155831 155359 154312 156895 152729 160368 152386 
171861 171746 170950 171593 171957 172010 171402 172056 172012 172221 171721 172216 171631 171529 172118 170304 
127619 127581 127396 127666 127479 127307 127416 127609 127523 127538 127677 127630 127510 127529 127503 127124 
126100 126128 125951 126156 126006 126034 126066 125951 126066 126000 126048 126060 126030 126052 126032 125899 
213139 214049 211038 213314 213004 215166 214970 213518 214836 211594 214874 213364 214141 215322 212742 213396 
297573 297202 297585 297005 297797 297051 297614 297366 297385 296788 297073 296397 295569 292873 289076 280781 
223019 222862 222514 222693 222610 222879 222563 222648 223019 222723 222816 222664 222557 222086 219895 213950 
234292 238278 234456 237187 232601 236117 235775 231130 231885 236811 232790 232888 233121 230612 234730 228461 

