MergeSort QuickSort TimSort BlockMergeSort OESM Cook_Kim Both DirtyClean2 LIS        
69008 69008 69008 69008 69008 69008 69014 69031 69292 69491 70740 73260 73532 77270 72951 64608 
167516 150714 154742 156159 164545 151516 153568 148086 151470 152948 156873 154087 158460 171581 149922 154103 
56407 56407 56407 56407 56407 56407 56415 56452 56831 57926 60841 73050 89210 120972 177885 194488 
59520 59520 59520 59520 59520 59520 59528 59546 59846 60281 62035 67075 71521 83476 95837 94320 
9999 9999 9999 9999 9999 9999 38307 40887 61954 76370 82092 88040 90980 87844 102736 100699 
9999 9999 9999 9999 9999 9999 30703 28092 23018 24270 28648 45638 77446 82793 128873 135263 
9999 9999 9999 9999 9999 9999 13108 16661 19114 20628 23248 38401 66418 135741 284480 247234 
19984 19975 19980 19977 19973 19983 19980 20066 20010 20420 22674 28892 48346 98569 180149 203171 
9999 9999 9999 9999 9999 9999 10016 10069 10585 11359 13348 18270 20989 26752 27326 19998 

