MergeSort QuickSort TimSort BlockMergeSort OESM Cook_Kim Both DirtyClean2 LIS        
69008 69018 69019 71012 70937 80068 82267 85214 93264 95757 101696 105762 111993 116565 119534 119821 
167516 146809 149856 155585 157921 156128 157540 160154 152091 151880 160312 160489 149449 155836 148988 148677 
56407 56452 56430 58431 58354 67732 65188 73568 80763 86877 95452 103910 122899 142506 165434 165769 
59520 59536 59537 61540 61461 70745 69037 74748 82125 88158 93256 98315 107876 116094 124545 125189 
9999 40962 42167 56483 43347 69922 79384 84981 95136 100081 112340 114626 123151 125169 125566 125600 
9999 36246 16500 23255 26777 29833 30348 32283 34948 40885 50694 105680 172122 195242 212514 229164 
9999 14093 19686 20042 23471 44813 53875 90598 115794 155676 165421 191683 246596 253451 278540 278401 
19984 20026 20040 20111 20411 20420 21051 21871 24261 29101 51196 80479 153725 169339 183573 191134 
9999 10072 10064 14057 13942 20505 19048 20245 24268 27375 35305 54961 99669 131156 198687 201833 

