MergeSort QuickSort TimSort BlockMergeSort OESM Cook_Kim Both DirtyClean2 LIS        
69008 69008 69008 69008 69008 69008 69019 69059 69063 69813 72940 72674 73731 74984 77217 64608 
159115 155450 158030 147883 162146 152464 160537 153397 157895 155997 154159 152412 151038 152731 150898 152899 
56406 56406 56406 56406 56406 56408 56419 56491 56650 57829 65029 70997 87292 123982 182020 194488 
59520 59520 59520 59520 59520 59521 59532 59578 59606 60575 64971 66398 72757 81901 99864 94320 
9998 9998 9998 9998 9998 23527 23491 46302 47979 70396 77009 81400 97728 93281 112302 100698 
9998 9998 9998 9998 9998 20815 16549 25800 24873 25741 32607 41636 68041 106638 149974 135262 
9998 9998 9998 9998 9998 11394 12831 19000 19682 21107 29542 35938 55123 140041 285947 247234 
19983 19981 19977 19982 19982 20035 19991 20470 20201 20657 23217 27947 52326 94151 171935 211224 
9998 9998 9998 9998 9998 10002 10024 10139 10183 11532 15994 17562 21620 25578 21850 19998 

